,topy,boty,topx,botx,height,width
0,39,59,189,204,20,15
1,36,64,225,246,28,21
2,39,64,278,296,25,18
3,40,63,305,323,23,18
4,54,74,169,184,20,15
5,98,122,37,55,24,18
6,140,167,61,81,27,20
7,29,46,8,20,17,12
8,24,44,31,46,20,15
9,27,49,59,76,22,17
10,190,216,49,69,26,20
11,150,184,13,39,34,26
12,178,228,170,208,50,38
13,175,229,103,143,54,40
14,56,83,98,118,27,20
15,56,77,121,136,21,15
16,77,100,198,216,23,18
17,73,103,249,271,30,22
18,44,69,324,343,25,19
19,101,119,89,102,18,13
20,86,106,100,115,20,15
21,29,50,134,149,21,15
22,55,78,177,195,23,18
23,48,62,72,82,14,10
24,76,112,284,311,36,27
25,58,73,234,245,15,11
26,78,94,251,263,16,12
27,134,161,313,333,27,20
28,38,55,83,96,17,13
29,80,107,51,71,27,20
30,66,85,10,24,19,14
31,44,66,15,31,22,16
32,46,71,30,49,25,19
33,46,61,168,179,15,11
34,154,203,1,38,49,37
35,127,145,42,55,18,13
36,100,117,53,66,17,13
37,46,66,77,91,20,14
38,51,73,124,140,22,16
39,1,18,10,23,17,13
40,5,24,95,109,19,14
41,64,80,263,274,16,11
42,95,117,284,300,22,16
43,86,111,296,315,25,19
44,63,88,259,277,25,18
45,49,74,37,56,25,19
46,34,51,66,79,17,13
47,7,22,127,139,15,12
48,19,44,198,216,25,18
49,120,142,328,345,22,17
50,137,165,2,24,28,22
51,158,187,194,216,29,22
52,102,121,43,58,19,15
53,78,100,328,345,22,17
54,36,70,287,312,34,25
55,176,227,283,322,51,39
56,62,75,296,305,13,9
57,63,78,43,54,15,11
58,43,56,266,276,13,10
59,66,83,326,339,17,13
60,80,102,278,294,22,16
61,39,49,113,121,10,8
62,83,106,14,31,23,17
63,37,48,224,232,11,8
64,40,50,292,300,10,8
65,36,46,140,147,10,7
66,58,76,233,246,18,13
67,116,139,301,318,23,17
68,71,90,60,75,19,15
69,199,233,173,198,34,25
70,172,198,218,237,26,19
71,116,144,71,91,28,20
72,66,87,4,20,21,16
73,28,46,7,21,18,14
74,30,49,59,73,19,14
75,75,98,86,103,23,17
76,51,76,168,187,25,19
77,56,83,255,275,27,20
78,61,83,222,238,22,16
79,65,88,305,323,23,18
80,40,68,313,334,28,21
81,196,226,298,320,30,22
82,125,147,128,145,22,17
83,58,78,124,139,20,15
84,94,115,140,156,21,16
85,110,137,14,34,27,20
86,23,37,26,37,14,11
87,25,43,101,114,18,13
88,27,47,134,150,20,16
89,37,55,149,162,18,13
90,71,90,153,167,19,14
91,32,47,227,239,15,12
92,27,38,216,224,11,8
93,27,38,185,193,11,8
94,37,52,268,279,15,11
95,55,70,210,221,15,11
96,75,87,126,135,12,9
97,89,106,318,331,17,13
98,72,89,230,243,17,13
99,51,63,161,170,12,9
100,54,67,246,256,13,10
101,90,107,26,38,17,12
102,111,126,244,256,15,12
103,95,111,257,269,16,12
104,39,54,173,184,15,11
105,107,129,228,245,22,17
106,129,146,277,290,17,13
107,131,151,246,261,20,15
108,83,95,63,72,12,9
109,66,82,137,149,16,12
110,85,104,188,202,19,14
111,122,144,27,43,22,16
112,119,139,266,281,20,15
113,154,185,310,333,31,23
114,87,102,195,207,15,12
115,58,72,251,262,14,11
116,74,92,95,108,18,13
117,132,158,33,53,26,20
118,39,56,104,117,17,13
119,22,40,67,80,18,13
120,46,65,18,32,19,14
121,141,154,71,80,13,9
122,163,176,88,98,13,10
123,173,190,34,47,17,13
124,29,42,144,153,13,9
125,106,118,192,201,12,9
126,107,122,236,247,15,11
127,95,116,158,174,21,16
128,195,217,232,248,22,16
129,193,219,122,141,26,19
130,51,65,199,210,14,11
131,51,63,284,294,12,10
132,103,134,300,323,31,23
133,166,187,319,334,21,15
134,122,141,22,36,19,14
135,130,151,153,169,21,16
136,191,213,135,152,22,17
137,213,235,203,219,22,16
138,129,144,275,286,15,11
139,2,26,28,45,24,17
140,4,21,233,246,17,13
141,5,23,285,299,18,14
142,32,47,261,273,15,12
143,50,56,186,190,6,4
144,42,54,221,230,12,9
145,50,66,294,306,16,12
146,46,64,277,291,18,14
147,44,58,258,269,14,11
148,61,75,264,274,14,10
149,66,90,209,227,24,18
150,66,90,100,118,24,18
151,40,58,155,169,18,14
152,26,40,24,35,14,11
153,32,46,132,143,14,11
154,32,46,168,178,14,10
155,25,41,203,215,16,12
156,29,49,303,318,20,15
157,25,39,336,346,14,10
158,24,36,298,306,12,8
159,107,133,54,74,26,20
160,144,174,98,121,30,23
161,122,149,141,161,27,20
162,56,73,167,180,17,13
163,29,41,36,45,12,9
164,56,71,135,146,15,11
165,134,160,62,81,26,19
166,104,122,309,322,18,13
167,132,152,175,190,20,15
168,39,54,153,164,15,11
169,30,42,87,96,12,9
170,44,59,102,114,15,12
171,5,19,209,220,14,11
172,112,127,139,151,15,12
173,113,129,119,130,16,11
174,134,154,106,120,20,14
175,110,129,221,235,19,14
176,92,115,294,311,23,17
177,108,133,262,281,25,19
178,108,129,175,190,21,15
179,71,96,325,344,25,19
180,33,51,332,346,18,14
181,54,72,295,309,18,14
182,73,91,254,267,18,13
183,83,102,211,225,19,14
184,71,88,147,160,17,13
185,27,51,105,124,24,19
186,88,104,81,94,16,13
187,70,95,239,257,25,18
188,102,117,169,181,15,12
189,149,169,211,226,20,15
190,198,213,127,138,15,11
191,161,176,87,98,15,11
192,93,109,35,47,16,12
193,19,33,23,33,14,10
194,8,24,108,121,16,13
195,17,32,163,174,15,11
196,31,52,312,328,21,16
197,116,135,71,85,19,14
198,115,137,36,53,22,17
199,41,65,44,62,24,18
200,19,40,70,85,21,15
201,20,39,102,116,19,14
202,44,57,207,217,13,10
203,36,52,176,188,16,12
204,19,40,207,222,21,15
205,39,62,298,315,23,17
206,32,53,323,339,21,16
207,79,95,327,339,16,12
208,58,80,326,342,22,16
209,68,87,223,237,19,14
210,80,96,162,175,16,13
211,166,191,20,39,25,19
212,77,101,3,21,24,18
213,46,73,14,34,27,20
214,43,67,100,119,24,19
215,54,78,67,85,24,18
216,59,80,82,98,21,16
217,110,139,255,276,29,21
218,113,136,319,336,23,17
219,68,91,6,23,23,17
220,103,125,159,176,22,17
221,166,200,321,346,34,25
222,62,89,170,191,27,21
223,83,102,229,244,19,15
224,54,67,58,68,13,10
225,54,66,83,92,12,9
226,61,76,143,153,15,10
227,66,84,107,121,18,14
228,120,139,108,121,19,13
229,110,132,15,31,22,16
230,134,159,190,209,25,19
231,176,225,124,161,49,37
232,96,122,320,339,26,19
233,30,39,260,267,9,7
234,78,94,264,276,16,12
235,77,101,244,262,24,18
236,33,42,220,227,9,7
237,32,46,197,208,14,11
238,68,81,28,38,13,10
239,49,63,99,110,14,11
240,57,71,139,150,14,11
241,68,85,179,193,17,14
242,71,85,171,182,14,11
243,46,59,236,246,13,10
244,129,160,5,28,31,23
245,111,128,59,72,17,13
246,71,91,137,152,20,15
247,211,232,246,262,21,16
248,144,164,334,349,20,15
249,43,63,138,153,20,15
250,39,55,115,127,16,12
251,119,157,114,142,38,28
252,100,137,222,250,37,28
253,68,95,273,293,27,20
254,47,73,240,260,26,20
255,32,51,70,84,19,14
256,39,55,138,150,16,12
257,32,52,156,171,20,15
258,14,36,3,20,22,17
259,44,66,49,65,22,16
260,78,102,113,130,24,17
261,58,73,96,107,15,11
262,61,77,70,81,16,11
263,75,92,7,19,17,12
264,73,100,226,247,27,21
265,132,173,267,297,41,30
266,162,200,69,98,38,29
267,90,114,179,197,24,18
268,137,153,132,145,16,13
269,114,131,156,169,17,13
270,63,81,313,326,18,13
271,50,66,262,274,16,12
272,47,60,95,104,13,9
273,88,100,200,209,12,9
274,88,106,154,168,18,14
275,69,90,210,226,21,16
276,69,85,269,281,16,12
277,87,107,97,112,20,15
278,81,106,63,82,25,19
279,56,79,120,137,23,17
280,38,57,170,184,19,14
281,166,200,319,345,34,26
282,114,130,30,43,16,13
283,144,171,9,30,27,21
284,45,59,221,232,14,11
285,54,73,249,263,19,14
286,60,81,197,213,21,16
287,36,46,193,201,10,8
288,110,131,242,257,21,15
289,117,139,199,215,22,16
290,152,178,76,96,26,20
291,95,124,260,282,29,22
292,41,50,51,58,9,7
293,115,139,32,50,24,18
294,117,137,112,127,20,15
295,90,108,267,280,18,13
296,85,104,229,244,19,15
297,67,88,185,201,21,16
298,63,82,130,144,19,14
299,56,75,80,94,19,14
300,60,73,46,56,13,10
301,34,47,99,110,13,11
302,59,74,210,222,15,12
303,154,175,183,199,21,16
304,101,126,156,174,25,18
305,102,124,323,340,22,17
306,95,112,304,318,17,14
307,95,111,4,16,16,12
308,105,132,33,53,27,20
309,33,48,66,77,15,11
310,15,33,116,129,18,13
311,35,56,209,225,21,16
312,63,75,220,228,12,8
313,80,93,262,272,13,10
314,144,168,7,26,24,19
315,174,203,321,343,29,22
316,160,180,113,128,20,15
317,121,151,237,260,30,23
318,2,11,261,268,9,7
319,34,41,229,235,7,6
320,36,44,191,197,8,6
321,34,41,210,216,7,6
322,85,100,30,41,15,11
323,93,109,7,19,16,12
324,139,153,310,321,14,11
325,3,19,243,255,16,12
326,166,183,25,38,17,13
327,223,237,57,67,14,10
328,56,76,316,331,20,15
329,61,89,240,260,28,20
330,73,90,52,65,17,13
331,156,185,175,197,29,22
332,0,18,173,187,18,14
333,22,33,82,90,11,8
334,79,97,159,172,18,13
335,120,139,166,180,19,14
336,176,198,29,45,22,16
337,68,88,275,289,20,14
338,66,85,248,262,19,14
339,112,139,31,51,27,20
340,107,132,148,167,25,19
341,156,201,57,91,45,34
342,189,230,125,155,41,30
343,166,203,146,173,37,27
344,90,122,253,277,32,24
345,78,107,274,296,29,22
346,60,76,143,155,16,12
347,56,76,72,87,20,15
348,34,53,24,38,19,14
349,40,50,57,64,10,7
350,39,52,71,81,13,10
351,34,52,113,126,18,13
352,39,62,153,170,23,17
353,39,63,171,190,24,19
354,49,76,277,297,27,20
355,112,142,100,123,30,23
356,128,166,291,319,38,28
357,83,107,54,73,24,19
358,83,96,80,90,13,10
359,63,80,46,59,17,13
360,70,87,110,122,17,12
361,102,120,182,196,18,14
362,101,119,187,200,18,13
363,207,231,133,151,24,18
364,129,179,2,39,50,37
365,130,182,19,58,52,39
366,45,63,256,270,18,14
367,33,53,318,333,20,15
368,4,17,308,317,13,9
369,5,20,283,294,15,11
370,34,49,221,232,15,11
371,32,48,238,250,16,12
372,28,43,181,192,15,11
373,105,134,88,110,29,22
374,117,157,55,85,40,30
375,164,197,250,274,33,24
376,95,120,158,176,25,18
377,80,102,124,140,22,16
378,29,44,108,120,15,12
379,24,46,43,59,22,16
380,29,51,0,16,22,16
381,130,162,223,247,32,24
382,102,118,191,204,16,13
383,144,158,176,186,14,10
384,151,171,126,141,20,15
385,96,127,290,313,31,23
386,59,73,159,169,14,10
387,58,71,109,119,13,10
388,111,130,173,187,19,14
389,68,83,137,148,15,11
390,66,80,150,160,14,10
391,93,109,88,101,16,13
392,20,33,240,250,13,10
393,27,42,285,296,15,11
394,52,69,244,256,17,12
395,38,51,213,223,13,10
396,41,58,155,168,17,13
397,48,66,125,139,18,14
398,32,51,98,111,19,13
399,149,170,325,341,21,16
400,59,80,33,48,21,15
401,43,63,91,106,20,15
402,29,41,130,140,12,10
403,17,30,163,173,13,10
404,15,26,218,226,11,8
405,25,37,249,258,12,9
406,52,66,250,260,14,10
407,102,124,177,193,22,16
408,115,138,33,50,23,17
409,188,217,49,72,29,23
410,140,171,324,347,31,23
411,154,180,281,301,26,20
412,160,181,300,315,21,15
413,146,166,229,244,20,15
414,141,160,271,286,19,15
415,148,162,103,114,14,11
416,183,200,114,128,17,14
417,134,154,175,190,20,15
418,132,146,113,124,14,11
419,149,166,67,80,17,13
420,133,144,84,91,11,7
421,118,130,148,157,12,9
422,76,90,195,205,14,10
423,41,52,182,190,11,8
424,33,49,242,254,16,12
425,30,44,255,266,14,11
426,143,171,227,248,28,21
427,46,61,210,222,15,12
428,57,76,173,188,19,15
429,142,171,43,64,29,21
430,125,159,46,71,34,25
431,127,164,3,31,37,28
432,83,122,29,58,39,29
433,102,122,184,199,20,15
434,65,86,198,214,21,16
435,95,119,113,131,24,18
436,105,128,125,142,23,17
437,40,61,210,225,21,15
438,51,72,150,165,21,15
439,52,66,113,123,14,10
440,65,84,46,61,19,15
441,46,62,260,272,16,12
442,87,107,301,316,20,15
443,122,137,246,258,15,12
444,170,189,102,117,19,15
445,71,98,259,279,27,20
446,116,139,303,320,23,17
447,40,56,194,206,16,12
448,36,68,205,229,32,24
449,37,62,234,253,25,19
450,195,231,81,107,36,26
451,158,206,5,41,48,36
452,86,124,34,62,38,28
453,58,85,120,141,27,21
454,38,66,144,165,28,21
455,44,73,273,295,29,22
456,88,114,253,272,26,19
457,88,115,163,184,27,21
458,84,105,191,207,21,16
459,198,229,55,78,31,23
460,140,166,233,253,26,20
461,115,135,310,325,20,15
462,78,98,244,259,20,15
463,76,95,215,229,19,14
464,71,85,129,141,14,12
465,83,104,90,105,21,15
466,111,137,68,87,26,19
467,51,71,330,344,20,14
468,53,73,286,301,20,15
469,54,74,255,270,20,15
470,46,65,218,231,19,13
471,36,58,184,201,22,17
472,44,60,65,76,16,11
473,48,68,26,41,20,15
474,122,147,147,166,25,19
475,32,49,151,164,17,13
476,205,225,63,77,20,14
477,115,137,121,137,22,16
478,111,129,227,241,18,14
479,115,135,256,271,20,15
480,131,170,313,343,39,30
481,99,133,138,163,34,25
482,149,185,174,200,36,26
483,190,221,118,141,31,23
484,111,138,170,191,27,21
485,138,173,312,339,35,27
486,61,80,250,265,19,15
487,44,61,265,278,17,13
488,24,44,137,152,20,15
489,34,58,88,106,24,18
490,105,134,222,244,29,22
491,73,98,228,247,25,19
492,132,146,282,292,14,10
493,134,149,251,262,15,11
494,80,103,181,198,23,17
495,80,98,147,161,18,14
496,155,188,12,37,33,25
497,106,131,54,73,25,19
498,56,76,90,106,20,16
499,38,62,7,25,24,18
500,46,71,40,59,25,19
501,24,48,166,185,24,19
502,60,82,168,184,22,16
503,39,68,306,329,29,23
504,39,70,324,347,31,23
505,27,44,119,132,17,13
506,32,52,62,77,20,15
507,91,112,8,24,21,16
508,69,86,5,18,17,13
509,104,131,229,249,27,20
510,58,79,241,256,21,15
511,54,71,219,231,17,12
512,42,60,307,320,18,13
513,79,98,181,195,19,14
514,95,112,111,124,17,13
515,66,77,54,62,11,8
516,61,72,71,79,11,8
517,73,88,157,169,15,12
518,25,42,221,234,17,13
519,68,84,53,64,16,11
520,40,56,131,142,16,11
521,31,46,175,187,15,12
522,32,49,273,286,17,13
523,64,88,64,82,24,18
524,73,95,140,156,22,16
525,129,161,149,172,32,23
526,23,40,53,66,17,13
527,29,47,3,16,18,13
528,18,36,98,112,18,14
529,9,24,266,278,15,12
530,203,234,46,69,31,23
531,171,204,69,94,33,25
532,155,185,115,137,30,22
533,158,188,32,55,30,23
534,198,235,34,62,37,28
535,168,208,103,133,40,30
536,127,146,109,124,19,15
537,151,172,198,214,21,16
538,122,138,263,274,16,11
539,123,138,234,246,15,12
540,117,143,45,64,26,19
541,95,109,121,131,14,10
542,107,134,202,222,27,20
543,132,156,287,304,24,17
544,74,88,117,128,14,11
545,72,87,27,38,15,11
546,87,109,196,213,22,17
547,192,221,237,259,29,22
548,85,109,326,344,24,18
549,101,124,7,24,23,17
550,48,66,289,303,18,14
551,14,32,317,330,18,13
552,28,53,200,219,25,19
553,30,54,140,157,24,17
554,50,66,145,157,16,12
555,51,63,132,141,12,9
556,29,39,109,117,10,8
557,32,41,70,78,9,8
558,24,37,77,88,13,11
559,34,44,185,193,10,8
560,35,46,215,223,11,8
561,51,64,212,221,13,9
562,35,46,243,251,11,8
563,27,43,269,281,16,12
564,27,42,277,288,15,11
565,65,83,225,239,18,14
566,110,136,301,321,26,20
567,34,58,324,342,24,18
568,26,32,223,227,6,4
569,34,43,139,146,9,7
570,72,83,49,57,11,8
571,42,54,115,124,12,9
572,54,67,261,270,13,9
573,54,66,308,316,12,8
574,37,48,252,260,11,8
575,17,25,216,222,8,6
576,38,47,222,229,9,7
577,41,51,239,247,10,8
578,55,67,56,65,12,9
579,33,50,303,316,17,13
580,78,91,28,38,13,10
581,70,91,103,119,21,16
582,46,62,8,20,16,12
583,32,49,44,56,17,12
584,65,85,49,64,20,15
585,27,42,8,19,15,11
586,23,32,222,229,9,7
587,24,37,312,322,13,10
588,111,135,321,339,24,18
589,98,129,128,151,31,23
590,88,102,144,155,14,11
591,88,106,93,107,18,14
592,80,99,53,67,19,14
593,83,102,69,83,19,14
594,27,47,316,331,20,15
595,50,64,223,234,14,11
596,46,60,128,138,14,10
597,43,53,144,152,10,8
598,22,34,119,128,12,9
599,22,37,76,87,15,11
600,47,63,78,90,16,12
601,64,85,230,246,21,16
602,90,103,181,191,13,10
603,126,156,296,319,30,23
604,44,60,6,17,16,11
605,68,96,195,217,28,22
606,53,83,164,187,30,23
607,84,112,74,94,28,20
608,34,56,113,129,22,16
609,37,67,64,86,30,22
610,47,74,4,25,27,21
611,104,139,34,60,35,26
612,85,124,120,149,39,29
613,144,197,211,251,53,40
614,85,127,183,215,42,32
615,62,101,198,227,39,29
616,46,85,270,299,39,29
617,115,137,292,308,22,16
618,90,111,304,320,21,16
619,60,75,318,329,15,11
620,46,66,324,339,20,15
621,60,85,50,68,25,18
622,30,47,77,90,17,13
623,97,118,135,151,21,16
624,105,121,44,56,16,12
625,118,136,25,39,18,14
626,144,166,192,209,22,17
627,196,216,270,285,20,15
628,168,188,9,24,20,15
629,171,190,35,49,19,14
630,137,160,292,309,23,17
631,95,121,238,258,26,20
632,112,139,162,182,27,20
633,88,112,58,77,24,19
634,46,61,5,16,15,11
635,41,58,150,163,17,13
636,31,49,115,128,18,13
637,36,66,272,295,30,23
638,17,39,321,337,22,16
639,24,43,151,165,19,14
640,32,52,23,38,20,15
641,17,32,45,56,15,11
642,25,41,82,93,16,11
643,85,104,19,34,19,15
644,56,71,30,41,15,11
645,33,49,18,29,16,11
646,49,64,2,13,15,11
647,54,71,101,114,17,13
648,54,73,171,185,19,14
649,34,49,166,177,15,11
650,32,51,139,153,19,14
651,149,168,234,249,19,15
652,123,154,271,293,31,22
653,179,213,213,239,34,26
654,122,151,14,36,29,22
655,36,66,257,279,30,22
656,36,62,297,316,26,19
657,25,39,107,117,14,10
658,29,44,39,51,15,12
659,159,190,43,66,31,23
660,119,145,30,50,26,20
661,82,105,304,321,23,17
662,71,96,30,49,25,19
663,40,55,71,82,15,11
664,24,36,94,103,12,9
665,29,41,190,199,12,9
666,38,59,256,272,21,16
667,61,79,54,67,18,13
668,34,46,267,277,12,10
669,54,81,290,311,27,21
670,90,105,325,337,15,12
671,77,94,246,259,17,13
672,34,53,162,176,19,14
673,34,45,202,211,11,9
674,5,24,263,278,19,15
675,73,87,11,22,14,11
676,117,135,270,284,18,14
677,90,101,217,226,11,9
678,110,123,138,148,13,10
679,91,110,163,177,19,14
680,93,116,191,208,23,17
681,94,115,276,292,21,16
682,188,209,300,316,21,16
683,159,181,203,219,22,16
684,173,190,227,239,17,12
685,95,113,243,257,18,14
686,76,93,271,284,17,13
687,122,142,35,50,20,15
688,93,110,26,39,17,13
689,61,69,53,59,8,6
690,58,71,63,73,13,10
691,134,149,46,58,15,12
692,116,130,19,30,14,11
693,162,180,35,48,18,13
694,164,182,79,93,18,14
695,173,196,178,195,23,17
696,183,202,7,21,19,14
697,189,207,39,52,18,13
698,64,86,30,46,22,16
699,48,64,113,125,16,12
700,32,48,171,183,16,12
701,30,50,245,260,20,15
702,94,114,69,84,20,15
703,174,205,246,269,31,23
704,174,195,286,302,21,16
705,162,201,300,329,39,29
706,137,157,279,294,20,15
707,151,167,169,182,16,13
708,134,161,94,115,27,21
709,60,85,156,175,25,19
710,58,80,205,221,22,16
711,22,38,213,225,16,12
712,10,26,230,242,16,12
713,17,36,182,196,19,14
714,32,51,64,79,19,15
715,35,58,92,109,23,17
716,86,103,74,87,17,13
717,178,195,46,58,17,12
718,196,228,61,85,32,24
719,137,160,225,242,23,17
720,0,22,208,225,22,17
721,9,38,257,279,29,22
722,46,69,2,20,23,18
723,42,65,68,85,23,17
724,49,70,118,134,21,16
725,59,83,157,175,24,18
726,109,124,117,129,15,12
727,80,103,95,113,23,18
728,84,112,184,205,28,21
729,92,107,236,247,15,11
730,99,114,164,175,15,11
731,121,146,80,98,25,18
732,191,210,150,164,19,14
733,198,224,282,302,26,20
734,199,224,54,73,25,19
735,176,197,22,37,21,15
736,153,171,34,48,18,14
737,117,133,78,90,16,12
738,156,175,201,215,19,14
739,129,148,218,231,19,13
740,176,202,73,92,26,19
741,95,115,120,134,20,14
742,76,91,127,139,15,12
743,46,69,90,107,23,17
744,104,114,200,208,10,8
745,107,117,165,172,10,7
746,98,112,140,151,14,11
747,76,105,96,118,29,22
748,59,73,165,176,14,11
749,51,74,129,147,23,18
750,34,49,47,58,15,11
751,23,44,91,107,21,16
752,20,38,217,230,18,13
753,27,41,313,323,14,10
754,46,67,335,351,21,16
755,116,130,115,125,14,10
756,100,118,274,287,18,13
757,51,67,197,209,16,12
758,21,34,143,154,13,11
759,56,71,24,35,15,11
760,82,98,58,69,16,11
761,124,144,251,266,20,15
762,140,155,44,55,15,11
763,138,152,69,79,14,10
764,120,136,58,69,16,11
765,193,208,21,32,15,11
766,132,144,13,23,12,10
767,107,120,9,19,13,10
768,62,75,51,61,13,10
769,68,93,207,225,25,18
770,94,120,244,263,26,19
771,49,75,149,169,26,20
772,44,64,94,109,20,15
773,58,91,275,300,33,25
774,19,46,275,295,27,20
775,51,73,179,195,22,16
776,29,50,111,126,21,15
777,24,41,224,237,17,13
778,85,107,291,308,22,17
779,113,133,29,44,20,15
780,195,212,80,92,17,12
781,122,146,319,336,24,17
782,68,90,329,345,22,16
783,51,67,145,157,16,12
784,53,73,184,200,20,16
785,37,58,102,117,21,15
786,4,19,148,159,15,11
787,18,40,256,272,22,16
788,107,132,129,147,25,18
789,91,117,48,68,26,20
790,59,82,211,228,23,17
791,61,71,168,176,10,8
792,27,41,227,238,14,11
793,27,42,237,248,15,11
794,73,92,226,240,19,14
795,87,105,179,192,18,13
796,27,41,161,172,14,11
797,102,121,112,126,19,14
798,22,32,135,143,10,8
799,29,51,311,328,22,17
800,51,66,267,278,15,11
801,92,123,284,308,31,24
802,47,66,170,184,19,14
803,67,90,65,82,23,17
804,22,43,255,271,21,16
805,111,129,87,101,18,14
806,142,171,308,329,29,21
807,66,85,24,39,19,15
808,76,102,116,137,26,21
809,139,159,18,33,20,15
810,54,76,197,213,22,16
811,49,79,169,192,30,23
812,38,53,141,152,15,11
813,32,53,72,88,21,16
814,151,171,321,337,20,16
815,53,73,246,261,20,15
816,111,139,88,110,28,22
817,114,140,124,144,26,20
818,191,223,17,41,32,24
819,180,208,294,315,28,21
820,39,61,106,123,22,17
821,26,36,124,131,10,7
822,10,24,109,120,14,11
823,22,34,170,179,12,9
824,25,39,233,243,14,10
825,27,44,287,300,17,13
826,47,58,110,119,11,9
827,48,65,117,129,17,12
828,189,235,24,59,46,35
829,106,150,127,160,44,33
830,76,111,230,257,35,27
831,102,137,307,334,35,27
832,51,80,254,275,29,21
833,43,76,289,314,33,25
834,26,42,260,272,16,12
835,42,52,194,201,10,7
836,34,43,202,209,9,7
837,46,58,164,173,12,9
838,130,151,82,98,21,16
839,120,143,38,56,23,18
840,127,150,8,25,23,17
841,166,186,33,48,20,15
842,210,231,172,188,21,16
843,173,199,183,202,26,19
844,129,153,267,285,24,18
845,98,112,186,196,14,10
846,82,91,243,250,9,7
847,76,90,250,260,14,10
848,29,39,194,201,10,7
849,32,48,118,130,16,12
850,63,81,115,129,18,14
851,80,92,76,85,12,9
852,49,58,65,72,9,7
853,112,129,152,164,17,12
854,128,143,325,337,15,12
855,194,222,302,323,28,21
856,100,124,257,275,24,18
857,88,107,195,209,19,14
858,58,81,144,162,23,18
859,49,73,198,216,24,18
860,47,64,78,90,17,12
861,93,117,289,307,24,18
862,112,131,49,62,19,13
863,100,121,81,97,21,16
864,37,60,38,55,23,17
865,27,45,155,168,18,13
866,32,46,122,134,14,12
867,149,195,134,169,46,35
868,114,168,301,342,54,41
869,73,114,269,300,41,31
870,41,88,291,326,47,35
871,50,68,91,105,18,14
872,32,48,169,181,16,12
873,25,39,253,263,14,10
874,25,42,271,283,17,12
875,46,66,212,227,20,15
876,94,121,34,54,27,20
877,17,34,46,59,17,13
878,17,32,102,113,15,11
879,17,32,116,127,15,11
880,22,34,213,222,12,9
881,90,114,324,342,24,18
882,62,77,46,57,15,11
883,117,152,27,54,35,27
884,98,119,188,204,21,16
885,63,83,194,209,20,15
886,160,183,44,62,23,18
887,49,67,207,221,18,14
888,31,46,141,152,15,11
889,70,94,267,285,24,18
890,95,124,240,262,29,22
891,137,158,301,317,21,16
892,86,109,65,82,23,17
893,73,98,182,201,25,19
894,68,88,317,332,20,15
895,22,42,44,59,20,15
896,15,27,107,116,12,9
897,9,27,9,22,18,13
898,62,73,146,155,11,9
899,170,191,324,340,21,16
900,127,149,121,138,22,17
901,67,90,104,121,23,17
902,63,82,199,213,19,14
903,36,52,27,39,16,12
904,22,42,87,102,20,15
905,35,46,150,157,11,7
906,27,39,135,145,12,10
907,16,32,45,57,16,12
908,115,136,150,166,21,16
909,77,100,187,204,23,17
910,75,95,314,329,20,15
911,135,154,43,57,19,14
912,142,165,172,189,23,17
913,111,139,283,304,28,21
914,204,236,45,69,32,24
915,136,171,17,44,35,27
916,115,127,120,130,12,10
917,128,144,81,93,16,12
918,49,73,90,108,24,18
919,73,90,123,135,17,12
920,72,90,28,42,18,14
921,117,129,234,243,12,9
922,142,158,334,345,16,11
923,126,139,296,306,13,10
924,36,49,160,170,13,10
925,44,61,85,97,17,12
926,73,90,116,129,17,13
927,62,78,128,139,16,11
928,55,71,144,156,16,12
929,40,56,108,121,16,13
930,46,63,52,64,17,12
931,25,41,65,76,16,11
932,25,39,160,170,14,10
933,36,47,207,215,11,8
934,41,58,272,285,17,13
935,39,54,307,319,15,12
936,64,81,330,343,17,13
937,90,105,313,324,15,11
938,91,107,235,247,16,12
939,134,161,77,98,27,21
940,86,110,76,93,24,17
941,65,74,183,190,9,7
942,56,69,216,226,13,10
943,51,63,253,263,12,10
944,53,65,54,63,12,9
945,71,91,156,171,20,15
946,60,77,135,148,17,13
947,73,85,104,112,12,8
948,169,198,39,60,29,21
949,129,159,48,70,30,22
950,91,114,32,49,23,17
951,46,63,68,80,17,12
952,148,184,141,168,36,27
953,67,83,124,136,16,12
954,31,49,201,215,18,14
955,23,39,260,271,16,11
956,31,46,298,310,15,12
957,220,237,52,65,17,13
958,162,176,35,46,14,11
959,162,176,85,96,14,11
960,65,76,35,43,11,8
961,205,237,45,69,32,24
962,114,124,158,165,10,7
963,115,129,191,202,14,11
964,115,132,135,148,17,13
965,171,198,23,44,27,21
966,129,149,87,102,20,15
967,133,156,26,44,23,18
968,73,88,128,140,15,12
969,193,234,37,67,41,30
970,166,197,112,135,31,23
971,138,169,23,46,31,23
972,116,132,189,201,16,12
973,149,184,194,220,35,26
974,114,126,146,155,12,9
975,107,118,164,173,11,9
976,73,90,130,143,17,13
977,124,135,294,302,11,8
978,142,166,316,334,24,18
979,66,80,220,231,14,11
980,65,78,267,276,13,9
981,49,70,281,296,21,15
982,17,36,228,242,19,14
983,23,41,197,210,18,13
984,61,78,173,186,17,13
985,56,72,109,121,16,12
986,55,72,129,142,17,13
987,25,38,292,302,13,10
988,118,142,170,188,24,18
989,117,144,122,143,27,21
990,89,115,211,231,26,20
991,51,68,35,47,17,12
992,63,86,7,24,23,17
993,148,183,11,37,35,26
994,155,185,64,86,30,22
995,115,144,110,132,29,22
996,112,154,311,342,42,31
997,34,63,294,316,29,22
998,36,58,240,256,22,16
999,69,93,250,268,24,18
1000,74,107,298,323,33,25
1001,56,71,40,51,15,11
1002,75,91,123,135,16,12
1003,73,87,92,103,14,11
1004,27,43,133,145,16,12
1005,21,41,104,119,20,15
1006,29,46,151,163,17,12
1007,28,41,61,70,13,9
1008,30,43,20,29,13,9
1009,88,111,257,274,23,17
1010,74,98,276,294,24,18
1011,53,72,285,300,19,15
1012,58,71,147,156,13,9
1013,46,64,122,136,18,14
1014,41,59,246,260,18,14
1015,48,71,310,327,23,17
1016,45,66,215,231,21,16
1017,74,99,209,227,25,18
1018,70,97,228,248,27,20
1019,71,92,249,264,21,15
1020,37,59,233,249,22,16
1021,50,77,168,188,27,20
1022,54,71,121,134,17,13
1023,58,71,97,107,13,10
1024,67,81,82,93,14,11
1025,50,71,51,67,21,16
1026,46,65,5,19,19,14
1027,28,44,16,28,16,12
1028,154,187,18,42,33,24
1029,176,208,298,322,32,24
1030,131,164,249,274,33,25
1031,127,148,200,215,21,15
1032,140,168,113,134,28,21
1033,198,234,25,52,36,27
1034,132,168,54,81,36,27
1035,120,149,23,45,29,22
1036,69,90,27,43,21,16
1037,141,159,55,69,18,14
1038,120,142,22,39,22,17
1039,79,99,50,65,20,15
1040,44,61,6,19,17,13
1041,49,78,57,78,29,21
1042,115,139,198,216,24,18
1043,111,129,161,175,18,14
1044,85,102,199,212,17,13
1045,92,110,244,257,18,13
1046,45,66,51,66,21,15
1047,50,67,19,31,17,12
1048,90,105,42,54,15,12
1049,73,93,71,86,20,15
1050,200,223,89,106,23,17
1051,200,222,244,261,22,17
1052,124,161,198,227,37,29
1053,90,121,224,247,31,23
1054,83,114,300,323,31,23
1055,105,133,59,80,28,21
1056,61,90,136,157,29,21
1057,29,44,196,208,15,12
1058,20,41,135,151,21,16
1059,18,34,288,300,16,12
1060,44,66,247,263,22,16
1061,26,47,213,229,21,16
1062,14,34,91,107,20,16
1063,19,36,64,76,17,12
1064,20,41,28,43,21,15
1065,125,156,14,36,31,22
1066,65,80,231,243,15,12
1067,56,74,192,206,18,14
1068,60,77,166,179,17,13
1069,19,40,321,337,21,16
1070,78,101,327,345,23,18
1071,85,103,179,192,18,13
1072,159,188,46,67,29,21
1073,120,154,21,46,34,25
1074,89,114,35,54,25,19
1075,56,83,22,43,27,21
1076,22,49,10,30,27,20
1077,89,115,94,114,26,20
1078,32,54,107,123,22,16
1079,65,81,233,245,16,12
1080,63,82,255,269,19,14
1081,127,166,9,38,39,29
1082,145,181,36,63,36,27
1083,98,123,184,203,25,19
1084,68,91,53,70,23,17
1085,112,132,34,49,20,15
1086,132,170,225,253,38,28
1087,116,154,177,205,38,28
1088,75,105,237,260,30,23
1089,70,93,263,281,23,18
1090,12,39,252,272,27,20
1091,29,46,294,306,17,12
1092,33,55,311,328,22,17
1093,23,38,55,66,15,11
1094,22,40,77,90,18,13
1095,29,42,20,29,13,9
1096,27,38,-1,8,11,9
1097,56,66,35,43,10,8
1098,46,59,69,79,13,10
1099,44,60,112,124,16,12
1100,24,44,136,151,20,15
1101,29,49,164,179,20,15
1102,28,51,193,210,23,17
1103,22,38,214,226,16,12
1104,19,35,227,239,16,12
1105,58,75,128,140,17,12
1106,55,72,83,96,17,13
1107,59,74,61,72,15,11
1108,27,44,113,127,17,14
1109,33,41,30,36,8,6
1110,51,66,24,36,15,12
1111,32,50,47,60,18,13
1112,45,63,131,145,18,14
1113,32,52,142,157,20,15
1114,37,49,163,171,12,8
1115,32,43,198,206,11,8
1116,27,47,204,218,20,14
1117,25,39,231,242,14,11
1118,27,44,246,260,17,14
1119,66,84,187,200,18,13
1120,132,148,306,318,16,12
1121,142,164,322,337,22,15
1122,120,139,282,297,19,15
1123,103,127,189,207,24,18
1124,97,116,117,132,19,15
1125,59,76,94,107,17,13
1126,50,73,30,48,23,18
1127,34,58,56,74,24,18
1128,34,53,103,117,19,14
1129,82,94,242,251,12,9
1130,105,123,187,201,18,14
1131,84,101,198,210,17,12
1132,68,84,56,68,16,12
1133,45,66,21,36,21,15
1134,132,159,14,34,27,20
1135,119,142,41,58,23,17
1136,86,106,25,40,20,15
1137,75,98,4,22,23,18
1138,59,80,35,51,21,16
1139,34,54,65,80,20,15
1140,41,56,218,229,15,11
1141,98,112,214,224,14,10
1142,90,103,197,207,13,10
1143,69,84,169,180,15,11
1144,56,68,164,173,12,9
1145,58,73,133,144,15,11
1146,93,124,114,138,31,24
1147,112,135,77,95,23,18
1148,31,58,152,172,27,20
1149,34,49,179,191,15,12
1150,33,51,197,211,18,14
1151,22,38,223,235,16,12
1152,32,47,81,92,15,11
1153,27,53,94,113,26,19
1154,46,63,63,75,17,12
1155,24,46,40,56,22,16
1156,97,116,32,46,19,14
1157,92,107,11,22,15,11
1158,139,163,115,133,24,18
1159,142,163,144,160,21,16
1160,137,156,177,191,19,14
1161,111,127,202,213,16,11
1162,39,53,304,315,14,11
1163,90,105,332,344,15,12
1164,170,190,210,226,20,16
1165,193,215,157,174,22,17
1166,199,217,109,122,18,13
1167,204,225,38,53,21,15
1168,87,118,259,282,31,23
1169,45,78,255,279,33,24
1170,164,220,158,200,56,42
1171,151,202,86,124,51,38
1172,86,125,32,62,39,30
1173,82,109,58,78,27,20
1174,52,66,87,97,14,10
1175,45,58,104,115,13,11
1176,36,47,177,185,11,8
1177,29,49,202,217,20,15
1178,80,92,12,20,12,8
1179,83,104,54,69,21,15
1180,61,73,82,91,12,9
1181,105,137,216,239,32,23
1182,41,53,67,76,12,9
1183,43,53,76,83,10,7
1184,41,53,86,95,12,9
1185,41,49,108,114,8,6
1186,34,45,132,140,11,8
1187,34,49,164,175,15,11
1188,50,63,190,199,13,9
1189,45,56,178,186,11,8
1190,68,85,225,238,17,13
1191,80,91,189,197,11,8
1192,42,54,217,226,12,9
1193,80,94,252,262,14,10
1194,66,76,104,111,10,7
1195,56,66,84,91,10,7
1196,63,77,63,73,14,10
1197,50,63,60,71,13,11
1198,46,63,18,31,17,13
1199,63,84,23,39,21,16
1200,107,127,112,127,20,15
1201,85,105,156,172,20,16
1202,86,100,217,227,14,10
1203,108,135,211,231,27,20
1204,119,134,160,171,15,11
1205,140,155,131,142,15,11
1206,168,189,111,127,21,16
1207,182,208,128,148,26,20
1208,166,188,205,222,22,17
1209,210,229,48,62,19,14
1210,188,208,282,297,20,15
1211,144,166,321,338,22,17
1212,129,161,11,35,32,24
1213,118,158,35,65,40,30
1214,161,182,55,71,21,16
1215,116,148,94,118,32,24
1216,153,172,119,133,19,14
1217,127,144,171,184,17,13
1218,127,157,184,207,30,23
1219,66,79,138,148,13,10
1220,67,80,155,165,13,10
1221,63,78,173,184,15,11
1222,86,102,176,188,16,12
1223,39,61,74,91,22,17
1224,33,46,164,173,13,9
1225,19,34,241,252,15,11
1226,14,29,204,215,15,11
1227,14,24,183,191,10,8
1228,27,41,131,142,14,11
1229,30,46,256,267,16,11
1230,60,80,210,225,20,15
1231,157,176,282,296,19,14
1232,150,170,326,341,20,15
1233,188,205,324,338,17,14
1234,174,201,26,47,27,21
1235,142,181,106,135,39,29
1236,38,52,89,100,14,11
1237,47,72,26,45,25,19
1238,58,83,171,190,25,19
1239,49,73,197,215,24,18
1240,49,71,238,254,22,16
1241,32,49,264,276,17,12
1242,10,36,289,309,26,20
1243,13,34,312,328,21,16
1244,71,89,52,65,18,13
1245,59,76,243,255,17,12
1246,173,193,324,339,20,15
1247,140,163,327,344,23,17
1248,105,122,191,204,17,13
1249,57,73,153,165,16,12
1250,38,49,180,188,11,8
1251,32,41,214,222,9,8
1252,139,160,54,70,21,16
1253,158,181,6,24,23,18
1254,25,40,71,82,15,11
1255,19,36,14,26,17,12
1256,45,73,15,36,28,21
1257,44,58,116,126,14,10
1258,38,63,272,291,25,19
1259,30,45,325,336,15,11
1260,108,124,238,250,16,12
1261,91,105,251,262,14,11
1262,100,117,45,58,17,13
1263,105,128,16,34,23,18
1264,98,122,58,76,24,18
1265,92,126,77,102,34,25
1266,94,115,101,117,21,16
1267,95,117,113,129,22,16
1268,85,104,135,148,19,13
1269,123,142,127,142,19,15
1270,151,176,75,93,25,18
1271,149,173,32,50,24,18
1272,135,158,0,17,23,17
1273,58,76,8,21,18,13
1274,30,40,25,32,10,7
1275,22,45,8,26,23,18
1276,47,66,117,132,19,15
1277,29,43,138,148,14,10
1278,29,44,184,195,15,11
1279,34,46,224,233,12,9
1280,39,55,236,248,16,12
1281,41,61,274,289,20,15
1282,41,66,302,321,25,19
1283,65,86,226,242,21,16
1284,51,79,189,210,28,21
1285,51,78,133,153,27,20
1286,205,232,10,30,27,20
1287,188,219,179,203,31,24
1288,192,217,251,270,25,19
1289,179,223,291,324,44,33
1290,71,90,237,252,19,15
1291,86,119,282,306,33,24
1292,94,112,108,121,18,13
1293,66,88,172,189,22,17
1294,45,62,87,100,17,13
1295,93,113,306,321,20,15
1296,104,127,34,51,23,17
1297,83,107,64,83,24,19
1298,66,77,100,109,11,9
1299,55,70,120,131,15,11
1300,173,203,15,37,30,22
1301,71,91,252,267,20,15
1302,67,85,164,177,18,13
1303,46,63,160,172,17,12
1304,130,156,192,212,26,20
1305,100,124,220,238,24,18
1306,90,113,230,247,23,17
1307,86,102,194,205,16,11
1308,81,98,166,178,17,12
1309,58,73,191,201,15,10
1310,57,68,203,211,11,8
1311,64,82,138,152,18,14
1312,75,83,37,43,8,6
1313,62,78,108,120,16,12
1314,64,80,78,90,16,12
1315,63,89,45,64,26,19
1316,68,96,15,35,28,20
1317,32,57,21,39,25,18
1318,29,54,106,124,25,18
1319,29,54,128,147,25,19
1320,114,146,75,100,32,25
1321,114,142,136,157,28,21
1322,149,192,295,327,43,32
1323,105,142,315,342,37,27
1324,71,100,329,350,29,21
1325,17,47,327,350,30,23
1326,14,38,304,321,24,17
1327,19,43,277,295,24,18
1328,41,67,239,259,26,20
1329,42,62,213,228,20,15
1330,20,37,224,237,17,13
1331,78,105,182,202,27,20
1332,66,91,128,146,25,18
1333,87,110,298,316,23,18
1334,49,66,148,161,17,13
1335,49,66,117,130,17,13
1336,42,65,75,92,23,17
1337,204,226,55,72,22,17
1338,178,197,24,38,19,14
1339,149,173,40,58,24,18
1340,119,142,77,95,23,18
1341,144,176,63,87,32,24
1342,78,98,39,54,20,15
1343,67,76,91,98,9,7
1344,54,79,162,181,25,19
1345,82,90,243,250,8,7
1346,66,80,263,274,14,11
1347,75,87,285,294,12,9
1348,64,92,291,312,28,21
1349,158,193,38,64,35,26
1350,134,154,13,28,20,15
1351,115,132,25,38,17,13
1352,96,127,30,53,31,23
1353,56,90,27,53,34,26
1354,20,41,27,42,21,15
1355,39,59,100,115,20,15
1356,73,103,70,93,30,23
1357,11,63,150,189,52,39
1358,71,96,124,143,25,19
1359,108,137,28,49,29,21
1360,77,92,35,46,15,11
1361,73,93,50,64,20,14
1362,55,68,45,55,13,10
1363,56,69,118,128,13,10
1364,59,72,191,201,13,10
1365,70,83,178,188,13,10
1366,34,49,160,171,15,11
1367,40,51,90,98,11,8
1368,22,34,101,111,12,10
1369,42,58,225,238,16,13
1370,36,56,263,277,20,14
1371,54,66,192,201,12,9
1372,76,94,223,237,18,14
1373,62,90,238,259,28,21
1374,95,110,167,178,15,11
1375,136,158,138,155,22,17
1376,135,161,157,176,26,19
1377,166,186,129,144,20,15
1378,173,195,165,182,22,17
1379,174,192,60,73,18,13
1380,181,197,23,35,16,12
1381,200,221,58,74,21,16
1382,78,97,67,81,19,14
1383,82,100,82,95,18,13
1384,44,62,91,104,18,13
1385,31,62,153,177,31,24
1386,38,49,202,210,11,8
1387,32,52,220,236,20,16
1388,32,51,240,254,19,14
1389,85,105,267,282,20,15
1390,90,107,23,36,17,13
1391,83,95,79,88,12,9
1392,76,98,95,111,22,16
1393,77,93,141,153,16,12
1394,72,89,161,173,17,12
1395,56,74,227,240,18,13
1396,43,58,263,274,15,11
1397,84,102,241,255,18,14
1398,90,110,36,51,20,15
1399,117,149,45,68,32,23
1400,153,183,10,32,30,22
1401,59,85,116,136,26,20
1402,32,51,127,141,19,14
1403,23,43,165,180,20,15
1404,21,36,205,217,15,12
1405,23,41,232,246,18,14
1406,32,59,243,263,27,20
1407,54,81,267,288,27,21
1408,61,89,176,197,28,21
1409,44,67,4,21,23,17
1410,52,68,34,46,16,12
1411,51,67,66,78,16,12
1412,34,63,312,334,29,22
1413,46,60,132,143,14,11
1414,36,48,117,125,12,8
1415,24,34,102,109,10,7
1416,26,35,64,71,9,7
1417,27,39,28,37,12,9
1418,70,85,31,42,15,11
1419,71,85,53,64,14,11
1420,115,138,53,70,23,17
1421,106,128,103,119,22,16
1422,77,96,258,273,19,15
1423,76,93,237,249,17,12
1424,31,40,271,278,9,7
1425,39,56,284,297,17,13
1426,17,27,260,267,10,7
1427,7,18,268,276,11,8
1428,71,80,306,313,9,7
1429,82,100,311,325,18,14
1430,104,132,325,347,28,22
1431,41,51,66,73,10,7
1432,48,63,-1,11,15,12
1433,44,63,24,38,19,14
1434,57,71,53,63,14,10
1435,41,58,74,88,17,14
1436,25,41,96,108,16,12
1437,22,41,116,130,19,14
1438,27,38,146,154,11,8
1439,19,39,185,200,20,15
1440,26,36,241,249,10,8
1441,24,39,258,269,15,11
1442,27,44,282,296,17,14
1443,42,65,303,320,23,17
1444,66,95,314,336,29,22
1445,118,144,30,49,26,19
1446,160,182,19,35,22,16
1447,196,231,33,59,35,26
1448,186,208,65,82,22,17
1449,147,184,90,118,37,28
1450,120,137,89,102,17,13
1451,113,142,117,139,29,22
1452,56,80,137,155,24,18
1453,49,64,156,168,15,12
1454,46,63,178,191,17,13
1455,73,81,188,194,8,6
1456,62,77,192,203,15,11
1457,55,72,206,219,17,13
1458,53,65,217,226,12,9
1459,59,70,306,314,11,8
1460,97,114,295,308,17,13
1461,116,128,327,336,12,9
1462,168,195,262,282,27,20
1463,149,186,299,327,37,28
1464,82,98,131,142,16,11
1465,90,127,189,217,37,28
1466,132,166,253,278,34,25
1467,96,118,315,331,22,16
1468,32,54,306,323,22,17
1469,21,39,252,265,18,13
1470,87,112,37,56,25,19
1471,74,104,71,94,30,23
1472,124,140,31,42,16,11
1473,126,148,149,165,22,16
1474,83,105,172,188,22,16
1475,51,77,203,222,26,19
1476,22,36,224,235,14,11
1477,28,48,196,211,20,15
1478,29,46,178,190,17,12
1479,27,45,246,260,18,14
1480,37,51,311,321,14,10
1481,38,63,328,348,25,20
1482,127,151,303,322,24,19
1483,117,146,318,339,29,21
1484,112,130,170,184,18,14
1485,141,153,67,76,12,9
1486,32,59,73,93,27,20
1487,138,172,117,142,34,25
1488,112,140,238,259,28,21
1489,95,120,293,312,25,19
1490,80,94,210,221,14,11
1491,62,80,215,228,18,13
1492,40,54,234,244,14,10
1493,31,43,195,204,12,9
1494,36,51,152,163,15,11
1495,29,45,112,124,16,12
1496,27,51,70,88,24,18
1497,37,54,29,42,17,13
1498,78,104,24,43,26,19
1499,59,80,298,314,21,16
1500,55,64,31,38,9,7
1501,37,57,42,57,20,15
1502,19,34,56,68,15,12
1503,22,32,39,47,10,8
1504,56,73,-1,12,17,13
1505,92,112,14,30,20,16
1506,71,96,27,46,25,19
1507,64,84,55,70,20,15
1508,53,73,73,88,20,15
1509,47,68,104,120,21,16
1510,30,45,111,122,15,11
1511,27,47,123,138,20,15
1512,28,44,148,160,16,12
1513,102,117,58,69,15,11
1514,129,164,3,29,35,26
1515,107,120,258,269,13,11
1516,107,133,272,292,26,20
1517,60,86,283,303,26,20
1518,46,78,241,266,32,25
1519,17,42,294,314,25,20
1520,112,139,258,278,27,20
1521,84,103,317,332,19,15
1522,69,80,242,250,11,8
1523,67,79,131,140,12,9
1524,54,69,34,46,15,12
1525,69,82,14,23,13,9
1526,102,123,290,305,21,15
1527,56,75,241,256,19,15
1528,38,51,236,247,13,11
1529,70,88,131,145,18,14
1530,68,87,39,54,19,15
1531,164,189,22,41,25,19
1532,212,228,10,22,16,12
1533,180,196,316,328,16,12
1534,126,146,333,348,20,15
1535,154,169,84,95,15,11
1536,104,123,273,287,19,14
1537,113,134,321,337,21,16
1538,126,143,77,90,17,13
1539,99,117,161,174,18,13
1540,73,88,215,226,15,11
1541,116,131,100,111,15,11
1542,78,93,242,254,15,12
1543,74,86,301,310,12,9
1544,128,144,41,53,16,12
1545,33,46,218,227,13,9
1546,36,55,49,63,19,14
1547,54,83,5,28,29,23
1548,119,146,14,34,27,20
1549,65,88,55,72,23,17
1550,25,47,99,116,22,17
1551,4,27,52,70,23,18
1552,159,191,41,65,32,24
1553,126,152,12,31,26,19
1554,112,144,68,91,32,23
1555,67,100,45,69,33,24
1556,29,58,13,35,29,22
1557,42,58,37,49,16,12
1558,62,85,132,150,23,18
1559,51,71,171,186,20,15
1560,39,61,191,207,22,16
1561,47,66,208,222,19,14
1562,62,76,242,252,14,10
1563,57,76,271,285,19,14
1564,114,126,156,165,12,9
1565,161,174,36,45,13,9
1566,119,136,234,246,17,12
1567,90,102,221,231,12,10
1568,107,118,327,335,11,8
1569,140,153,325,335,13,10
1570,102,120,95,108,18,13
1571,63,81,37,50,18,13
1572,19,36,123,137,17,14
1573,75,94,131,146,19,15
1574,56,77,201,217,21,16
1575,162,183,241,257,21,16
1576,193,214,168,184,21,16
1577,166,196,103,126,30,23
1578,146,165,200,214,19,14
1579,66,77,152,160,11,8
1580,61,78,130,142,17,12
1581,52,63,112,121,11,9
1582,81,93,189,198,12,9
1583,83,102,208,223,19,15
1584,88,103,136,147,15,11
1585,68,86,52,66,18,14
1586,61,82,74,90,21,16
1587,32,52,158,173,20,15
1588,89,107,270,283,18,13
1589,85,107,260,276,22,16
1590,98,120,317,333,22,16
1591,63,81,174,187,18,13
1592,65,88,275,292,23,17
1593,73,88,317,328,15,11
1594,63,84,139,155,21,16
1595,165,186,45,60,21,15
1596,156,193,279,306,37,27
1597,46,66,62,77,20,15
1598,43,61,191,204,18,13
1599,23,44,302,318,21,16
1600,2,26,128,145,24,17
1601,169,193,98,115,24,17
1602,132,149,322,334,17,12
1603,93,115,122,138,22,16
1604,125,151,182,202,26,20
1605,11,25,231,242,14,11
1606,198,231,196,221,33,25
1607,158,195,233,261,37,28
1608,168,200,153,177,32,24
1609,132,144,98,108,12,10
1610,129,159,47,69,30,22
1611,137,158,124,140,21,16
1612,103,128,315,333,25,18
1613,124,160,110,136,36,26
1614,88,109,44,60,21,16
1615,73,100,80,100,27,20
1616,56,79,35,52,23,17
1617,47,73,55,74,26,19
1618,188,232,196,230,44,34
1619,186,226,214,244,40,30
1620,166,207,60,91,41,31
1621,171,212,109,140,41,31
1622,57,90,101,126,33,25
1623,36,56,134,149,20,15
1624,32,61,181,204,29,23
1625,41,65,220,238,24,18
1626,39,64,256,275,25,19
1627,22,42,40,55,20,15
1628,31,49,76,89,18,13
1629,25,44,103,116,19,13
1630,84,100,4,15,16,11
1631,63,83,123,138,20,15
1632,66,76,143,150,10,7
1633,24,46,159,176,22,17
1634,73,89,207,218,16,11
1635,171,198,42,63,27,21
1636,127,168,57,88,41,31
1637,104,127,84,102,23,18
1638,94,115,104,120,21,16
1639,68,83,146,157,15,11
1640,61,87,174,193,26,19
1641,15,35,235,250,20,15
1642,24,51,262,282,27,20
1643,33,47,121,131,14,10
1644,32,58,291,311,26,20
1645,76,103,66,87,27,21
1646,71,90,123,137,19,14
1647,73,90,227,239,17,12
1648,95,116,209,224,21,15
1649,61,80,177,191,19,14
1650,51,71,146,160,20,14
1651,142,170,53,75,28,22
1652,192,212,159,174,20,15
1653,191,222,301,324,31,23
1654,56,83,277,297,27,20
1655,46,66,106,121,20,15
1656,50,69,32,46,19,14
1657,44,58,63,75,14,12
1658,90,114,16,34,24,18
1659,146,166,152,167,20,15
1660,45,67,274,290,22,16
1661,34,54,162,177,20,15
1662,59,78,76,90,19,14
1663,107,148,261,291,41,30
1664,163,192,311,333,29,22
1665,143,208,84,132,65,48
1666,67,110,196,229,43,33
1667,46,65,234,248,19,14
1668,20,36,258,270,16,12
1669,44,58,135,145,14,10
1670,68,90,29,45,22,16
1671,123,146,325,342,23,17
1672,190,217,21,42,27,21
1673,182,204,66,83,22,17
1674,173,203,95,117,30,22
1675,167,194,128,148,27,20
1676,154,173,160,174,19,14
1677,63,93,170,192,30,22
1678,32,55,246,264,23,18
1679,31,46,275,286,15,11
1680,11,31,313,328,20,15
1681,44,71,57,77,27,20
1682,32,66,110,136,34,26
1683,78,103,99,118,25,19
1684,96,112,73,85,16,12
1685,107,120,102,111,13,9
1686,52,79,11,32,27,21
1687,33,44,42,50,11,8
1688,27,42,3,14,15,11
1689,41,61,216,230,20,14
1690,96,108,245,255,12,10
1691,81,96,265,276,15,11
1692,77,98,278,294,21,16
1693,71,93,305,321,22,16
1694,41,68,320,340,27,20
1695,149,183,28,53,34,25
1696,166,204,32,61,38,29
1697,151,188,282,310,37,28
1698,133,161,321,341,28,20
1699,91,112,182,197,21,15
1700,90,112,251,267,22,16
1701,95,112,285,298,17,13
1702,76,89,269,278,13,9
1703,56,69,247,257,13,10
1704,37,49,145,154,12,9
1705,12,37,62,81,25,19
1706,32,48,194,206,16,12
1707,2,19,243,256,17,13
1708,29,47,285,298,18,13
1709,42,61,225,239,19,14
1710,81,99,58,71,18,13
1711,74,93,79,93,19,14
1712,58,69,106,113,11,7
1713,54,68,127,138,14,11
1714,63,80,143,157,17,14
1715,56,72,167,179,16,12
1716,80,100,182,196,20,14
1717,93,111,236,250,18,14
1718,115,134,207,222,19,15
1719,52,78,275,295,26,20
1720,61,85,308,326,24,18
1721,68,90,201,218,22,17
1722,115,141,69,88,26,19
1723,67,98,54,77,31,23
1724,61,80,37,51,19,14
1725,76,98,11,28,22,17
1726,164,193,52,74,29,22
1727,144,162,172,186,18,14
1728,84,101,244,256,17,12
1729,187,236,323,360,49,37
1730,51,71,191,205,20,14
1731,69,90,139,155,21,16
1732,45,63,287,301,18,14
1733,43,55,230,239,12,9
1734,90,112,289,305,22,16
1735,88,117,173,195,29,22
1736,137,169,318,342,32,24
1737,140,170,178,200,30,22
1738,41,63,260,276,22,16
1739,55,73,171,184,18,13
1740,64,83,218,232,19,14
1741,80,99,288,302,19,14
1742,189,237,301,337,48,36
1743,90,115,75,94,25,19
1744,62,80,81,94,18,13
1745,58,73,134,146,15,12
1746,72,95,162,180,23,18
1747,86,111,335,354,25,19
1748,108,131,276,293,23,17
1749,161,188,58,77,27,19
1750,164,181,265,279,17,14
1751,20,39,151,166,19,15
1752,14,30,221,232,16,11
1753,16,39,251,268,23,17
1754,24,46,289,305,22,16
1755,27,50,327,344,23,17
1756,25,41,36,48,16,12
1757,40,64,42,60,24,18
1758,39,70,99,122,31,23
1759,29,59,127,150,30,23
1760,50,68,156,169,18,13
1761,49,76,174,194,27,20
1762,85,105,157,172,20,15
1763,46,76,9,32,30,23
1764,139,176,9,36,37,27
1765,129,159,45,67,30,22
1766,56,78,67,83,22,16
1767,39,60,268,284,21,16
1768,34,56,305,321,22,16
1769,99,117,329,343,18,14
1770,78,94,332,344,16,12
1771,26,53,320,340,27,20
1772,25,40,190,202,15,12
1773,117,145,171,193,28,22
1774,116,133,223,236,17,13
1775,32,56,203,221,24,18
1776,22,39,225,238,17,13
1777,21,43,258,275,22,17
1778,20,32,99,108,12,9
1779,143,155,87,96,12,9
1780,109,121,84,93,12,9
1781,143,168,60,79,25,19
1782,93,107,49,59,14,10
1783,46,73,51,71,27,20
1784,24,34,117,125,10,8
1785,73,89,188,200,16,12
1786,54,73,116,131,19,15
1787,78,99,159,174,21,15
1788,72,91,261,276,19,15
1789,66,80,36,47,14,11
1790,112,128,209,221,16,12
1791,117,139,296,313,22,17
1792,142,160,208,221,18,13
1793,124,139,160,171,15,11
1794,116,134,130,144,18,14
1795,110,127,187,200,17,13
1796,143,162,331,345,19,14
1797,108,119,250,258,11,8
1798,205,226,61,76,21,15
1799,63,83,294,309,20,15
1800,27,47,325,341,20,16
1801,28,45,178,190,17,12
1802,36,56,65,80,20,15
1803,137,187,289,326,50,37
1804,135,188,218,257,53,39
1805,127,159,30,53,32,23
1806,126,168,5,36,42,31
1807,69,83,289,300,14,11
1808,63,93,168,190,30,22
1809,90,117,295,315,27,20
1810,136,160,306,324,24,18
1811,42,61,195,210,19,15
1812,29,50,130,146,21,16
1813,32,45,21,32,13,11
1814,14,24,50,58,10,8
1815,3,17,113,123,14,10
1816,5,17,180,189,12,9
1817,38,52,171,182,14,11
1818,112,134,172,188,22,16
1819,106,126,57,72,20,15
1820,47,63,36,48,16,12
1821,67,94,323,343,27,20
1822,44,61,154,166,17,12
1823,31,52,94,110,21,16
1824,43,63,121,136,20,15
1825,52,70,19,32,18,13
1826,97,133,11,38,36,27
1827,156,195,12,41,39,29
1828,139,167,55,76,28,21
1829,95,111,72,83,16,11
1830,78,88,88,95,10,7
1831,22,38,57,69,16,12
1832,49,68,190,205,19,15
1833,73,90,22,34,17,12
1834,111,138,13,33,27,20
1835,110,121,197,205,11,8
1836,105,116,112,120,11,8
1837,52,66,292,302,14,10
1838,17,36,306,320,19,14
1839,10,24,236,246,14,10
1840,15,32,110,122,17,12
1841,49,64,93,105,15,12
1842,45,60,71,82,15,11
1843,70,99,112,134,29,22
1844,195,220,219,237,25,18
1845,62,78,120,132,16,12
1846,67,87,59,74,20,15
1847,36,56,71,86,20,15
1848,36,54,20,33,18,13
1849,54,78,30,48,24,18
1850,142,173,87,110,31,23
1851,181,215,168,194,34,26
1852,200,228,192,213,28,21
1853,198,220,323,339,22,16
1854,143,176,316,340,33,24
1855,42,68,319,338,26,19
1856,46,76,259,281,30,22
1857,44,80,216,243,36,27
1858,29,51,135,152,22,17
1859,30,51,155,170,21,15
1860,32,51,176,190,19,14
1861,151,175,29,47,24,18
1862,197,220,16,34,23,18
1863,183,210,64,84,27,20
1864,175,203,114,136,28,22
1865,146,168,121,137,22,16
1866,115,139,47,65,24,18
1867,58,83,2,20,25,18
1868,24,42,41,55,18,14
1869,26,53,94,114,27,20
1870,113,130,111,124,17,13
1871,68,88,248,263,20,15
1872,82,100,52,66,18,14
1873,58,77,126,141,19,15
1874,148,164,320,332,16,12
1875,127,147,20,35,20,15
1876,28,51,305,322,23,17
1877,29,51,106,123,22,17
1878,121,142,204,219,21,15
1879,59,76,224,237,17,13
1880,22,41,202,217,19,15
1881,173,195,13,29,22,16
1882,87,112,314,332,25,18
1883,86,107,7,23,21,16
1884,61,83,81,98,22,17
1885,98,121,130,147,23,17
1886,67,86,185,200,19,15
1887,74,99,242,261,25,19
1888,68,101,307,332,33,25
1889,39,54,336,347,15,11
1890,24,51,264,284,27,20
1891,18,35,206,219,17,13
1892,32,44,160,169,12,9
1893,27,41,175,186,14,11
1894,116,147,322,345,31,23
1895,112,130,303,317,18,14
1896,95,109,288,298,14,10
1897,76,98,263,279,22,16
1898,90,102,232,240,12,8
1899,88,99,254,263,11,9
1900,72,83,233,241,11,8
1901,72,90,164,178,18,14
1902,127,146,69,84,19,15
1903,33,49,119,131,16,12
1904,44,56,82,91,12,9
1905,20,31,74,82,11,8
1906,36,51,51,62,15,11
1907,54,68,117,128,14,11
1908,48,63,138,149,15,11
1909,34,48,154,165,14,11
1910,41,56,208,219,15,11
1911,47,59,265,274,12,9
1912,40,68,279,300,28,21
1913,135,156,326,341,21,15
1914,87,107,289,304,20,15
1915,38,48,207,215,10,8
1916,60,74,160,171,14,11
1917,46,53,169,174,7,5
1918,32,50,139,153,18,14
1919,24,36,185,193,12,8
1920,24,45,54,70,21,16
1921,22,45,6,24,23,18
1922,48,75,26,46,27,20
1923,40,68,321,342,28,21
1924,32,46,306,316,14,10
1925,171,188,16,29,17,13
1926,171,193,318,334,22,16
1927,117,163,223,258,46,35
1928,118,144,154,173,26,19
1929,71,93,198,215,22,17
1930,39,51,190,199,12,9
1931,8,27,225,239,19,14
1932,182,212,147,169,30,22
1933,131,147,120,133,16,13
1934,113,122,159,166,9,7
1935,119,132,151,160,13,9
1936,99,115,265,276,16,11
1937,108,129,312,328,21,16
1938,115,125,231,239,10,8
1939,151,165,324,334,14,10
1940,61,83,105,122,22,17
1941,35,59,193,212,24,19
1942,49,63,234,245,14,11
1943,46,71,245,264,25,19
1944,58,71,3,13,13,10
1945,48,78,29,51,30,22
1946,24,44,54,69,20,15
1947,17,34,81,94,17,13
1948,20,49,94,115,29,21
1949,49,73,69,86,24,17
1950,93,117,57,75,24,18
1951,96,112,81,93,16,12
1952,68,88,156,172,20,16
1953,27,51,291,308,24,17
1954,18,36,328,341,18,13
1955,95,115,192,207,20,15
1956,164,211,157,192,47,35
1957,139,172,216,241,33,25
1958,110,132,119,135,22,16
1959,203,225,62,78,22,16
1960,178,195,37,50,17,13
1961,115,126,243,251,11,8
1962,113,134,280,296,21,16
1963,105,124,135,149,19,14
1964,112,121,186,193,9,7
1965,127,136,183,190,9,7
1966,111,120,161,167,9,6
1967,56,70,219,230,14,11
1968,54,70,281,293,16,12
1969,32,46,123,134,14,11
1970,33,53,32,47,20,15
1971,36,52,340,353,16,13
1972,90,113,323,340,23,17
1973,126,149,311,329,23,18
1974,146,164,335,348,18,13
1975,135,149,253,263,14,10
1976,128,144,283,295,16,12
1977,93,105,302,312,12,10
1978,74,91,286,298,17,12
1979,69,80,259,267,11,8
1980,65,80,216,228,15,12
1981,64,79,183,195,15,12
1982,60,71,120,129,11,9
1983,51,73,96,112,22,16
1984,74,90,147,160,16,13
1985,93,110,111,124,17,13
1986,90,102,33,42,12,9
1987,71,83,33,42,12,9
1988,61,73,66,75,12,9
1989,165,191,305,324,26,19
1990,166,186,36,51,20,15
1991,16,41,287,306,25,19
1992,60,80,72,86,20,14
1993,58,81,24,41,23,17
1994,73,85,50,59,12,9
1995,104,124,11,26,20,15
1996,127,151,35,52,24,17
1997,106,128,154,170,22,16
1998,78,95,207,219,17,12
1999,40,62,239,255,22,16
2000,54,74,284,300,20,16
2001,162,190,30,51,28,21
2002,159,187,232,254,28,22
2003,125,154,243,264,29,21
2004,105,122,258,271,17,13
2005,91,119,269,290,28,21
2006,80,94,185,195,14,10
2007,61,79,139,153,18,14
2008,56,70,161,172,14,11
2009,38,49,177,185,11,8
2010,25,46,118,134,21,16
2011,50,63,66,76,13,10
2012,29,46,87,99,17,12
2013,42,56,30,40,14,10
2014,41,58,6,19,17,13
2015,58,76,213,226,18,13
2016,59,79,226,241,20,15
2017,133,156,298,316,23,18
2018,111,134,270,287,23,17
2019,108,127,224,238,19,14
2020,109,127,243,257,18,14
2021,100,120,158,173,20,15
2022,75,98,125,142,23,17
2023,81,95,179,189,14,10
2024,30,49,87,102,19,15
2025,13,27,59,69,14,10
2026,19,34,121,132,15,11
2027,117,136,10,24,19,14
2028,91,110,315,329,19,14
2029,101,133,0,24,32,24
2030,59,78,41,55,19,14
2031,64,80,227,239,16,12
2032,168,187,316,330,19,14
2033,69,88,196,210,19,14
2034,35,56,111,126,21,15
2035,90,110,75,90,20,15
2036,180,209,36,58,29,22
2037,203,224,199,215,21,16
2038,190,219,280,301,29,21
2039,71,93,156,172,22,16
2040,37,64,12,32,27,20
2041,36,52,73,85,16,12
2042,49,73,31,49,24,18
2043,27,36,31,38,9,7
2044,27,44,67,81,17,14
2045,32,47,109,120,15,11
2046,29,42,133,143,13,10
2047,27,50,151,169,23,18
2048,29,37,182,188,8,6
2049,25,39,218,229,14,11
2050,31,49,266,280,18,14
2051,28,58,290,312,30,22
2052,175,189,8,18,14,10
2053,74,94,3,18,20,15
2054,44,57,11,21,13,10
2055,16,25,7,14,9,7
2056,120,139,311,326,19,15
2057,118,140,145,161,22,16
2058,114,129,197,209,15,12
2059,100,112,243,252,12,9
2060,85,101,135,147,16,12
2061,78,91,198,208,13,10
2062,147,170,19,36,23,17
2063,194,214,29,44,20,15
2064,210,223,64,74,13,10
2065,71,83,262,271,12,9
2066,146,169,330,347,23,17
2067,151,171,193,208,20,15
2068,91,112,62,77,21,15
2069,54,75,89,105,21,16
2070,72,86,241,252,14,11
2071,44,61,273,286,17,13
2072,32,44,193,202,12,9
2073,23,39,150,162,16,12
2074,30,47,224,237,17,13
2075,14,28,269,279,14,10
2076,13,32,332,347,19,15
2077,12,27,225,236,15,11
2078,12,27,44,55,15,11
2079,136,157,70,86,21,16
2080,125,138,93,102,13,9
2081,49,60,94,102,11,8
2082,35,54,66,80,19,14
2083,36,58,26,43,22,17
2084,61,79,11,24,18,13
2085,51,85,39,64,34,25
2086,84,97,71,80,13,9
2087,52,72,65,80,20,15
2088,34,51,267,280,17,13
2089,30,52,286,302,22,16
2090,35,58,311,329,23,18
2091,30,54,210,229,24,19
2092,67,75,241,247,8,6
2093,57,66,251,258,9,7
2094,129,146,61,74,17,13
2095,104,124,107,123,20,16
2096,101,126,155,173,25,18
2097,126,152,188,208,26,20
2098,84,104,298,313,20,15
2099,47,64,293,306,17,13
2100,49,68,114,128,19,14
2101,41,64,202,219,23,17
2102,47,66,242,256,19,14
2103,43,54,257,266,11,9
2104,37,51,272,282,14,10
2105,12,25,271,281,13,10
2106,14,34,236,251,20,15
2107,34,56,58,73,22,15
2108,49,71,14,31,22,17
2109,90,110,16,31,20,15
2110,137,174,314,342,37,28
2111,159,173,35,45,14,10
2112,151,164,50,60,13,10
2113,127,141,56,67,14,11
2114,189,201,13,22,12,9
2115,49,62,59,68,13,9
2116,53,68,27,39,15,12
2117,36,57,78,94,21,16
2118,28,44,106,118,16,12
2119,38,54,206,219,16,13
2120,36,53,229,242,17,13
2121,51,71,297,311,20,14
2122,78,104,91,111,26,20
2123,50,64,138,148,14,10
2124,39,50,154,162,11,8
2125,28,39,142,150,11,8
2126,34,51,4,18,17,14
2127,24,38,27,37,14,10
2128,61,84,209,226,23,17
2129,94,115,248,264,21,16
2130,106,124,270,284,18,14
2131,104,136,284,308,32,24
2132,121,142,27,42,21,15
2133,105,122,4,17,17,13
2134,59,80,51,67,21,16
2135,89,110,46,62,21,16
2136,157,176,106,120,19,14
2137,151,178,231,251,27,20
2138,118,144,174,193,26,19
2139,19,37,298,312,18,14
2140,39,51,96,106,12,10
2141,29,42,108,118,13,10
2142,22,35,145,155,13,10
2143,25,39,194,204,14,10
2144,25,38,218,227,13,9
2145,24,37,251,260,13,9
2146,36,69,291,316,33,25
2147,108,124,157,169,16,12
2148,102,138,118,145,36,27
2149,84,106,98,114,22,16
2150,65,84,85,100,19,15
2151,63,90,53,74,27,21
2152,87,105,19,33,18,14
2153,93,120,26,47,27,21
2154,153,173,7,23,20,16
2155,143,153,61,69,10,8
2156,136,156,74,90,20,16
2157,137,151,98,109,14,11
2158,120,134,129,140,14,11
2159,111,125,153,164,14,11
2160,101,117,167,179,16,12
2161,101,118,198,211,17,13
2162,63,73,230,237,10,7
2163,39,55,248,260,16,12
2164,93,102,297,304,9,7
2165,41,64,307,324,23,17
2166,39,58,327,341,19,14
2167,161,172,38,46,11,8
2168,145,155,47,54,10,7
2169,47,61,18,28,14,10
2170,49,67,26,40,18,14
2171,39,53,39,50,14,11
2172,35,41,28,32,6,4
2173,34,44,12,20,10,8
2174,29,36,37,42,7,5
2175,26,41,50,61,15,11
2176,28,37,65,72,9,7
2177,25,34,75,81,9,6
2178,23,37,94,105,14,11
2179,24,36,115,124,12,9
2180,25,36,129,137,11,8
2181,25,37,171,180,12,9
2182,36,49,135,145,13,10
2183,37,44,144,149,7,5
2184,27,36,276,282,9,6
2185,18,29,282,290,11,8
2186,18,27,295,302,9,7
2187,102,110,281,287,8,6
2188,126,142,264,276,16,12
2189,206,213,283,288,7,5
2190,222,237,289,301,15,12
2191,160,186,132,151,26,19
2192,210,219,67,74,9,7
2193,194,212,39,53,18,14
2194,121,136,222,234,15,12
2195,139,151,206,216,12,10
2196,115,126,174,182,11,8
2197,75,85,234,241,10,7
2198,110,128,318,331,18,13
2199,115,128,285,296,13,11
2200,205,221,62,74,16,12
2201,174,190,33,44,16,11
2202,148,172,289,307,24,18
2203,115,129,191,201,14,10
2204,171,195,43,60,24,17
2205,115,132,133,145,17,12
2206,134,149,310,321,15,11
2207,115,122,178,183,7,5
2208,73,80,239,244,7,5
2209,85,96,273,281,11,8
2210,59,85,294,314,26,20
2211,112,125,247,256,13,9
2212,22,42,51,67,20,16
2213,24,38,70,81,14,11
2214,21,32,92,100,11,8
2215,36,47,159,167,11,8
2216,106,122,21,33,16,12
2217,124,139,0,11,15,11
2218,111,124,57,67,13,10
2219,118,133,164,175,15,11
2220,105,127,283,299,22,16
2221,48,68,324,339,20,15
2222,25,54,279,300,29,21
2223,34,55,210,226,21,16
2224,57,74,244,256,17,12
2225,70,93,189,206,23,17
2226,61,81,149,164,20,15
2227,63,80,17,30,17,13
2228,46,58,93,102,12,9
2229,17,32,165,176,15,11
2230,22,36,249,259,14,10
2231,34,49,304,315,15,11
2232,180,199,148,163,19,15
2233,195,215,238,253,20,15
2234,134,162,57,78,28,21
2235,154,168,33,44,14,11
2236,73,90,97,110,17,13
2237,102,132,72,95,30,23
2238,100,128,23,44,28,21
2239,49,68,109,124,19,15
2240,21,38,83,95,17,12
2241,67,96,6,27,29,21
2242,24,31,15,21,7,6
2243,21,29,34,40,8,6
2244,18,34,55,67,16,12
2245,19,30,68,76,11,8
2246,19,39,235,250,20,15
2247,59,74,220,231,15,11
2248,80,90,226,233,10,7
2249,87,96,238,245,9,7
2250,76,90,185,195,14,10
2251,58,70,182,191,12,9
2252,26,44,183,196,18,13
2253,17,39,265,282,22,17
2254,25,54,304,326,29,22
2255,53,74,240,256,21,16
2256,57,87,273,295,30,22
2257,50,71,209,225,21,16
2258,53,69,15,28,16,13
2259,134,150,302,314,16,12
2260,102,128,267,286,26,19
2261,98,122,249,267,24,18
2262,64,88,322,340,24,18
2263,89,108,69,83,19,14
2264,51,68,184,197,17,13
2265,41,60,156,170,19,14
2266,191,215,119,137,24,18
2267,115,139,172,189,24,17
2268,53,71,251,264,18,13
2269,56,69,161,171,13,10
2270,49,64,105,117,15,12
2271,31,52,125,141,21,16
2272,29,42,157,166,13,9
2273,29,44,190,202,15,12
2274,23,39,255,267,16,12
2275,42,67,300,318,25,18
2276,32,48,68,80,16,12
2277,22,32,33,41,10,8
2278,22,24,59,61,2,2
2279,66,109,90,122,43,32
2280,58,80,68,85,22,17
2281,78,95,2,14,17,12
2282,115,129,213,224,14,11
2283,115,133,194,207,18,13
2284,116,131,122,133,15,11
2285,203,222,60,74,19,14
2286,143,164,333,349,21,16
2287,117,135,301,314,18,13
2288,110,125,245,256,15,11
2289,196,221,231,250,25,19
2290,152,168,262,275,16,13
2291,152,171,201,215,19,14
2292,83,115,50,74,32,24
2293,88,108,20,35,20,15
2294,29,54,40,58,25,18
2295,39,59,94,109,20,15
2296,30,61,113,136,31,23
2297,47,63,184,197,16,13
2298,28,41,196,206,13,10
2299,34,46,226,235,12,9
2300,39,57,245,258,18,13
2301,35,49,272,282,14,10
2302,34,56,296,312,22,16
2303,93,115,96,113,22,17
2304,205,224,64,77,19,13
2305,120,133,203,213,13,10
2306,116,131,244,255,15,11
2307,76,88,197,206,12,9
2308,69,88,134,149,19,15
2309,66,85,249,263,19,14
2310,104,118,311,321,14,10
2311,145,158,323,333,13,10
2312,119,149,142,164,30,22
2313,110,144,90,116,34,26
2314,86,139,45,85,53,40
2315,164,193,40,62,29,22
2316,164,191,113,133,27,20
2317,184,220,2,29,36,27
2318,64,86,119,135,22,16
2319,35,75,97,127,40,30
2320,32,62,55,78,30,23
2321,36,83,10,45,47,35
2322,25,57,173,197,32,24
2323,88,98,279,287,10,8
2324,61,71,219,226,10,7
2325,140,159,15,29,19,14
2326,163,181,328,342,18,14
2327,146,166,301,316,20,15
2328,173,189,87,99,16,12
2329,117,133,311,323,16,12
2330,115,134,245,259,19,14
2331,102,118,169,182,16,13
2332,168,186,29,41,18,12
2333,61,80,262,277,19,15
2334,75,93,323,336,18,13
2335,154,178,145,163,24,18
2336,195,222,282,302,27,20
2337,81,100,238,252,19,14
2338,205,227,43,60,22,17
2339,77,97,48,63,20,15
2340,44,56,35,44,12,9
2341,29,44,65,76,15,11
2342,17,35,88,102,18,14
2343,15,34,117,131,19,14
2344,19,41,142,158,22,16
2345,16,35,166,181,19,15
2346,21,36,185,196,15,11
2347,22,34,202,211,12,9
2348,19,36,263,275,17,12
2349,22,41,283,298,19,15
2350,20,38,306,319,18,13
2351,72,88,321,333,16,12
2352,122,142,324,339,20,15
2353,147,163,172,184,16,12
2354,174,209,175,201,35,26
2355,176,230,115,156,54,41
2356,127,152,41,59,25,18
2357,53,72,9,24,19,15
2358,44,66,246,262,22,16
2359,43,69,305,325,26,20
2360,49,67,213,226,18,13
2361,4,22,173,186,18,13
2362,2,15,95,104,13,9
2363,27,44,137,150,17,13
2364,41,61,158,172,20,14
2365,59,83,133,150,24,17
2366,59,78,181,194,19,13
2367,90,107,300,312,17,12
2368,124,139,330,341,15,11
2369,169,196,86,106,27,20
2370,83,103,257,272,20,15
2371,92,110,231,244,18,13
2372,70,92,199,216,22,17
2373,52,81,170,191,29,21
2374,63,81,154,167,18,13
2375,29,36,125,131,7,6
2376,19,34,81,91,15,10
2377,16,44,45,66,28,21
2378,22,39,18,32,17,14
2379,49,63,13,24,14,11
2380,47,63,35,47,16,12
2381,54,70,50,62,16,12
2382,41,58,75,88,17,13
2383,39,58,98,113,19,15
2384,22,41,164,179,19,15
2385,20,35,183,195,15,12
2386,17,32,209,221,15,12
2387,17,27,225,232,10,7
2388,21,32,254,263,11,9
2389,24,46,274,290,22,16
2390,22,39,301,314,17,13
2391,28,50,313,330,22,17
2392,56,78,298,315,22,17
2393,127,165,310,338,38,28
2394,184,214,330,353,30,23
2395,163,190,35,55,27,20
2396,117,157,78,108,40,30
2397,124,133,43,50,9,7
2398,95,115,40,55,20,15
2399,82,93,22,30,11,8
2400,76,88,48,57,12,9
2401,38,51,68,77,13,9
2402,14,31,225,237,17,12
2403,10,27,268,282,17,14
2404,5,24,300,315,19,15
2405,24,51,314,335,27,21
2406,41,58,267,281,17,14
2407,73,90,238,250,17,12
2408,112,124,241,250,12,9
2409,128,142,266,276,14,10
2410,101,136,282,308,35,26
2411,68,84,155,167,16,12
2412,63,77,199,210,14,11
2413,93,106,222,231,13,9
2414,101,107,247,252,6,5
2415,102,115,200,210,13,10
2416,96,109,271,280,13,9
2417,85,99,289,299,14,10
2418,81,92,235,243,11,8
2419,78,93,180,192,15,12
2420,44,56,283,292,12,9
2421,18,36,244,257,18,13
2422,24,44,289,303,20,14
2423,12,24,311,320,12,9
2424,14,39,320,339,25,19
2425,78,86,339,345,8,6
2426,73,96,314,331,23,17
2427,148,165,341,354,17,13
2428,186,201,320,332,15,12
2429,198,208,286,293,10,7
2430,208,222,195,205,14,10
2431,210,225,156,168,15,12
2432,221,235,187,198,14,11
2433,213,234,217,232,21,15
2434,182,206,158,176,24,18
2435,166,182,130,142,16,12
2436,186,210,70,88,24,18
2437,204,222,28,41,18,13
2438,170,186,53,64,16,11
2439,163,179,68,80,16,12
2440,151,171,59,73,20,14
2441,146,164,79,92,18,13
2442,160,176,46,58,16,12
2443,139,162,63,81,23,18
2444,98,119,94,109,21,15
2445,113,134,170,186,21,16
2446,95,124,211,234,29,23
2447,148,178,254,277,30,23
2448,83,100,318,331,17,13
2449,21,40,325,340,19,15
2450,38,61,285,302,23,17
2451,70,86,240,253,16,13
2452,33,44,240,249,11,9
2453,29,39,195,203,10,8
2454,15,29,143,153,14,10
2455,12,24,180,189,12,9
2456,10,20,219,227,10,8
2457,12,26,260,270,14,10
2458,23,36,68,77,13,9
2459,14,44,82,105,30,23
2460,22,37,24,36,15,12
2461,41,54,52,62,13,10
2462,52,61,98,104,9,6
2463,45,56,110,118,11,8
2464,40,61,117,132,21,15
2465,44,63,144,159,19,15
2466,70,78,109,116,8,7
2467,46,51,105,109,5,4
2468,30,48,106,119,18,13
2469,32,46,41,52,14,11
2470,31,56,56,75,25,19
2471,57,74,35,48,17,13
2472,89,107,37,50,18,13
2473,101,112,8,16,11,8
2474,56,64,14,20,8,6
2475,58,76,60,74,18,14
2476,34,61,76,96,27,20
2477,44,63,116,130,19,14
2478,33,43,148,156,10,8
2479,23,39,160,171,16,11
2480,31,51,181,196,20,15
2481,27,47,210,225,20,15
2482,28,58,229,251,30,22
2483,41,66,270,288,25,18
2484,181,210,256,278,29,22
2485,219,239,286,301,20,15
2486,160,179,310,325,19,15
2487,146,180,327,352,34,25
2488,194,220,64,83,26,19
2489,138,170,83,107,32,24
2490,120,142,1,18,22,17
2491,115,126,25,33,11,8
2492,73,90,202,215,17,13
2493,47,67,156,171,20,15
2494,49,66,134,147,17,13
2495,39,49,164,170,10,6
2496,19,32,109,118,13,9
2497,22,35,130,139,13,9
2498,39,58,36,51,19,15
2499,19,36,81,93,17,12
2500,17,30,40,50,13,10
2501,24,41,12,24,17,12
2502,69,86,2,15,17,13
2503,56,71,145,156,15,11
2504,45,59,167,177,14,10
2505,28,45,197,210,17,13
2506,29,50,210,225,21,15
2507,29,46,253,265,17,12
2508,33,47,278,289,14,11
2509,27,39,303,312,12,9
2510,39,59,327,343,20,16
2511,45,58,229,238,13,9
2512,24,36,144,153,12,9
2513,29,44,126,137,15,11
2514,48,68,96,112,20,16
2515,54,73,36,51,19,15
2516,29,49,73,88,20,15
2517,72,90,56,69,18,13
2518,71,95,252,270,24,18
2519,66,84,294,307,18,13
2520,63,80,305,318,17,13
2521,51,78,320,341,27,21
2522,17,29,318,327,12,9
2523,29,43,280,290,14,10
2524,22,36,293,304,14,11
2525,20,45,231,250,25,19
2526,26,40,205,216,14,11
2527,141,159,55,69,18,14
2528,108,133,24,43,25,19
2529,54,80,73,93,26,20
2530,49,78,107,129,29,22
2531,57,81,154,172,24,18
2532,96,107,170,178,11,8
2533,91,109,188,201,18,13
2534,80,95,202,213,15,11
2535,79,102,215,233,23,18
2536,79,93,235,245,14,10
2537,78,95,246,258,17,12
2538,68,89,259,274,21,15
2539,67,83,283,295,16,12
2540,151,166,37,49,15,12
2541,77,103,225,244,26,19
2542,36,47,332,340,11,8
2543,98,134,320,348,36,28
2544,71,87,84,96,16,12
2545,26,48,110,126,22,16
2546,26,44,138,152,18,14
2547,26,48,168,184,22,16
2548,23,40,202,215,17,13
2549,20,40,219,234,20,15
2550,28,46,240,254,18,14
2551,26,39,288,298,13,10
2552,30,47,310,323,17,13
2553,46,59,253,264,13,11
2554,68,86,200,213,18,13
2555,58,68,140,147,10,7
2556,56,66,166,174,10,8
2557,82,99,149,161,17,12
2558,96,114,176,189,18,13
2559,116,131,215,226,15,11
2560,168,187,136,150,19,14
2561,184,217,159,183,33,24
2562,212,231,317,331,19,14
2563,48,56,91,97,8,6
2564,25,34,105,112,9,7
2565,20,41,133,149,21,16
2566,21,43,154,170,22,16
2567,25,41,179,191,16,12
2568,23,44,192,207,21,15
2569,33,48,68,80,15,12
2570,34,55,34,49,21,15
2571,42,61,7,21,19,14
2572,63,82,42,55,19,13
2573,134,160,18,37,26,19
2574,174,205,51,73,31,22
2575,176,205,81,103,29,22
2576,173,212,108,138,39,30
2577,160,186,149,169,26,20
2578,167,188,179,195,21,16
2579,156,176,208,224,20,16
2580,160,186,248,268,26,20
2581,151,171,278,292,20,14
2582,149,175,294,313,26,19
2583,67,83,136,148,16,12
2584,55,68,255,265,13,10
2585,156,172,191,203,16,12
2586,162,178,132,145,16,13
2587,194,224,131,153,30,22
2588,198,217,174,188,19,14
2589,183,216,316,341,33,25
2590,185,208,77,94,23,17
2591,73,93,176,191,20,15
2592,88,109,200,215,21,15
2593,9,24,293,305,15,12
2594,54,69,116,127,15,11
2595,85,107,334,351,22,17
2596,90,107,162,174,17,12
2597,66,83,284,297,17,13
2598,49,65,50,61,16,11
2599,140,163,317,334,23,17
2600,68,95,250,270,27,20
2601,37,54,278,290,17,12
2602,14,38,298,316,24,18
2603,17,43,319,338,26,19
2604,9,36,200,220,27,20
2605,47,61,229,239,14,10
2606,31,44,151,160,13,9
2607,20,51,224,247,31,23
2608,31,56,117,136,25,19
2609,35,50,52,63,15,11
2610,34,60,63,82,26,19
2611,41,65,83,102,24,19
2612,32,60,16,37,28,21
2613,67,85,136,150,18,14
2614,61,80,156,170,19,14
2615,71,93,175,192,22,17
2616,80,95,198,209,15,11
2617,61,75,202,212,14,10
2618,89,115,237,256,26,19
2619,136,159,264,282,23,18
2620,127,174,304,340,47,36
2621,110,128,273,287,18,14
2622,107,128,217,233,21,16
2623,109,124,298,310,15,12
2624,132,149,316,329,17,13
2625,131,149,247,260,18,13
2626,88,107,186,200,19,14
2627,69,95,19,39,26,20
2628,77,97,157,172,20,15
2629,205,227,318,334,22,16
2630,149,176,36,56,27,20
2631,107,132,21,39,25,18
2632,122,144,64,81,22,17
2633,147,173,80,99,26,19
2634,142,166,192,210,24,18
2635,143,159,257,269,16,12
2636,114,140,90,110,26,20
2637,86,111,57,76,25,19
2638,79,105,14,33,26,19
2639,28,43,23,34,15,11
2640,23,41,50,64,18,14
2641,24,52,70,91,28,21
2642,27,39,99,108,12,9
2643,29,56,107,127,27,20
2644,30,51,139,154,21,15
2645,34,55,153,169,21,16
2646,34,49,172,182,15,10
2647,68,85,96,109,17,13
2648,71,88,41,53,17,12
2649,78,93,185,197,15,12
2650,99,112,304,314,13,10
2651,136,166,313,336,30,23
2652,183,198,325,337,15,12
2653,135,163,150,171,28,21
2654,102,133,96,120,31,24
2655,55,74,152,166,19,14
2656,55,68,133,143,13,10
2657,56,73,75,88,17,13
2658,75,95,277,292,20,15
2659,154,176,58,75,22,17
2660,198,217,233,248,19,15
2661,121,140,275,290,19,15
2662,119,139,127,142,20,15
2663,115,137,173,189,22,16
2664,120,138,32,45,18,13
2665,176,199,173,191,23,18
2666,71,95,81,100,24,19
2667,74,90,42,54,16,12
2668,39,58,153,168,19,15
2669,30,47,193,205,17,12
2670,27,42,236,247,15,11
2671,132,161,236,257,29,21
2672,68,87,121,135,19,14
2673,58,76,149,162,18,13
2674,25,40,149,161,15,12
2675,19,39,173,188,20,15
2676,28,44,204,215,16,11
2677,25,50,220,239,25,19
2678,156,189,205,230,33,25
2679,109,129,187,202,20,15
2680,112,149,109,137,37,28
2681,138,174,68,95,36,27
2682,166,190,33,51,24,18
2683,193,216,7,24,23,17
2684,88,114,42,61,26,19
2685,27,54,19,40,27,21
2686,20,41,77,93,21,16
2687,27,58,52,75,31,23
2688,26,52,107,127,26,20
2689,27,44,129,141,17,12
2690,24,38,250,261,14,11
2691,169,187,302,315,18,13
2692,183,205,319,336,22,17
2693,70,93,160,177,23,17
2694,65,92,116,137,27,21
2695,146,170,113,131,24,18
2696,190,213,38,55,23,17
2697,61,85,200,218,24,18
2698,132,158,146,166,26,20
2699,17,25,223,230,8,7
2700,16,41,308,327,25,19
2701,27,53,33,53,26,20
2702,49,71,9,25,22,16
2703,31,47,87,99,16,12
2704,34,48,125,135,14,10
2705,37,53,183,195,16,12
2706,44,60,153,165,16,12
2707,133,155,286,302,22,16
2708,173,196,246,264,23,18
2709,155,173,189,203,18,14
2710,46,69,15,32,23,17
2711,37,58,66,81,21,15
2712,30,49,90,104,19,14
2713,28,54,109,128,26,19
2714,32,52,128,143,20,15
2715,20,52,137,161,32,24
2716,28,41,183,193,13,10
2717,17,35,201,215,18,14
2718,15,33,255,269,18,14
2719,19,45,266,285,26,19
2720,14,48,288,313,34,25
2721,18,46,311,332,28,21
2722,24,43,334,348,19,14
2723,34,52,232,246,18,14
2724,50,66,187,199,16,12
2725,62,86,148,166,24,18
2726,49,67,66,80,18,14
2727,94,112,296,309,18,13
2728,162,183,298,314,21,16
2729,183,206,71,88,23,17
2730,169,193,236,254,24,18
2731,59,78,105,119,19,14
2732,34,50,135,147,16,12
2733,81,105,29,47,24,18
2734,100,119,80,95,19,15
2735,52,76,28,46,24,18
2736,37,51,61,72,14,11
2737,32,55,78,96,23,18
2738,16,56,101,131,40,30
2739,21,56,123,150,35,27
2740,21,49,147,167,28,20
2741,23,46,168,185,23,17
2742,17,47,185,208,30,23
2743,25,46,202,218,21,16
2744,23,44,217,232,21,15
2745,19,50,239,262,31,23
2746,24,51,265,285,27,20
2747,20,49,283,304,29,21
2748,19,49,296,318,30,22
2749,18,51,319,343,33,24
2750,61,80,202,217,19,15
2751,65,81,148,160,16,12
2752,87,108,188,204,21,16
2753,83,115,208,232,32,24
2754,111,134,155,173,23,18
2755,126,162,206,233,36,27
2756,133,168,241,267,35,26
2757,152,179,260,280,27,20
2758,180,199,300,314,19,14
2759,166,189,317,335,23,18
2760,191,216,192,211,25,19
2761,194,227,71,96,33,25
2762,173,200,0,20,27,20
2763,145,181,19,46,36,27
2764,129,165,35,62,36,27
2765,58,73,58,69,15,11
2766,29,44,21,32,15,11
2767,27,38,140,148,11,8
2768,23,37,126,137,14,11
2769,141,155,273,284,14,11
2770,136,160,295,313,24,18
2771,162,182,224,239,20,15
2772,63,85,120,136,22,16
2773,61,85,164,182,24,18
2774,14,33,66,80,19,14
2775,46,64,79,92,18,13
2776,57,71,12,23,14,11
2777,106,129,12,30,23,18
2778,105,131,167,187,26,20
2779,50,68,232,246,18,14
2780,105,123,64,77,18,13
2781,171,188,333,345,17,12
2782,137,181,67,100,44,33
2783,76,105,93,114,29,21
2784,68,92,122,141,24,19
2785,56,78,150,167,22,17
2786,41,76,172,198,35,26
2787,48,80,188,213,32,25
2788,41,67,224,244,26,20
2789,40,67,247,267,27,20
2790,24,51,278,298,27,20
2791,27,51,300,318,24,18
2792,31,50,122,137,19,15
2793,24,45,98,114,21,16
2794,29,53,60,78,24,18
2795,65,80,80,91,15,11
2796,45,73,16,37,28,21
2797,29,41,25,35,12,10
2798,18,36,43,57,18,14
2799,16,33,66,78,17,12
2800,18,34,85,97,16,12
2801,20,34,219,230,14,11
2802,73,85,211,221,12,10
2803,76,99,219,236,23,17
2804,109,132,253,271,23,18
2805,115,138,276,294,23,18
2806,65,75,162,169,10,7
2807,49,66,136,149,17,13
2808,60,76,109,121,16,12
2809,46,63,215,228,17,13
2810,144,169,321,340,25,19
2811,164,183,18,32,19,14
2812,76,95,84,98,19,14
2813,36,51,177,188,15,11
2814,21,36,202,213,15,11
2815,14,34,264,280,20,16
2816,14,31,316,329,17,13
2817,22,39,19,31,17,12
2818,24,42,60,74,18,14
2819,24,37,100,110,13,10
2820,24,39,138,149,15,11
2821,187,214,156,176,27,20
2822,170,188,144,158,18,14
2823,157,180,124,141,23,17
2824,114,139,119,138,25,19
2825,68,85,151,164,17,13
2826,37,49,164,173,12,9
2827,31,64,84,109,33,25
2828,34,58,53,71,24,18
2829,22,37,67,78,15,11
2830,13,46,101,125,33,24
2831,39,76,120,147,37,27
2832,61,80,106,120,19,14
2833,76,89,84,94,13,10
2834,68,86,52,66,18,14
2835,63,94,18,41,31,23
2836,44,70,8,27,26,19
2837,27,42,6,18,15,12
2838,31,58,23,44,27,21
2839,63,81,39,53,18,14
2840,116,124,9,14,8,5
2841,96,116,15,30,20,15
2842,91,112,37,53,21,16
2843,98,112,58,69,14,11
2844,93,108,68,80,15,12
2845,97,112,85,96,15,11
2846,96,111,102,113,15,11
2847,94,105,119,128,11,9
2848,90,124,119,145,34,26
2849,46,57,43,51,11,8
2850,29,46,22,34,17,12
2851,5,24,122,136,19,14
2852,15,34,96,110,19,14
2853,62,80,188,202,18,14
2854,76,102,242,262,26,20
2855,100,118,267,280,18,13
2856,100,125,114,133,25,19
2857,89,106,61,74,17,13
2858,71,95,29,47,24,18
2859,23,34,75,83,11,8
2860,21,34,59,68,13,9
2861,38,54,155,167,16,12
2862,51,70,274,288,19,14
2863,143,162,325,340,19,15
2864,70,91,36,51,21,15
2865,54,67,116,126,13,10
2866,47,61,163,173,14,10
2867,36,56,233,248,20,15
2868,57,71,297,307,14,10
2869,76,89,192,202,13,10
2870,90,107,210,222,17,12
2871,173,198,254,273,25,19
2872,86,102,102,113,16,11
2873,73,90,150,163,17,13
2874,66,92,96,116,26,20
2875,54,90,121,149,36,28
2876,91,122,21,45,31,24
2877,71,124,33,74,53,41
2878,137,164,15,35,27,20
2879,142,167,42,61,25,19
2880,140,167,66,86,27,20
2881,117,142,91,110,25,19
2882,91,120,166,187,29,21
2883,82,103,202,218,21,16
2884,71,94,223,240,23,17
2885,51,80,240,263,29,23
2886,27,44,252,264,17,12
2887,19,36,229,242,17,13
2888,144,163,332,346,19,14
2889,116,129,208,218,13,10
2890,110,119,245,252,9,7
2891,117,129,132,142,12,10
2892,194,231,96,124,37,28
2893,173,217,256,289,44,33
2894,147,172,275,294,25,19
2895,137,162,246,265,25,19
2896,127,142,271,282,15,11
2897,115,127,280,288,12,8
2898,146,168,201,217,22,16
2899,107,118,184,192,11,8
2900,73,95,230,246,22,16
2901,90,113,30,47,23,17
2902,100,122,327,344,22,17
2903,205,225,62,77,20,15
2904,29,43,36,46,14,10
2905,22,35,53,63,13,10
2906,20,33,65,75,13,10
2907,21,30,76,82,9,6
2908,47,61,54,64,14,10
2909,38,49,70,79,11,9
2910,43,57,92,103,14,11
2911,48,71,104,122,23,18
2912,68,91,125,142,23,17
2913,112,131,133,147,19,14
2914,96,122,161,180,26,19
2915,86,120,183,208,34,25
2916,98,117,218,233,19,15
2917,85,115,238,260,30,22
2918,94,129,257,284,35,27
2919,109,134,275,294,25,19
2920,78,91,197,208,13,11
2921,71,96,221,239,25,18
2922,66,92,243,262,26,19
2923,69,95,267,286,26,19
2924,68,97,290,311,29,21
2925,102,132,196,218,30,22
2926,116,138,248,265,22,17
2927,117,134,292,304,17,12
2928,147,166,24,39,19,15
2929,97,117,99,113,20,14
2930,119,142,331,349,23,18
2931,96,111,297,308,15,11
2932,61,73,153,161,12,8
2933,40,57,106,119,17,13
2934,65,87,172,188,22,16
2935,148,163,66,77,15,11
2936,120,138,239,252,18,13
2937,49,63,235,245,14,10
2938,26,41,214,226,15,12
2939,8,37,288,310,29,22
2940,14,38,20,37,24,17
2941,22,39,328,341,17,13
2942,35,49,321,332,14,11
2943,52,69,331,344,17,13
2944,50,69,303,318,19,15
2945,49,66,256,269,17,13
2946,56,69,184,194,13,10
2947,91,103,194,203,12,9
2948,83,99,21,32,16,11
2949,29,42,24,34,13,10
2950,7,17,47,54,10,7
2951,10,17,66,72,7,6
2952,16,28,10,19,12,9
2953,105,137,97,121,32,24
2954,107,127,43,58,20,15
2955,55,71,77,89,16,12
2956,28,41,117,126,13,9
2957,25,36,102,110,11,8
2958,39,56,154,166,17,12
2959,155,173,13,26,18,13
2960,95,123,22,43,28,21
2961,82,100,37,50,18,13
2962,54,74,31,46,20,15
2963,29,40,35,44,11,9
2964,17,34,65,78,17,13
2965,15,48,89,114,33,25
2966,19,39,116,131,20,15
2967,8,38,138,160,30,22
2968,23,44,159,175,21,16
2969,19,40,185,201,21,16
2970,24,43,212,226,19,14
2971,21,44,247,264,23,17
2972,21,53,267,291,32,24
2973,15,45,322,344,30,22
2974,49,66,297,310,17,13
2975,32,49,298,310,17,12
2976,63,80,319,331,17,12
2977,85,105,321,336,20,15
2978,101,117,251,263,16,12
2979,102,122,281,296,20,15
2980,112,137,307,325,25,18
2981,80,99,292,306,19,14
2982,73,92,194,208,19,14
2983,57,71,213,224,14,11
2984,41,53,228,237,12,9
2985,98,122,167,185,24,18
2986,102,134,291,315,32,24
2987,72,86,320,331,14,11
2988,85,106,223,239,21,16
2989,65,83,247,260,18,13
2990,73,97,38,55,24,17
2991,135,161,28,47,26,19
2992,166,193,55,76,27,21
2993,188,213,281,300,25,19
2994,23,39,304,316,16,12
2995,5,17,274,283,12,9
2996,10,28,69,83,18,14
2997,12,22,126,133,10,7
2998,22,35,192,202,13,10
2999,22,34,225,235,12,10
3000,22,36,240,251,14,11
3001,115,153,153,181,38,28
3002,84,105,172,187,21,15
3003,73,88,236,247,15,11
3004,44,57,285,296,13,11
3005,39,55,330,342,16,12
3006,132,151,229,243,19,14
3007,120,146,248,268,26,20
3008,34,54,189,204,20,15
3009,119,145,261,280,26,19
3010,63,80,288,301,17,13
3011,92,107,268,280,15,12
3012,35,46,221,229,11,8
3013,77,100,246,264,23,18
3014,35,46,247,255,11,8
3015,78,90,219,228,12,9
3016,91,105,323,333,14,10
3017,48,68,199,213,20,14
3018,149,175,52,71,26,19
3019,67,78,103,111,11,8
3020,167,192,113,132,25,19
3021,58,85,154,175,27,21
3022,53,89,113,140,36,27
3023,42,64,174,191,22,17
3024,39,51,157,166,12,9
3025,26,36,103,111,10,8
3026,34,67,42,67,33,25
3027,49,85,15,42,36,27
3028,58,83,63,81,25,18
3029,100,127,116,137,27,21
3030,82,114,150,174,32,24
3031,76,93,187,201,17,14
3032,58,80,208,224,22,16
3033,44,70,233,253,26,20
3034,39,61,255,272,22,17
3035,61,78,103,116,17,13
3036,36,55,91,105,19,14
3037,41,66,7,26,25,19
3038,52,90,34,62,38,28
3039,68,92,69,87,24,18
3040,66,80,95,106,14,11
3041,56,71,115,126,15,11
3042,54,68,130,141,14,11
3043,63,80,158,171,17,13
3044,62,80,175,188,18,13
3045,93,109,104,115,16,11
3046,98,110,25,35,12,10
3047,77,95,74,87,18,13
3048,51,82,102,124,31,22
3049,36,66,183,206,30,23
3050,137,163,41,61,26,20
3051,115,137,95,111,22,16
3052,134,156,7,23,22,16
3053,102,119,40,52,17,12
3054,63,90,29,50,27,21
3055,43,63,43,58,20,15
3056,36,49,16,26,13,10
3057,31,48,282,295,17,13
3058,32,54,312,329,22,17
3059,36,56,328,343,20,15
3060,19,49,211,233,30,22
3061,63,81,204,217,18,13
3062,62,79,168,181,17,13
3063,41,64,124,142,23,18
3064,30,41,163,172,11,9
3065,76,88,65,74,12,9
3066,65,91,78,97,26,19
3067,60,85,118,137,25,19
3068,52,71,142,155,19,13
3069,94,115,147,163,21,16
3070,119,132,160,170,13,10
3071,152,168,174,187,16,13
3072,137,167,215,238,30,23
3073,159,191,265,290,32,25
3074,107,134,257,277,27,20
3075,78,100,284,300,22,16
3076,36,54,281,295,18,14
3077,27,53,251,271,26,20
3078,32,50,169,182,18,13
3079,22,44,197,214,22,17
3080,20,46,222,242,26,20
3081,64,83,24,38,19,14
3082,42,56,16,26,14,10
3083,23,44,29,45,21,16
3084,27,49,41,57,22,16
3085,24,42,57,70,18,13
3086,26,48,72,89,22,17
3087,21,49,87,108,28,21
3088,27,44,114,127,17,13
3089,23,50,130,150,27,20
3090,22,56,147,173,34,26
3091,30,51,176,192,21,16
3092,23,61,192,221,38,29
3093,117,150,81,105,33,24
3094,127,144,117,129,17,12
3095,134,160,143,163,26,20
3096,136,167,162,186,31,24
3097,116,149,26,50,33,24
3098,88,116,53,75,28,22
3099,88,119,195,217,31,22
3100,76,112,225,252,36,27
3101,131,156,238,257,25,19
3102,177,202,243,261,25,18
3103,222,232,263,271,10,8
3104,152,188,153,181,36,28
3105,159,213,187,227,54,40
3106,157,171,228,238,14,10
3107,142,158,256,268,16,12
3108,114,140,264,284,26,20
3109,120,160,279,309,40,30
3110,136,157,316,332,21,16
3111,146,177,335,358,31,23
3112,145,172,117,137,27,20
3113,38,56,161,175,18,14
3114,46,81,246,272,35,26
3115,33,56,280,298,23,18
3116,36,58,308,324,22,16
3117,22,51,320,342,29,22
3118,72,88,291,304,16,13
3119,72,86,317,328,14,11
3120,87,102,207,219,15,12
3121,80,100,172,187,20,15
3122,71,96,83,102,25,19
3123,37,56,95,110,19,15
3124,33,62,47,69,29,22
3125,35,61,20,39,26,19
3126,71,86,35,47,15,12
3127,64,78,51,62,14,11
3128,85,104,240,254,19,14
3129,80,100,294,309,20,15
3130,41,58,192,205,17,13
3131,42,57,134,145,15,11
3132,32,44,104,113,12,9
3133,29,42,61,70,13,9
3134,35,51,30,42,16,12
3135,83,102,17,32,19,15
3136,115,137,16,33,22,17
3137,168,198,26,48,30,22
3138,190,210,171,186,20,15
3139,111,132,322,337,21,15
3140,108,136,252,273,28,21
3141,134,167,169,194,33,25
3142,162,184,225,242,22,17
3143,156,171,254,266,15,12
3144,201,217,277,289,16,12
3145,195,222,158,179,27,21
3146,175,212,103,131,37,28
3147,189,228,34,63,39,29
3148,168,205,6,33,37,27
3149,75,114,68,97,39,29
3150,52,82,40,62,30,22
3151,36,67,73,95,31,22
3152,36,59,102,119,23,17
3153,22,59,116,143,37,27
3154,31,55,146,164,24,18
3155,22,48,175,194,26,19
3156,24,49,201,219,25,18
3157,62,70,244,250,8,6
3158,41,68,263,284,27,21
3159,39,66,300,320,27,20
3160,106,127,122,138,21,16
3161,85,98,271,280,13,9
3162,79,90,257,266,11,9
3163,83,95,229,237,12,8
3164,95,104,185,192,9,7
3165,105,117,143,152,12,9
3166,97,112,161,173,15,12
3167,113,124,323,331,11,8
3168,119,133,250,260,14,10
3169,125,140,217,229,15,12
3170,169,183,161,171,14,10
3171,72,95,101,119,23,18
3172,76,120,37,70,44,33
3173,142,163,87,102,21,15
3174,194,202,112,117,8,5
3175,148,195,16,51,47,35
3176,111,132,6,22,21,16
3177,67,94,64,84,27,20
3178,38,63,108,128,25,20
3179,29,71,149,180,42,31
3180,30,51,193,209,21,16
3181,32,61,207,229,29,22
3182,33,58,234,253,25,19
3183,32,64,260,284,32,24
3184,36,71,284,310,35,26
3185,41,71,305,327,30,22
3186,117,130,112,122,13,10
3187,133,149,311,323,16,12
3188,217,232,316,327,15,11
3189,146,164,248,262,18,14
3190,95,119,216,234,24,18
3191,88,103,254,266,15,12
3192,98,111,158,168,13,10
3193,115,131,284,297,16,13
3194,169,201,147,171,32,24
3195,16,40,52,70,24,18
3196,92,109,224,237,17,13
3197,115,130,102,113,15,11
3198,100,119,128,142,19,14
3199,95,107,163,171,12,8
3200,81,98,196,209,17,13
3201,77,83,216,221,6,5
3202,73,81,270,277,8,7
3203,67,87,310,325,20,15
3204,107,120,313,322,13,9
3205,108,120,267,276,12,9
3206,139,151,317,326,12,9
3207,83,110,26,46,27,20
3208,60,78,74,88,18,14
3209,60,78,117,130,18,13
3210,62,79,144,157,17,13
3211,186,193,205,211,7,6
3212,95,122,195,215,27,20
3213,76,105,233,256,29,23
3214,73,106,248,273,33,25
3215,79,100,274,290,21,16
3216,75,100,295,314,25,19
3217,66,101,303,329,35,26
3218,80,102,144,160,22,16
3219,78,107,79,101,29,22
3220,120,133,131,141,13,10
3221,105,145,153,183,40,30
3222,128,148,210,225,20,15
3223,132,151,244,258,19,14
3224,122,150,275,296,28,21
3225,117,152,300,326,35,26
3226,176,198,70,87,22,17
3227,146,158,74,84,12,10
3228,135,151,111,123,16,12
3229,107,117,127,134,10,7
3230,95,112,217,229,17,12
3231,95,116,257,273,21,16
3232,127,137,206,214,10,8
3233,90,102,193,202,12,9
3234,106,133,307,327,27,20
3235,156,167,318,326,11,8
3236,185,202,323,336,17,13
3237,206,218,221,230,12,9
3238,80,95,295,306,15,11
3239,70,78,108,115,8,7
3240,49,61,86,95,12,9
3241,34,46,63,72,12,9
3242,58,71,55,64,13,9
3243,82,97,68,79,15,11
3244,87,106,86,100,19,14
3245,102,125,50,67,23,17
3246,113,134,88,103,21,15
3247,94,104,115,122,10,7
3248,105,133,142,162,28,20
3249,52,67,281,293,15,12
3250,31,41,286,294,10,8
3251,26,37,303,311,11,8
3252,28,37,321,328,9,7
3253,28,40,168,177,12,9
3254,26,39,199,209,13,10
3255,42,55,153,163,13,10
3256,30,49,178,192,19,14
3257,27,44,217,229,17,12
3258,24,44,239,254,20,15
3259,23,46,261,279,23,18
3260,24,51,282,303,27,21
3261,25,51,309,328,26,19
3262,27,62,57,83,35,26
3263,30,48,104,118,18,14
3264,31,52,121,137,21,16
3265,27,35,143,150,8,7
3266,30,58,6,27,28,21
3267,80,107,18,38,27,20
3268,68,95,39,59,27,20
3269,78,93,54,65,15,11
3270,66,79,81,91,13,10
3271,63,80,97,110,17,13
3272,106,136,35,58,30,23
3273,108,136,67,88,28,21
3274,149,178,117,138,29,21
3275,178,191,179,188,13,9
3276,68,81,76,85,13,9
3277,49,85,99,127,36,28
3278,53,87,124,150,34,26
3279,50,76,160,179,26,19
3280,41,65,179,197,24,18
3281,45,78,190,214,33,24
3282,41,78,211,238,37,27
3283,49,73,252,270,24,18
3284,56,80,269,287,24,18
3285,103,122,186,199,19,13
3286,106,134,117,139,28,22
3287,149,168,194,208,19,14
3288,60,79,110,124,19,14
3289,44,71,147,167,27,20
3290,52,70,177,190,18,13
3291,41,63,195,211,22,16
3292,44,63,213,227,19,14
3293,81,106,82,100,25,18
3294,57,93,59,85,36,26
3295,58,91,94,119,33,25
3296,43,73,134,156,30,22
3297,36,73,159,187,37,28
3298,28,49,194,209,21,15
3299,39,62,210,227,23,17
3300,27,43,239,251,16,12
3301,27,42,257,269,15,12
3302,18,50,269,293,32,24
3303,24,41,294,308,17,14
3304,19,42,305,323,23,18
3305,41,56,328,339,15,11
3306,55,66,279,287,11,8
3307,64,81,299,312,17,13
3308,68,84,318,330,16,12
3309,75,98,334,352,23,18
3310,99,116,201,214,17,13
3311,122,137,161,173,15,12
3312,100,136,109,136,36,27
3313,82,91,99,106,9,7
3314,77,107,31,54,30,23
3315,60,106,41,76,46,35
3316,73,93,183,197,20,14
3317,73,90,159,172,17,13
3318,51,66,139,151,15,12
3319,41,68,104,124,27,20
3320,39,67,79,99,28,20
3321,40,66,54,74,26,20
3322,55,72,17,30,17,13
3323,72,91,41,55,19,14
3324,85,100,78,90,15,12
3325,99,121,94,111,22,17
3326,95,119,130,148,24,18
3327,102,120,161,174,18,13
3328,102,110,183,189,8,6
3329,86,101,200,211,15,11
3330,62,78,208,221,16,13
3331,69,91,41,57,22,16
3332,67,105,97,125,38,28
3333,47,68,127,142,21,15
3334,66,88,156,172,22,16
3335,74,93,184,198,19,14
3336,76,89,200,210,13,10
3337,129,156,116,136,27,20
3338,128,148,155,169,20,14
3339,126,142,140,153,16,13
3340,123,141,275,288,18,13
3341,127,152,295,314,25,19
3342,133,164,314,337,31,23
3343,173,198,267,286,25,19
3344,186,215,300,322,29,22
3345,166,177,312,320,11,8
3346,152,173,266,282,21,16
3347,98,127,317,339,29,22
3348,47,66,328,341,19,13
3349,18,39,302,318,21,16
3350,93,115,178,194,22,16
3351,83,107,207,225,24,18
3352,80,113,223,248,33,25
3353,51,68,249,261,17,12
3354,27,49,223,239,22,16
3355,45,68,124,141,23,17
3356,44,74,47,69,30,22
3357,29,79,88,126,50,38
3358,84,95,127,136,11,9
3359,46,64,146,159,18,13
3360,23,47,174,192,24,18
3361,32,66,183,209,34,26
3362,21,41,243,258,20,15
3363,27,46,266,281,19,15
3364,17,41,284,302,24,18
3365,26,56,305,327,30,22
3366,68,84,275,287,16,12
3367,57,69,326,335,12,9
3368,34,56,330,346,22,16
3369,87,98,299,307,11,8
3370,76,88,318,327,12,9
3371,78,94,334,346,16,12
3372,53,73,259,274,20,15
3373,54,72,291,305,18,14
3374,89,106,314,327,17,13
3375,131,153,287,304,22,17
3376,122,149,231,251,27,20
3377,166,185,241,256,19,15
3378,79,96,144,156,17,12
3379,79,100,110,125,21,15
3380,56,80,121,138,24,17
3381,49,68,90,104,19,14
3382,29,45,93,105,16,12
3383,17,37,103,118,20,15
3384,24,41,154,167,17,13
3385,23,44,191,207,21,16
3386,26,47,226,242,21,16
3387,27,41,263,274,14,11
3388,17,41,284,301,24,17
3389,30,46,48,60,16,12
3390,27,46,68,82,19,14
3391,19,46,0,20,27,20
3392,27,39,27,36,12,9
3393,33,51,195,209,18,14
3394,26,50,223,241,24,18
3395,24,54,241,263,30,22
3396,25,48,261,278,23,17
3397,26,56,270,292,30,22
3398,27,55,291,312,28,21
3399,25,50,313,332,25,19
3400,31,55,102,120,24,18
3401,29,47,145,159,18,14
3402,24,50,145,164,26,19
3403,29,51,166,182,22,16
3404,26,45,178,192,19,14
3405,24,51,37,57,27,20
3406,26,47,74,90,21,16
3407,16,31,93,104,15,11
3408,53,66,42,52,13,10
3409,51,67,60,71,16,11
3410,58,75,77,90,17,13
3411,61,80,88,102,19,14
3412,97,105,175,182,8,7
3413,69,88,199,213,19,14
3414,49,78,232,254,29,22
3415,53,76,258,275,23,17
3416,41,71,271,293,30,22
3417,39,56,307,320,17,13
3418,25,40,315,327,15,12
3419,63,85,324,340,22,16
3420,92,106,304,314,14,10
3421,106,130,311,329,24,18
3422,48,83,150,176,35,26
3423,44,65,89,105,21,16
3424,29,41,99,108,12,9
3425,29,53,26,44,24,18
3426,61,94,15,39,33,24
3427,54,80,60,81,26,21
3428,132,144,36,45,12,9
3429,172,192,59,74,20,15
3430,183,210,32,51,27,19
3431,110,140,110,133,30,23
3432,111,137,156,175,26,19
3433,119,152,181,206,33,25
3434,122,149,219,239,27,20
3435,109,142,243,268,33,25
3436,102,135,276,301,33,25
3437,154,197,297,328,43,31
3438,190,215,205,224,25,19
3439,202,219,146,158,17,12
3440,198,220,85,102,22,17
3441,178,203,112,130,25,18
3442,161,178,94,108,17,14
3443,152,180,46,67,28,21
3444,141,161,71,86,20,15
3445,103,127,51,70,24,19
3446,114,132,71,84,18,13
3447,110,124,14,25,14,11
3448,87,107,13,28,20,15
3449,56,83,14,34,27,20
3450,107,134,135,156,27,21
3451,126,144,188,202,18,14
3452,132,149,217,230,17,13
3453,111,135,244,262,24,18
3454,98,129,266,289,31,23
3455,86,113,295,315,27,20
3456,65,80,294,305,15,11
3457,35,54,274,288,19,14
3458,60,74,213,223,14,10
3459,58,88,228,251,30,23
3460,77,91,260,271,14,11
3461,93,107,219,230,14,11
3462,61,91,165,187,30,22
3463,61,92,199,222,31,23
3464,47,66,218,232,19,14
3465,30,43,243,253,13,10
3466,21,51,257,280,30,23
3467,17,39,284,300,22,16
3468,16,43,309,329,27,20
3469,10,36,329,348,26,19
3470,17,37,177,191,20,14
3471,25,45,143,157,20,14
3472,25,49,99,116,24,17
3473,29,46,71,84,17,13
3474,31,46,36,48,15,12
3475,44,63,7,21,19,14
3476,61,76,26,37,15,11
3477,58,73,42,53,15,11
3478,60,76,57,69,16,12
3479,63,75,73,82,12,9
3480,63,78,93,104,15,11
3481,57,89,100,124,32,24
3482,63,83,120,134,20,14
3483,73,101,77,98,28,21
3484,79,112,104,129,33,25
3485,86,126,126,156,40,30
3486,99,127,160,181,28,21
3487,98,122,232,251,24,19
3488,105,122,260,273,17,13
3489,102,124,275,292,22,17
3490,69,85,275,286,16,11
3491,57,102,282,316,45,34
3492,54,90,314,341,36,27
3493,36,49,290,300,13,10
3494,24,48,307,325,24,18
3495,19,46,327,347,27,20
3496,27,46,263,277,19,14
3497,21,46,235,254,25,19
3498,12,32,189,204,20,15
3499,14,27,156,166,13,10
3500,32,50,154,167,18,13
3501,32,54,171,187,22,16
3502,25,40,35,46,15,11
3503,23,39,50,62,16,12
3504,22,50,59,79,28,20
3505,49,68,24,38,19,14
3506,44,65,60,76,21,16
3507,40,57,78,90,17,12
3508,35,57,96,113,22,17
3509,33,58,112,131,25,19
3510,33,54,135,151,21,16
3511,32,67,143,170,35,27
3512,45,68,172,190,23,18
3513,41,65,188,206,24,18
3514,36,59,218,235,23,17
3515,37,64,234,254,27,20
3516,36,62,254,274,26,20
3517,39,68,277,300,29,23
3518,42,73,303,326,31,23
3519,38,74,315,342,36,27
3520,71,88,80,92,17,12
3521,58,73,102,114,15,12
3522,52,76,110,128,24,18
3523,51,64,131,141,13,10
3524,39,58,139,153,19,14
3525,100,120,59,74,20,15
3526,119,137,35,49,18,14
3527,86,107,36,52,21,16
3528,90,100,29,37,10,8
3529,73,83,27,35,10,8
3530,66,80,40,50,14,10
3531,61,76,47,57,15,10
3532,58,71,59,68,13,9
3533,56,70,68,79,14,11
3534,56,67,87,95,11,8
3535,49,58,95,102,9,7
3536,71,81,192,200,10,8
3537,75,83,209,216,8,7
3538,76,88,219,228,12,9
3539,135,158,11,28,23,17
3540,197,222,87,105,25,18
3541,51,62,207,215,11,8
3542,72,83,140,149,11,9
3543,98,119,121,137,21,16
3544,93,115,261,277,22,16
3545,82,98,189,201,16,12
3546,120,132,18,27,12,9
3547,98,119,301,317,21,16
3548,88,110,262,278,22,16
3549,87,106,239,253,19,14
3550,105,129,25,43,24,18
3551,117,134,114,127,17,13
3552,66,80,157,167,14,10
3553,76,89,209,220,13,11
3554,74,90,172,184,16,12
3555,48,56,125,131,8,6
3556,46,53,107,112,7,5
3557,63,80,132,145,17,13
3558,41,50,62,68,9,6
3559,41,51,93,100,10,7
3560,56,66,220,228,10,8
3561,65,76,261,269,11,8
3562,71,87,318,331,16,13
3563,100,112,303,312,12,9
3564,167,180,173,182,13,9
3565,139,158,249,263,19,14
3566,83,97,21,32,14,11
3567,37,47,212,219,10,7
3568,127,170,224,256,43,32
3569,72,94,150,167,22,17
3570,57,72,301,312,15,11
3571,41,51,257,264,10,7
3572,35,50,240,251,15,11
3573,107,134,43,64,27,21
3574,186,220,49,74,34,25
3575,90,119,232,254,29,22
3576,88,112,188,207,24,19
3577,51,63,285,294,12,9
3578,40,49,245,252,9,7
3579,46,56,97,104,10,7
3580,75,84,20,27,9,7
3581,29,39,221,229,10,8
3582,45,56,274,282,11,8
3583,120,139,322,337,19,15
3584,63,84,264,280,21,16
3585,48,75,332,352,27,20
3586,58,70,217,226,12,9
3587,146,167,-1,15,21,16
3588,78,93,139,151,15,12
3589,41,50,168,175,9,7
3590,137,161,95,113,24,18
3591,46,59,33,43,13,10
3592,139,161,0,17,22,17
3593,98,132,43,69,34,26
3594,58,76,41,53,18,12
3595,38,61,3,20,23,17
3596,28,44,204,216,16,12
3597,86,114,284,304,28,20
3598,41,61,336,351,20,15
3599,27,43,242,255,16,13
3600,30,47,109,122,17,13
3601,100,120,273,288,20,15
3602,120,134,114,125,14,11
3603,118,150,31,55,32,24
3604,80,102,55,71,22,16
3605,67,84,183,195,17,12
3606,78,90,291,301,12,10
3607,73,90,118,131,17,13
3608,58,73,143,153,15,10
3609,61,75,239,250,14,11
3610,89,108,314,328,19,14
3611,92,107,296,308,15,12
3612,89,111,8,24,22,16
3613,50,58,187,193,8,6
3614,56,68,259,268,12,9
3615,49,60,220,228,11,8
3616,97,116,121,135,19,14
3617,105,129,7,25,24,18
3618,174,205,288,310,31,22
3619,104,128,318,336,24,18
3620,112,133,259,275,21,16
3621,63,86,168,185,23,17
3622,68,82,73,84,14,11
3623,58,68,102,110,10,8
3624,56,68,50,58,12,8
3625,59,76,199,211,17,12
3626,90,105,325,336,15,11
3627,72,85,95,105,13,10
3628,68,85,49,62,17,13
3629,137,194,191,234,57,43
3630,127,172,221,255,45,34
3631,66,78,239,248,12,9
3632,73,87,123,133,14,10
3633,68,79,142,150,11,8
3634,77,93,84,96,16,12
3635,125,147,-1,16,22,17
3636,95,115,241,256,20,15
3637,70,95,328,347,25,19
3638,93,107,316,326,14,10
3639,69,84,288,300,15,12
3640,58,66,259,265,8,6
3641,111,122,88,96,11,8
3642,55,67,179,188,12,9
3643,64,79,163,174,15,11
3644,46,58,219,229,12,10
3645,51,60,169,176,9,7
3646,49,62,126,136,13,10
3647,75,89,45,55,14,10
3648,115,132,261,273,17,12
3649,114,137,315,332,23,17
3650,76,89,208,218,13,10
3651,139,154,55,65,15,10
3652,100,116,125,138,16,13
3653,145,176,221,244,31,23
3654,76,97,260,275,21,15
3655,76,100,227,246,24,19
3656,44,67,64,81,23,17
3657,45,63,133,147,18,14
3658,85,107,6,22,22,16
3659,34,63,195,217,29,22
3660,159,193,132,157,34,25
3661,176,212,18,46,36,28
3662,96,118,252,268,22,16
3663,115,145,170,192,30,22
3664,35,56,63,78,21,15
3665,35,54,144,158,19,14
3666,54,71,239,251,17,12
3667,73,93,188,203,20,15
3668,90,118,62,83,28,21
3669,46,69,1,18,23,17
3670,36,52,113,125,16,12
3671,41,74,205,230,33,25
3672,128,160,126,150,32,24
3673,114,143,258,280,29,22
3674,110,136,42,62,26,20
3675,102,131,97,119,29,22
3676,57,88,119,142,31,23
3677,76,88,10,19,12,9
3678,76,98,198,214,22,16
3679,74,100,260,279,26,19
3680,125,149,172,189,24,17
3681,73,95,235,251,22,16
3682,58,77,94,108,19,14
3683,83,112,98,121,29,23
3684,33,50,158,171,17,13
3685,32,71,273,302,39,29
3686,42,59,213,226,17,13
3687,166,200,79,105,34,26
3688,39,69,316,339,30,23
3689,26,46,83,98,20,15
3690,24,40,112,124,16,12
3691,140,164,56,75,24,19
3692,103,120,194,207,17,13
3693,132,159,331,351,27,20
3694,92,117,297,316,25,19
3695,102,124,264,281,22,17
3696,99,114,236,247,15,11
3697,164,194,175,197,30,22
3698,137,161,298,316,24,18
3699,94,121,251,271,27,20
3700,61,87,24,43,26,19
3701,37,54,118,131,17,13
3702,29,54,149,168,25,19
3703,67,89,288,304,22,16
3704,58,77,187,201,19,14
3705,105,131,32,51,26,19
3706,92,114,35,52,22,17
3707,163,181,37,50,18,13
3708,87,112,261,280,25,19
3709,74,95,216,232,21,16
3710,80,104,159,176,24,17
3711,56,74,145,159,18,14
3712,59,85,128,147,26,19
3713,45,58,55,65,13,10
3714,34,47,36,46,13,10
3715,44,52,97,103,8,6
3716,44,56,154,163,12,9
3717,58,72,212,222,14,10
3718,104,129,243,261,25,18
3719,111,134,259,276,23,17
3720,87,118,76,99,31,23
3721,88,110,24,41,22,17
3722,161,184,43,61,23,18
3723,63,85,176,192,22,16
3724,68,93,307,326,25,19
3725,46,77,231,254,31,23
3726,56,70,65,76,14,11
3727,54,72,111,124,18,13
3728,196,225,169,191,29,22
3729,47,72,7,26,25,19
3730,38,66,198,219,28,21
3731,124,144,140,155,20,15
3732,120,141,44,60,21,16
3733,114,142,321,342,28,21
3734,154,183,280,301,29,21
3735,205,222,65,78,17,13
3736,160,177,164,177,17,13
3737,132,145,200,210,13,10
3738,181,204,323,340,23,17
3739,118,133,160,171,15,11
3740,113,124,250,258,11,8
3741,74,86,219,228,12,9
3742,36,56,252,266,20,14
3743,41,60,121,135,19,14
3744,50,65,100,111,15,11
3745,176,197,22,38,21,16
3746,88,105,86,99,17,13
3747,78,98,158,173,20,15
3748,41,63,323,339,22,16
3749,97,115,306,319,18,13
3750,142,164,25,42,22,17
3751,84,103,279,293,19,14
3752,56,88,239,263,32,24
3753,66,88,179,196,22,17
3754,75,99,143,161,24,18
3755,66,80,84,95,14,11
3756,173,200,203,223,27,20
3757,134,157,250,268,23,18
3758,177,210,284,309,33,25
3759,12,34,73,89,22,16
3760,8,39,187,210,31,23
3761,84,104,260,275,20,15
3762,114,144,178,200,30,22
3763,195,219,70,88,24,18
3764,71,94,126,143,23,17
3765,79,97,74,87,18,13
3766,42,66,87,105,24,18
3767,49,71,223,240,22,17
3768,96,114,297,310,18,13
3769,112,128,238,250,16,12
3770,90,105,35,45,15,10
3771,181,208,296,316,27,20
3772,122,148,279,299,26,20
3773,62,78,148,160,16,12
3774,61,78,179,192,17,13
3775,78,95,226,238,17,12
3776,105,130,73,91,25,18
3777,51,66,66,77,15,11
3778,67,84,89,102,17,13
3779,49,61,136,146,12,10
3780,59,72,236,246,13,10
3781,122,141,75,90,19,15
3782,72,92,118,133,20,15
3783,68,84,172,184,16,12
3784,87,107,316,331,20,15
3785,112,129,249,262,17,13
3786,165,192,94,114,27,20
3787,51,64,187,198,13,11
3788,49,66,240,253,17,13
3789,80,100,195,211,20,16
3790,91,107,33,44,16,11
3791,71,89,79,92,18,13
3792,71,93,335,352,22,17
3793,70,87,290,303,17,13
3794,41,52,206,215,11,9
3795,83,98,76,87,15,11
3796,66,80,100,111,14,11
3797,66,78,236,245,12,9
3798,96,118,287,304,22,17
3799,68,85,188,200,17,12
3800,51,65,155,165,14,10
3801,51,61,126,133,10,7
3802,70,81,147,156,11,9
3803,85,102,144,156,17,12
3804,66,85,308,322,19,14
3805,73,94,258,274,21,16
3806,118,137,73,88,19,15
3807,46,62,94,105,16,11
3808,32,46,234,246,14,12
3809,67,91,240,258,24,18
3810,124,153,226,248,29,22
3811,64,85,34,50,21,16
3812,112,133,104,120,21,16
3813,30,49,169,183,19,14
3814,28,46,252,265,18,13
3815,78,102,271,289,24,18
3816,75,93,149,163,18,14
3817,152,178,318,338,26,20
3818,112,124,47,56,12,9
3819,120,139,117,131,19,14
3820,108,126,74,88,18,14
3821,88,107,263,277,19,14
3822,63,83,131,146,20,15
3823,61,71,150,157,10,7
3824,38,46,67,73,8,6
3825,71,87,292,303,16,11
3826,38,56,84,98,18,14
3827,36,55,57,71,19,14
3828,93,110,30,43,17,13
3829,139,159,2,17,20,15
3830,127,146,76,89,19,13
3831,63,87,176,194,24,18
3832,16,25,227,234,9,7
3833,38,56,321,334,18,13
3834,39,57,262,275,18,13
3835,36,54,87,101,18,14
3836,46,58,43,53,12,10
3837,61,77,74,86,16,12
3838,27,44,207,220,17,13
3839,31,48,238,251,17,13
3840,35,50,296,307,15,11
3841,60,80,203,218,20,15
3842,124,141,225,238,17,13
3843,87,100,5,15,13,10
3844,100,119,73,87,19,14
3845,103,122,268,282,19,14
3846,178,212,264,289,34,25
3847,107,129,135,151,22,16
3848,59,82,171,188,23,17
3849,71,94,119,137,23,18
3850,132,160,159,180,28,21
3851,148,171,73,90,23,17
3852,217,237,171,186,20,15
3853,40,61,283,299,21,16
3854,33,58,235,255,25,20
3855,70,92,93,110,22,17
3856,83,95,153,162,12,9
3857,71,88,216,229,17,13
3858,76,93,256,268,17,12
3859,27,48,61,77,21,16
3860,49,76,14,34,27,20
3861,51,64,93,102,13,9
3862,43,58,109,120,15,11
3863,65,85,47,63,20,16
3864,10,32,12,28,22,16
3865,120,136,102,114,16,12
3866,91,117,35,55,26,20
3867,80,104,201,219,24,18
3868,48,63,336,348,15,12
3869,52,75,288,305,23,17
3870,47,61,80,90,14,10
3871,51,68,7,20,17,13
3872,159,176,39,51,17,12
3873,193,215,90,107,22,17
3874,107,126,99,113,19,14
3875,56,73,147,160,17,13
3876,61,85,222,240,24,18
3877,102,122,232,247,20,15
3878,36,51,119,131,15,12
3879,32,52,221,235,20,14
3880,35,58,255,273,23,18
3881,79,98,325,339,19,14
3882,107,129,175,191,22,16
3883,77,91,106,117,14,11
3884,63,81,159,173,18,14
3885,147,168,143,159,21,16
3886,176,191,237,248,15,11
3887,166,188,286,302,22,16
3888,161,190,52,74,29,22
3889,82,105,246,263,23,17
3890,88,110,105,122,22,17
3891,36,58,61,78,22,17
3892,71,82,55,63,11,8
3893,69,88,205,219,19,14
3894,48,67,109,124,19,15
3895,66,78,70,78,12,8
3896,39,57,303,317,18,14
3897,73,92,205,219,19,14
3898,40,53,213,222,13,9
3899,21,34,257,266,13,9
3900,124,141,105,117,17,12
3901,181,212,253,276,31,23
3902,98,111,75,85,13,10
3903,195,222,66,86,27,20
3904,148,174,185,205,26,20
3905,95,110,234,246,15,12
3906,66,82,221,233,16,12
3907,36,54,318,331,18,13
3908,36,63,82,103,27,21
3909,55,68,135,145,13,10
3910,78,85,108,113,7,5
3911,102,120,126,139,18,13
3912,78,91,214,224,13,10
3913,103,117,245,256,14,11
3914,98,115,296,308,17,12
3915,52,68,302,314,16,12
3916,54,66,233,242,12,9
3917,71,83,154,163,12,9
3918,71,85,131,142,14,11
3919,95,110,65,77,15,12
3920,164,183,28,42,19,14
3921,127,149,158,174,22,16
3922,137,167,212,234,30,22
3923,68,93,183,202,25,19
3924,164,190,223,243,26,20
3925,137,150,201,211,13,10
3926,112,120,182,187,8,5
3927,164,185,110,125,21,15
3928,106,122,43,55,16,12
3929,100,119,270,284,19,14
3930,58,73,146,157,15,11
3931,36,49,80,89,13,9
3932,61,80,118,132,19,14
3933,86,104,115,128,18,13
3934,90,109,186,200,19,14
3935,139,156,144,156,17,12
3936,66,87,241,257,21,16
3937,71,91,320,335,20,15
3938,92,114,61,77,22,16
3939,51,80,161,184,29,23
3940,100,134,253,278,34,25
3941,164,207,110,143,43,33
3942,80,94,94,104,14,10
3943,61,78,224,237,17,13
3944,51,68,287,300,17,13
3945,146,167,28,44,21,16
3946,86,108,195,211,22,16
3947,87,103,324,336,16,12
3948,81,105,116,134,24,18
3949,63,78,160,170,15,10
3950,156,190,132,157,34,25
3951,65,85,203,219,20,16
3952,98,124,229,249,26,20
3953,44,58,135,145,14,10
3954,68,87,64,77,19,13
3955,121,151,296,318,30,22
3956,191,214,57,74,23,17
3957,114,153,147,176,39,29
3958,67,90,126,143,23,17
3959,65,75,98,105,10,7
3960,39,47,180,186,8,6
3961,51,66,245,257,15,12
3962,52,73,319,334,21,15
3963,73,91,188,202,18,14
3964,49,59,211,219,10,8
3965,51,66,230,240,15,10
3966,135,153,5,18,18,13
3967,107,126,80,95,19,15
3968,137,156,37,51,19,14
3969,112,146,215,240,34,25
3970,183,207,178,196,24,18
3971,59,72,147,156,13,9
3972,61,84,119,137,23,18
3973,129,149,42,58,20,16
3974,111,129,69,83,18,14
3975,131,158,202,223,27,21
3976,94,113,271,286,19,15
3977,73,90,207,220,17,13
3978,129,151,13,30,22,17
3979,109,136,45,66,27,21
3980,157,186,71,92,29,21
3981,140,167,175,195,27,20
3982,101,129,263,284,28,21
3983,93,123,297,320,30,23
3984,164,190,330,350,26,20
3985,148,183,209,235,35,26
3986,208,234,184,203,26,19
3987,68,90,223,239,22,16
3988,79,93,202,212,14,10
3989,95,110,181,192,15,11
3990,49,58,221,228,9,7
3991,30,39,195,202,9,7
3992,44,54,266,274,10,8
3993,40,49,278,285,9,7
3994,26,46,236,251,20,15
3995,101,128,130,150,27,20
3996,63,82,215,230,19,15
3997,63,82,254,269,19,15
3998,177,204,236,256,27,20
3999,90,122,42,66,32,24
4000,59,78,41,55,19,14
4001,46,64,97,111,18,14
4002,27,46,145,159,19,14
4003,56,79,160,177,23,17
4004,15,38,205,222,23,17
4005,23,40,270,283,17,13
4006,46,64,331,345,18,14
4007,144,186,85,116,42,31
4008,190,236,286,321,46,35
4009,132,166,337,363,34,26
4010,60,68,205,211,8,6
4011,52,59,188,193,7,5
4012,127,159,105,129,32,24
4013,139,164,38,56,25,18
4014,76,95,9,23,19,14
4015,41,57,108,121,16,13
4016,53,68,243,254,15,11
4017,39,55,302,314,16,12
4018,48,69,323,339,21,16
4019,68,83,228,239,15,11
4020,62,78,154,166,16,12
4021,77,93,125,137,16,12
4022,78,91,183,193,13,10
4023,117,129,252,261,12,9
4024,156,185,171,192,29,21
4025,110,133,186,203,23,17
4026,183,211,68,89,28,21
4027,145,173,308,329,28,21
4028,198,222,258,276,24,18
4029,102,123,145,161,21,16
4030,28,34,204,209,6,5
4031,48,51,172,175,3,3
4032,35,51,152,164,16,12
4033,30,45,265,276,15,11
4034,111,134,255,272,23,17
4035,153,173,324,339,20,15
4036,203,234,332,355,31,23
4037,147,173,279,299,26,20
4038,141,163,116,133,22,17
4039,115,142,40,60,27,20
4040,66,86,23,38,20,15
4041,55,68,126,136,13,10
4042,58,77,178,192,19,14
4043,80,94,206,217,14,11
4044,76,91,263,274,15,11
4045,95,110,111,122,15,11
4046,89,105,88,101,16,13
4047,144,171,166,186,27,20
4048,177,204,21,42,27,21
4049,200,212,173,181,12,8
4050,78,91,298,307,13,9
4051,137,154,11,25,17,14
4052,154,173,319,333,19,14
4053,85,100,296,307,15,11
4054,130,151,174,190,21,16
4055,57,66,228,234,9,6
4056,46,58,264,274,12,10
4057,52,63,244,253,11,9
4058,74,85,199,207,11,8
4059,88,100,240,249,12,9
4060,71,83,141,149,12,8
4061,74,89,162,173,15,11
4062,137,156,251,266,19,15
4063,85,98,120,130,13,10
4064,102,118,190,201,16,11
4065,92,110,33,46,18,13
4066,56,71,86,97,15,11
4067,65,76,223,232,11,9
4068,66,80,272,282,14,10
4069,110,133,92,109,23,17
4070,102,122,267,282,20,15
4071,159,176,139,152,17,13
4072,181,206,4,22,25,18
4073,168,190,319,336,22,17
4074,139,162,228,245,23,17
4075,156,185,319,340,29,21
4076,178,211,200,225,33,25
4077,93,116,41,59,23,18
4078,87,104,80,93,17,13
4079,106,124,163,176,18,13
4080,78,100,217,234,22,17
4081,69,84,128,139,15,11
4082,65,80,172,184,15,12
4083,151,176,42,61,25,19
4084,124,147,122,139,23,17
4085,138,155,14,26,17,12
4086,111,129,55,69,18,14
4087,132,155,178,195,23,17
4088,96,114,293,306,18,13
4089,71,88,183,196,17,13
4090,166,177,36,45,11,9
4091,71,99,328,349,28,21
4092,135,151,309,320,16,11
4093,161,173,341,350,12,9
4094,132,152,165,180,20,15
4095,143,157,59,70,14,11
4096,171,183,39,49,12,10
4097,94,109,184,195,15,11
4098,90,100,248,256,10,8
4099,101,122,269,285,21,16
4100,119,135,75,87,16,12
4101,136,155,102,117,19,15
4102,167,184,70,83,17,13
4103,182,203,16,31,21,15
4104,129,144,211,223,15,12
4105,115,128,240,249,13,9
4106,114,143,252,274,29,22
4107,211,230,253,267,19,14
4108,68,81,83,92,13,9
4109,72,83,34,42,11,8
4110,68,82,179,189,14,10
4111,44,57,132,142,13,10
4112,124,141,129,141,17,12
4113,98,111,50,60,13,10
4114,121,134,19,29,13,10
4115,117,141,259,277,24,18
4116,122,134,161,171,12,10
4117,68,83,259,270,15,11
4118,11,22,63,71,11,8
4119,50,65,95,106,15,11
4120,51,73,174,190,22,16
4121,52,63,132,141,11,9
4122,71,81,64,72,10,8
4123,166,183,270,284,17,14
4124,202,220,304,317,18,13
4125,78,90,223,233,12,10
4126,71,90,195,209,19,14
4127,115,132,105,118,17,13
4128,82,98,64,76,16,12
4129,103,121,23,37,18,14
4130,83,99,258,270,16,12
4131,50,66,286,298,16,12
4132,72,85,207,217,13,10
4133,75,90,159,170,15,11
4134,50,58,47,54,8,7
4135,53,62,71,78,9,7
4136,58,71,97,107,13,10
4137,52,59,119,124,7,5
4138,43,49,102,106,6,4
4139,40,48,77,83,8,6
4140,72,88,231,243,16,12
4141,70,78,275,281,8,6
4142,130,146,189,201,16,12
4143,61,81,140,156,20,16
4144,85,93,40,45,8,5
4145,107,119,56,64,12,8
4146,75,95,83,98,20,15
4147,90,100,218,225,10,7
4148,83,100,293,306,17,13
4149,48,63,89,100,15,11
4150,58,69,53,61,11,8
4151,68,76,189,196,8,7
4152,120,132,225,234,12,9
4153,111,124,291,301,13,10
4154,140,154,26,36,14,10
4155,47,67,91,106,20,15
4156,71,90,141,156,19,15
4157,108,119,29,37,11,8
4158,46,59,6,16,13,10
4159,30,42,151,160,12,9
4160,32,51,191,205,19,14
4161,100,115,253,264,15,11
4162,94,115,277,293,21,16
4163,71,80,292,299,9,7
4164,24,32,52,58,8,6
4165,33,49,115,127,16,12
4166,63,79,182,194,16,12
4167,87,100,64,73,13,9
4168,115,137,157,174,22,17
4169,161,186,281,300,25,19
4170,183,197,184,194,14,10
4171,185,202,39,51,17,12
4172,129,150,140,156,21,16
4173,124,139,195,207,15,12
4174,98,109,295,303,11,8
4175,124,137,331,340,13,9
4176,142,152,295,303,10,8
4177,144,160,57,69,16,12
4178,115,136,30,46,21,16
4179,179,204,187,206,25,19
4180,85,100,230,241,15,11
4181,88,105,178,191,17,13
4182,159,171,126,136,12,10
4183,203,222,59,72,19,13
4184,200,230,176,199,30,23
4185,117,132,253,265,15,12
4186,159,177,265,279,18,14
4187,119,136,201,214,17,13
4188,112,126,72,82,14,10
4189,102,120,115,129,18,14
4190,135,162,141,161,27,20
4191,84,101,257,270,17,13
4192,92,121,301,323,29,22
4193,93,127,323,349,34,26
4194,166,187,264,280,21,16
4195,215,233,266,280,18,14
4196,138,164,170,189,26,19
4197,146,178,36,60,32,24
4198,78,93,33,45,15,12
4199,63,82,64,78,19,14
4200,56,67,109,117,11,8
4201,53,73,137,153,20,16
4202,52,68,168,179,16,11
4203,66,94,221,242,28,21
4204,73,90,192,204,17,12
4205,87,100,122,132,13,10
4206,92,113,79,95,21,16
4207,151,179,108,129,28,21
4208,193,215,154,171,22,17
4209,137,153,148,160,16,12
4210,119,130,162,171,11,9
4211,120,132,142,151,12,9
4212,122,134,229,238,12,9
4213,173,185,210,218,12,8
4214,194,212,272,286,18,14
4215,183,208,113,131,25,18
4216,131,154,253,270,23,17
4217,142,174,292,316,32,24
4218,98,115,256,268,17,12
4219,104,122,193,206,18,13
4220,74,91,151,163,17,12
4221,61,78,108,121,17,13
4222,54,75,50,65,21,15
4223,72,85,289,298,13,9
4224,41,57,139,151,16,12
4225,57,76,113,126,19,13
4226,110,140,165,188,30,23
4227,113,149,281,308,36,27
4228,189,209,211,226,20,15
4229,138,164,90,110,26,20
4230,53,68,22,33,15,11
4231,58,80,63,79,22,16
4232,44,60,245,258,16,13
4233,99,118,321,335,19,14
4234,37,51,119,129,14,10
4235,28,41,88,98,13,10
4236,22,29,71,77,7,6
4237,39,48,78,84,9,6
4238,34,39,22,26,5,4
4239,50,61,34,42,11,8
4240,56,66,50,57,10,7
4241,92,101,71,77,9,6
4242,64,76,261,270,12,9
4243,83,98,215,227,15,12
4244,78,95,152,165,17,13
4245,55,59,202,205,4,3
4246,46,52,246,251,6,5
4247,51,58,282,287,7,5
4248,83,96,240,249,13,9
4249,71,83,121,129,12,8
4250,101,116,187,198,15,11
4251,110,132,128,144,22,16
4252,128,146,40,53,18,13
4253,122,137,75,86,15,11
4254,170,181,205,213,11,8
4255,167,185,153,166,18,13
4256,39,44,198,201,5,3
4257,34,41,213,219,7,6
4258,32,44,231,240,12,9
4259,22,36,165,176,14,11
4260,24,34,93,100,10,7
4261,31,43,33,42,12,9
4262,77,95,220,233,18,13
4263,54,61,245,251,7,6
4264,49,67,302,316,18,14
4265,89,106,313,326,17,13
4266,105,120,27,38,15,11
4267,78,94,108,121,16,13
4268,88,104,260,272,16,12
4269,57,72,286,297,15,11
4270,74,85,175,183,11,8
4271,124,139,186,197,15,11
4272,154,174,121,136,20,15
4273,172,191,222,237,19,15
4274,188,209,44,60,21,16
4275,39,49,76,84,10,8
4276,42,56,161,171,14,10
4277,104,125,231,247,21,16
4278,130,148,102,115,18,13
4279,71,83,132,141,12,9
4280,114,132,114,128,18,14
4281,107,120,31,40,13,9
4282,168,193,141,160,25,19
4283,142,160,219,233,18,14
4284,162,176,17,28,14,11
4285,199,205,22,26,6,4
4286,73,89,166,178,16,12
4287,44,54,84,91,10,7
4288,30,41,142,150,11,8
4289,3,15,148,157,12,9
4290,9,24,226,237,15,11
4291,16,42,274,293,26,19
4292,46,62,329,341,16,12
4293,29,47,187,201,18,14
4294,71,90,80,94,19,14
4295,47,62,45,56,15,11
4296,32,41,68,76,9,8
4297,29,36,36,41,7,5
4298,116,125,208,215,9,7
4299,54,63,65,73,9,8
4300,103,117,271,281,14,10
4301,134,157,307,324,23,17
4302,107,127,66,82,20,16
4303,133,161,12,33,28,21
4304,61,75,171,181,14,10
4305,43,54,191,199,11,8
4306,88,108,183,199,20,16
4307,34,51,217,229,17,12
4308,32,54,125,141,22,16
4309,26,51,152,171,25,19
4310,37,59,42,59,22,17
4311,139,164,131,149,25,18
4312,140,159,95,109,19,14
4313,132,149,209,222,17,13
4314,171,194,246,264,23,18
4315,83,106,315,332,23,17
4316,116,134,88,101,18,13
4317,79,99,189,204,20,15
4318,115,135,235,250,20,15
4319,80,94,258,269,14,11
4320,58,73,232,244,15,12
4321,32,44,111,121,12,10
4322,34,46,65,73,12,8
4323,35,46,170,178,11,8
4324,64,85,90,106,21,16
4325,134,151,1,15,17,14
4326,59,76,144,157,17,13
4327,52,70,177,191,18,14
4328,45,58,251,260,13,9
4329,10,35,129,147,25,18
4330,36,51,107,119,15,12
4331,34,49,221,231,15,10
4332,100,122,112,128,22,16
4333,157,180,102,119,23,17
4334,179,203,162,180,24,18
4335,146,183,234,262,37,28
4336,40,74,295,321,34,26
4337,69,89,328,343,20,15
4338,65,84,224,239,19,15
4339,87,114,154,174,27,20
4340,154,183,11,33,29,22
4341,174,232,41,84,58,43
4342,35,54,298,312,19,14
4343,100,117,293,305,17,12
4344,59,72,136,146,13,10
4345,73,85,210,219,12,9
4346,122,145,142,159,23,17
4347,95,122,173,194,27,21
4348,102,135,49,74,33,25
4349,173,203,130,152,30,22
4350,47,69,245,262,22,17
4351,31,65,159,185,34,26
4352,68,100,300,324,32,24
4353,98,127,169,190,29,21
4354,116,124,64,71,8,7
4355,149,178,220,242,29,22
4356,96,123,294,314,27,20
4357,68,78,182,190,10,8
4358,63,73,219,226,10,7
4359,43,57,275,286,14,11
4360,36,52,63,75,16,12
4361,66,79,35,45,13,10
4362,43,61,153,167,18,14
4363,137,154,105,118,17,13
4364,185,205,12,27,20,15
4365,183,202,137,151,19,14
4366,187,214,158,178,27,20
4367,68,86,105,119,18,14
4368,66,81,21,32,15,11
4369,122,144,31,47,22,16
4370,49,61,193,202,12,9
4371,34,48,231,242,14,11
4372,81,105,227,245,24,18
4373,29,48,312,326,19,14
4374,72,96,164,182,24,18
4375,95,123,292,313,28,21
4376,151,165,319,329,14,10
4377,146,164,251,264,18,13
4378,45,61,139,151,16,12
4379,107,135,94,115,28,21
4380,34,48,58,68,14,10
4381,200,237,322,349,37,27
4382,148,183,221,248,35,27
4383,198,221,221,238,23,17
4384,65,79,88,99,14,11
4385,76,94,320,334,18,14
4386,46,63,302,315,17,13
4387,32,48,137,149,16,12
4388,32,47,176,187,15,11
4389,30,46,201,213,16,12
4390,49,66,27,40,17,13
4391,101,140,40,69,39,29
4392,65,85,105,121,20,16
4393,63,87,24,42,24,18
4394,44,57,85,95,13,10
4395,43,55,71,80,12,9
4396,49,71,288,304,22,16
4397,34,49,224,235,15,11
4398,58,84,236,255,26,19
4399,126,151,224,242,25,18
4400,43,63,167,182,20,15
4401,25,39,206,216,14,10
4402,104,124,129,144,20,15
4403,146,166,202,217,20,15
4404,97,115,302,316,18,14
4405,117,144,240,260,27,20
4406,34,49,237,248,15,11
4407,27,46,193,207,19,14
4408,46,72,129,148,26,19
4409,121,139,142,155,18,13
4410,106,129,184,201,23,17
4411,177,213,68,95,36,27
4412,176,196,204,219,20,15
4413,195,222,129,149,27,20
4414,73,98,232,250,25,18
4415,90,120,228,250,30,22
4416,56,71,197,209,15,12
4417,71,87,153,165,16,12
4418,63,82,128,142,19,14
4419,103,124,94,110,21,16
4420,126,146,63,78,20,15
4421,151,173,7,23,22,16
4422,119,144,169,189,25,20
4423,142,175,267,291,33,24
4424,43,58,223,234,15,11
4425,41,58,304,316,17,12
4426,38,51,173,182,13,9
4427,29,34,213,217,5,4
4428,16,22,211,216,6,5
4429,22,32,190,198,10,8
4430,32,40,147,153,8,6
4431,44,56,82,91,12,9
4432,139,161,150,167,22,17
4433,121,139,184,197,18,13
4434,102,123,217,232,21,15
4435,73,85,183,193,12,10
4436,54,69,160,171,15,11
4437,54,71,191,204,17,13
4438,49,62,87,97,13,10
4439,51,61,43,51,10,8
4440,114,124,18,25,10,7
4441,157,182,183,202,25,19
4442,147,160,109,119,13,10
4443,87,99,178,187,12,9
4444,76,85,105,112,9,7
4445,53,66,191,200,13,9
4446,49,63,254,265,14,11
4447,98,112,1,12,14,11
4448,63,78,50,61,15,11
4449,97,122,106,124,25,18
4450,139,160,177,192,21,15
4451,153,176,56,73,23,17
4452,165,181,263,275,16,12
4453,145,164,119,134,19,15
4454,49,63,130,140,14,10
4455,41,61,77,92,20,15
4456,61,76,165,176,15,11
4457,61,78,40,52,17,12
4458,106,124,82,95,18,13
4459,62,79,252,265,17,13
4460,94,111,214,227,17,13
4461,154,171,159,172,17,13
4462,101,118,181,194,17,13
4463,85,101,84,96,16,12
4464,99,115,119,131,16,12
4465,164,184,255,270,20,15
4466,146,166,158,173,20,15
4467,41,57,210,222,16,12
4468,53,74,114,130,21,16
4469,44,63,47,61,19,14
4470,63,76,71,81,13,10
4471,68,89,204,219,21,15
4472,84,105,56,72,21,16
4473,155,177,142,159,22,17
4474,181,207,240,260,26,20
4475,61,78,272,284,17,12
4476,57,77,321,336,20,15
4477,7,28,144,160,21,16
4478,94,116,66,82,22,16
4479,105,116,26,34,11,8
4480,57,73,267,280,16,13
4481,70,87,187,200,17,13
4482,110,122,149,159,12,10
4483,136,154,189,203,18,14
4484,149,169,109,124,20,15
4485,46,66,75,90,20,15
4486,41,55,157,167,14,10
4487,41,59,233,247,18,14
4488,79,93,260,270,14,10
4489,88,98,205,213,10,8
4490,116,138,256,272,22,16
4491,85,101,74,87,16,13
4492,70,97,102,122,27,20
4493,120,137,66,79,17,13
4494,100,124,134,152,24,18
4495,144,180,310,336,36,26
4496,66,77,285,293,11,8
4497,58,69,223,232,11,9
4498,83,93,186,194,10,8
4499,88,102,230,240,14,10
4500,96,116,25,40,20,15
4501,82,102,144,160,20,16
4502,73,95,179,195,22,16
4503,76,87,121,129,11,8
4504,86,98,250,259,12,9
4505,115,134,214,229,19,15
4506,131,144,158,168,13,10
4507,161,174,100,109,13,9
4508,134,149,16,27,15,11
4509,115,137,274,290,22,16
4510,123,139,312,323,16,11
4511,174,192,177,190,18,13
4512,78,92,95,105,14,10
4513,200,219,59,72,19,13
4514,187,209,166,182,22,16
4515,134,160,302,321,26,19
4516,124,137,219,228,13,9
4517,116,129,234,244,13,10
4518,117,134,158,171,17,13
4519,112,120,175,181,8,6
4520,113,123,190,198,10,8
4521,110,119,139,146,9,7
4522,105,145,261,291,40,30
4523,122,156,140,167,34,27
4524,95,119,44,62,24,18
4525,93,113,7,22,20,15
4526,142,159,1,14,17,13
4527,170,198,233,253,28,20
4528,177,208,291,314,31,23
4529,64,78,163,173,14,10
4530,41,54,205,215,13,10
4531,37,55,250,264,18,14
4532,48,69,104,120,21,16
4533,39,56,291,303,17,12
4534,101,120,89,103,19,14
4535,156,196,47,78,40,31
4536,9,28,145,159,19,14
4537,10,27,320,332,17,12
4538,88,109,204,219,21,15
4539,122,144,240,256,22,16
4540,139,161,83,100,22,17
4541,62,76,195,206,14,11
4542,32,41,231,238,9,7
4543,4,17,147,156,13,9
4544,4,22,177,191,18,14
4545,37,56,141,155,19,14
4546,29,43,197,208,14,11
4547,103,122,161,175,19,14
4548,158,188,184,207,30,23
4549,88,113,178,197,25,19
4550,83,98,273,284,15,11
4551,61,71,330,338,10,8
4552,56,68,231,241,12,10
4553,52,67,196,207,15,11
4554,132,154,13,29,22,16
4555,134,168,112,137,34,25
4556,151,183,239,262,32,23
4557,198,217,65,79,19,14
4558,110,164,6,46,54,40
4559,63,95,236,261,32,25
4560,58,85,135,155,27,20
4561,7,27,179,194,20,15
4562,56,78,180,196,22,16
4563,124,151,204,224,27,20
4564,144,164,115,130,20,15
4565,122,146,315,333,24,18
4566,194,215,256,271,21,15
4567,24,40,299,311,16,12
4568,74,93,70,84,19,14
4569,201,223,54,71,22,17
4570,138,151,202,212,13,10
4571,121,135,252,262,14,10
4572,115,121,149,153,6,4
4573,134,142,141,147,8,6
4574,176,194,98,111,18,13
4575,184,203,140,154,19,14
4576,170,185,271,283,15,12
4577,92,107,313,324,15,11
4578,56,63,179,184,7,5
4579,59,73,121,132,14,11
4580,24,41,61,74,17,13
4581,65,83,157,171,18,14
4582,32,48,225,237,16,12
4583,31,48,180,193,17,13
4584,30,43,44,54,13,10
4585,69,81,23,32,12,9
4586,113,134,76,92,21,16
4587,127,143,222,234,16,12
4588,100,124,133,151,24,18
4589,190,211,55,71,21,16
4590,22,39,321,333,17,12
4591,3,19,190,202,16,12
4592,7,24,89,102,17,13
4593,86,107,200,216,21,16
4594,89,117,165,186,28,21
4595,114,134,105,121,20,16
4596,104,121,24,37,17,13
4597,93,106,160,170,13,10
4598,60,70,137,144,10,7
4599,30,39,130,137,9,7
4600,56,75,82,97,19,15
4601,62,80,314,328,18,14
4602,57,71,77,87,14,10
4603,63,79,115,128,16,13
4604,112,139,165,186,27,21
4605,132,158,7,27,26,20
4606,184,203,284,298,19,14
4607,76,102,251,271,26,20
4608,71,90,101,115,19,14
4609,92,121,244,266,29,22
4610,49,76,181,201,27,20
4611,117,145,159,180,28,21
4612,122,130,165,172,8,7
4613,127,134,198,204,7,6
4614,144,153,112,119,9,7
4615,145,163,249,262,18,13
4616,112,132,257,272,20,15
4617,133,151,150,164,18,14
4618,97,112,28,39,15,11
4619,141,161,40,55,20,15
4620,119,135,88,101,16,13
4621,69,81,99,108,12,9
4622,55,68,121,131,13,10
4623,52,78,167,187,26,20
4624,65,81,258,270,16,12
4625,32,46,267,277,14,10
4626,2,25,209,227,23,18
4627,27,41,57,67,14,10
4628,56,70,41,51,14,10
4629,86,100,129,139,14,10
4630,151,174,289,307,23,18
4631,172,194,77,94,22,17
4632,183,198,155,166,15,11
4633,179,206,204,225,27,21
4634,90,100,95,102,10,7
4635,93,112,58,73,19,15
4636,61,78,293,305,17,12
4637,57,73,333,345,16,12
4638,51,66,215,227,15,12
4639,13,27,151,161,14,10
4640,41,56,139,150,15,11
4641,93,110,7,20,17,13
4642,92,112,134,150,20,16
4643,34,53,144,159,19,15
4644,42,61,197,211,19,14
4645,106,126,172,187,20,15
4646,56,72,122,134,16,12
4647,57,67,90,98,10,8
4648,54,65,186,194,11,8
4649,144,158,66,76,14,10
4650,40,53,299,309,13,10
4651,34,49,68,79,15,11
4652,32,50,89,103,18,14
4653,98,114,25,38,16,13
4654,89,103,135,145,14,10
4655,100,117,252,265,17,13
4656,137,152,195,207,15,12
4657,131,152,20,36,21,16
4658,5,18,249,259,13,10
4659,17,40,140,157,23,17
4660,166,192,198,218,26,20
4661,178,201,94,111,23,17
4662,198,222,291,308,24,17
4663,70,91,128,144,21,16
4664,96,116,289,304,20,15
4665,54,74,210,225,20,15
4666,34,59,264,283,25,19
4667,100,117,55,68,17,13
4668,71,95,294,313,24,19
4669,49,63,204,214,14,10
4670,63,81,140,154,18,14
4671,183,205,75,91,22,16
4672,93,118,190,209,25,19
4673,51,69,250,264,18,14
4674,113,138,300,319,25,19
4675,120,150,245,268,30,23
4676,83,102,92,107,19,15
4677,66,85,65,79,19,14
4678,108,134,101,121,26,20
4679,98,107,221,228,9,7
4680,98,108,184,192,10,8
4681,100,139,257,286,39,29
4682,16,30,223,233,14,10
4683,11,29,315,329,18,14
4684,56,71,325,337,15,12
4685,11,26,90,102,15,12
4686,43,52,139,146,9,7
4687,72,91,164,178,19,14
4688,111,133,8,24,22,16
4689,157,196,37,66,39,29
4690,110,124,123,134,14,11
4691,99,116,196,209,17,13
4692,102,119,264,277,17,13
4693,130,144,143,154,14,11
4694,146,173,316,337,27,21
4695,80,97,311,324,17,13
4696,168,188,64,80,20,16
4697,34,63,84,106,29,22
4698,54,77,67,84,23,17
4699,114,129,121,132,15,11
4700,118,144,170,189,26,19
4701,66,81,222,234,15,12
4702,56,81,125,144,25,19
4703,139,159,235,250,20,15
4704,145,161,100,112,16,12
4705,124,143,317,331,19,14
4706,66,88,327,343,22,16
4707,3,17,280,291,14,11
4708,30,45,225,236,15,11
4709,210,226,31,42,16,11
4710,9,33,39,58,24,19
4711,155,163,148,154,8,6
4712,124,131,223,228,7,5
4713,139,147,214,220,8,6
4714,117,125,205,210,8,5
4715,109,115,160,164,6,4
4716,123,130,105,110,7,5
4717,95,105,208,215,10,7
4718,110,124,262,273,14,11
4719,100,109,132,139,9,7
4720,116,132,213,225,16,12
4721,84,99,275,286,15,11
4722,68,87,227,241,19,14
4723,48,67,88,102,19,14
4724,109,123,93,103,14,10
4725,161,178,193,206,17,13
4726,166,180,43,54,14,11
4727,84,95,107,115,11,8
4728,117,139,183,199,22,16
4729,106,119,23,33,13,10
4730,100,112,66,75,12,9
4731,36,44,104,110,8,6
4732,61,71,174,181,10,7
4733,73,86,197,207,13,10
4734,53,64,244,252,11,8
4735,76,88,75,83,12,8
4736,90,106,128,140,16,12
4737,138,153,299,310,15,11
4738,120,131,78,86,11,8
4739,140,158,162,175,18,13
4740,32,38,190,194,6,4
4741,33,42,208,215,9,7
4742,132,148,213,225,16,12
4743,118,140,246,263,22,17
4744,122,142,288,303,20,15
4745,112,141,81,103,29,22
4746,69,83,107,118,14,11
4747,67,83,133,144,16,11
4748,146,168,121,137,22,16
4749,54,71,44,56,17,12
4750,14,29,81,92,15,11
4751,8,34,277,296,26,19
4752,24,49,195,214,25,19
4753,52,73,230,245,21,15
4754,158,193,175,201,35,26
4755,183,206,266,283,23,17
4756,161,180,29,43,19,14
4757,64,88,94,112,24,18
4758,46,68,153,169,22,16
4759,46,59,40,50,13,10
4760,51,61,203,211,10,8
4761,33,50,222,234,17,12
4762,125,147,192,209,22,17
4763,151,179,143,164,28,21
4764,159,175,75,86,16,11
4765,78,94,82,94,16,12
4766,90,106,55,67,16,12
4767,122,137,62,74,15,12
4768,117,136,195,210,19,15
4769,76,95,214,228,19,14
4770,44,56,268,278,12,10
4771,46,62,299,311,16,12
4772,108,134,309,329,26,20
4773,49,61,184,193,12,9
4774,17,31,211,222,14,11
4775,36,56,145,159,20,14
4776,103,123,150,165,20,15
4777,75,92,116,129,17,13
4778,160,181,152,168,21,16
4779,171,193,91,108,22,17
4780,193,211,59,72,18,13
4781,54,65,274,283,11,9
4782,93,110,189,201,17,12
4783,65,73,236,242,8,6
4784,80,90,300,308,10,8
4785,91,102,335,344,11,9
4786,145,166,324,340,21,16
4787,81,92,71,79,11,8
4788,102,122,61,76,20,15
4789,156,178,44,60,22,16
4790,139,154,12,23,15,11
4791,51,65,130,140,14,10
4792,118,134,211,223,16,12
4793,135,160,256,274,25,18
4794,106,117,28,36,11,8
4795,160,187,249,269,27,20
4796,29,38,110,116,9,6
4797,27,45,126,139,18,13
4798,34,42,46,52,8,6
4799,33,46,22,31,13,9
4800,66,80,49,59,14,10
4801,90,103,61,70,13,9
4802,70,80,132,140,10,8
4803,102,120,136,149,18,13
4804,132,148,184,197,16,13
4805,186,196,83,91,10,8
4806,37,61,226,244,24,18
4807,56,75,101,115,19,14
4808,92,113,120,136,21,16
4809,77,91,46,57,14,11
4810,107,121,75,85,14,10
4811,95,115,27,42,20,15
4812,146,176,69,92,30,23
4813,153,177,127,145,24,18
4814,195,215,160,175,20,15
4815,156,208,265,303,52,38
4816,144,175,310,333,31,23
4817,71,83,130,139,12,9
4818,54,74,68,83,20,15
4819,9,24,108,119,15,11
4820,22,47,139,158,25,19
4821,19,41,190,207,22,17
4822,36,60,312,330,24,18
4823,142,167,168,187,25,19
4824,8,37,257,279,29,22
4825,134,161,19,39,27,20
4826,14,36,3,20,22,17
4827,14,34,67,81,20,14
4828,195,215,24,39,20,15
4829,195,228,94,119,33,25
4830,119,137,130,143,18,13
4831,134,176,7,38,42,31
4832,67,81,49,59,14,10
4833,70,82,172,181,12,9
4834,63,77,157,168,14,11
4835,54,71,203,216,17,13
4836,27,41,149,161,14,12
4837,27,43,185,196,16,11
4838,88,104,189,201,16,12
4839,126,146,139,155,20,16
4840,130,145,181,192,15,11
4841,111,136,236,255,25,19
4842,114,131,76,89,17,13
4843,154,168,64,75,14,11
4844,110,134,105,123,24,18
4845,158,178,179,194,20,15
4846,180,198,112,125,18,13
4847,156,188,245,269,32,24
4848,100,120,288,302,20,14
4849,86,102,314,325,16,11
4850,11,32,321,337,21,16
4851,5,19,229,240,14,11
4852,4,19,125,136,15,11
4853,7,24,32,45,17,13
4854,45,73,-1,20,28,21
4855,78,93,119,130,15,11
4856,87,102,111,123,15,12
4857,89,105,222,234,16,12
4858,127,148,187,202,21,15
4859,109,131,105,121,22,16
4860,165,185,138,153,20,15
4861,176,198,290,308,22,18
4862,118,139,265,280,21,15
4863,88,108,48,63,20,15
4864,39,55,158,170,16,12
4865,34,58,85,103,24,18
4866,57,68,137,145,11,8
4867,108,135,139,159,27,20
4868,68,86,73,86,18,13
4869,83,100,236,249,17,13
4870,89,107,266,280,18,14
4871,85,102,157,171,17,14
4872,116,135,99,114,19,15
4873,116,139,31,48,23,17
4874,144,166,10,27,22,17
4875,158,181,143,160,23,17
4876,161,186,214,233,25,19
4877,110,134,191,209,24,18
4878,69,88,195,209,19,14
4879,38,54,135,147,16,12
4880,34,47,99,109,13,10
4881,29,41,63,72,12,9
4882,122,142,242,256,20,14
4883,60,73,96,106,13,10
4884,38,54,118,130,16,12
4885,71,88,133,146,17,13
4886,151,166,46,57,15,11
4887,148,183,150,176,35,26
4888,188,212,241,258,24,17
4889,187,218,292,315,31,23
4890,95,130,199,225,35,26
4891,29,56,18,38,27,20
4892,20,42,61,77,22,16
4893,20,46,265,285,26,20
4894,17,32,223,234,15,11
4895,80,90,24,31,10,7
4896,97,109,52,62,12,10
4897,89,112,96,114,23,18
4898,125,154,19,40,29,21
4899,132,151,269,282,19,13
4900,121,127,260,265,6,5
4901,120,129,143,150,9,7
4902,127,143,188,200,16,12
4903,161,189,122,144,28,22
4904,192,212,289,304,20,15
4905,142,158,340,353,16,13
4906,73,88,183,195,15,12
4907,45,65,223,238,20,15
4908,27,46,132,147,19,15
4909,37,58,61,77,21,16
4910,50,71,98,114,21,16
4911,64,82,71,84,18,13
4912,83,103,100,116,20,16
4913,66,85,149,164,19,15
4914,107,122,164,175,15,11
4915,95,112,16,30,17,14
4916,162,186,19,37,24,18
4917,177,207,87,109,30,22
4918,208,226,28,42,18,14
4919,183,208,229,248,25,19
4920,149,181,286,310,32,24
4921,41,71,279,301,30,22
4922,35,49,316,326,14,10
4923,12,29,212,224,17,12
4924,5,30,244,262,25,18
4925,5,19,149,160,14,11
4926,7,34,86,107,27,21
4927,133,155,120,136,22,16
4928,200,225,280,299,25,19
4929,80,112,297,321,32,24
4930,52,76,150,168,24,18
4931,32,57,65,84,25,19
4932,71,93,231,248,22,17
4933,99,117,41,54,18,13
4934,109,132,75,93,23,18
4935,93,119,115,134,26,19
4936,191,212,67,83,21,16
4937,198,219,153,169,21,16
4938,185,216,0,23,31,23
4939,29,46,9,22,17,13
4940,32,47,229,240,15,11
4941,25,44,310,325,19,15
4942,78,101,258,275,23,17
4943,38,61,156,174,23,18
4944,49,81,189,213,32,24
4945,101,116,211,222,15,11
4946,98,120,166,182,22,16
4947,177,208,201,224,31,23
4948,115,138,185,202,23,17
4949,108,133,236,255,25,19
4950,129,146,295,307,17,12
4951,63,88,288,306,25,18
4952,98,122,285,303,24,18
4953,52,71,66,80,19,14
4954,31,50,112,127,19,15
4955,68,93,127,146,25,19
4956,132,157,155,174,25,19
4957,110,130,174,190,20,16
4958,96,117,54,69,21,15
4959,134,168,245,271,34,26
4960,144,171,55,75,27,20
4961,61,80,14,28,19,14
4962,10,28,25,39,18,14
4963,13,41,298,319,28,21
4964,171,199,201,221,28,20
4965,186,217,115,138,31,23
4966,83,100,45,58,17,13
4967,76,91,70,82,15,12
4968,76,94,168,181,18,13
4969,139,166,181,201,27,20
4970,175,203,37,57,28,20
4971,205,235,182,204,30,22
4972,151,179,311,332,28,21
4973,78,112,317,343,34,26
4974,56,79,262,279,23,17
4975,36,51,198,209,15,11
4976,33,62,123,145,29,22
4977,15,36,62,78,21,16
4978,162,185,113,130,23,17
4979,171,199,246,267,28,21
4980,20,37,238,251,17,13
4981,14,49,297,322,35,25
4982,10,45,7,33,35,26
4983,81,111,122,145,30,23
4984,120,145,26,45,25,19
4985,177,209,230,254,32,24
4986,180,210,271,293,30,22
4987,135,168,295,320,33,25
4988,46,71,211,230,25,19
4989,94,120,1,21,26,20
4990,55,80,67,85,25,18
4991,39,58,105,120,19,15
4992,119,141,96,112,22,16
4993,47,69,113,130,22,17
4994,46,76,49,71,30,22
4995,45,63,205,219,18,14
4996,14,36,233,249,22,16
4997,12,36,150,167,24,17
4998,140,165,32,51,25,19
4999,160,184,241,259,24,18
5000,179,200,141,157,21,16
5001,144,171,284,304,27,20
5002,27,56,322,343,29,21
5003,181,217,53,80,36,27
5004,61,86,150,168,25,18
5005,141,164,70,87,23,17
5006,156,187,179,202,31,23
5007,178,203,228,247,25,19
5008,147,175,298,319,28,21
5009,73,86,323,333,13,10
5010,95,132,248,276,37,28
5011,52,71,88,102,19,14
5012,34,54,14,29,20,15
5013,42,57,41,53,15,12
5014,70,79,71,77,9,6
5015,146,166,14,29,20,15
5016,168,193,11,30,25,19
5017,158,181,103,120,23,17
5018,35,56,140,156,21,16
5019,23,49,193,212,26,19
5020,7,29,278,295,22,17
5021,12,33,79,95,21,16
5022,45,63,238,252,18,14
5023,32,56,328,345,24,17
5024,85,107,292,308,22,16
5025,94,110,233,245,16,12
5026,80,100,288,304,20,16
5027,141,165,138,156,24,18
5028,73,90,51,63,17,12
5029,178,198,40,55,20,15
5030,206,234,189,210,28,21
5031,128,146,234,247,18,13
5032,181,199,256,270,18,14
5033,128,161,327,352,33,25
5034,171,187,117,129,16,12
5035,85,105,207,222,20,15
5036,66,84,252,265,18,13
5037,27,49,162,179,22,17
5038,14,42,104,125,28,21
5039,15,41,48,68,26,20
5040,19,46,9,29,27,20
5041,21,41,204,219,20,15
5042,21,46,293,311,25,18
5043,63,84,155,170,21,15
5044,66,93,94,114,27,20
5045,197,216,76,90,19,14
5046,71,99,142,162,28,20
5047,74,99,79,98,25,19
5048,97,124,36,57,27,21
5049,127,154,6,26,27,20
5050,103,125,191,208,22,17
5051,85,110,320,339,25,19
5052,54,75,235,251,21,16
5053,29,46,201,214,17,13
5054,10,35,121,140,25,19
5055,12,41,46,67,29,21
5056,89,115,248,267,26,19
5057,133,156,178,195,23,17
5058,126,156,308,331,30,23
5059,50,67,321,334,17,13
5060,69,104,277,303,35,26
5061,40,59,169,183,19,14
5062,47,74,103,123,27,20
5063,12,34,263,279,22,16
5064,9,41,226,250,32,24
5065,14,33,322,337,19,15
5066,9,36,294,314,27,20
5067,58,78,196,211,20,15
5068,112,134,123,140,22,17
5069,128,157,149,171,29,22
5070,198,227,89,111,29,22
5071,159,193,167,192,34,25
5072,200,231,280,304,31,24
5073,53,76,19,37,23,18
5074,70,87,97,110,17,13
5075,44,57,91,100,13,9
5076,113,137,5,22,24,17
5077,123,146,123,140,23,17
5078,68,85,66,78,17,12
5079,138,151,251,261,13,10
5080,107,134,312,332,27,20
5081,166,186,111,126,20,15
5082,144,170,40,59,26,19
5083,34,58,39,57,24,18
5084,6,27,143,158,21,15
5085,18,46,269,289,28,20
5086,40,56,316,328,16,12
5087,18,38,189,204,20,15
5088,107,127,268,282,20,14
5089,175,198,288,306,23,18
5090,153,183,203,226,30,23
5091,132,153,165,181,21,16
5092,149,173,320,338,24,18
5093,54,76,244,261,22,17
5094,51,71,210,225,20,15
5095,49,71,170,186,22,16
5096,43,63,144,159,20,15
5097,22,41,63,78,19,15
5098,12,29,12,25,17,13
5099,70,85,33,45,15,12
5100,111,139,126,147,28,21
5101,52,83,178,201,31,23
5102,36,56,94,108,20,14
5103,56,77,32,48,21,16
5104,123,151,295,317,28,22
5105,99,117,185,198,18,13
5106,19,42,102,120,23,18
5107,110,133,111,129,23,18
5108,66,88,265,282,22,17
5109,120,141,149,165,21,16
5110,197,212,121,132,15,11
5111,95,120,99,117,25,18
5112,73,94,212,227,21,15
5113,114,129,149,161,15,12
5114,90,104,242,253,14,11
5115,91,107,213,225,16,12
5116,122,143,253,268,21,15
5117,120,139,197,212,19,15
5118,159,185,156,175,26,19
5119,23,37,43,54,14,11
5120,35,53,82,96,18,14
5121,66,82,15,27,16,12
5122,73,93,65,80,20,15
5123,39,55,294,306,16,12
5124,22,41,201,215,19,14
5125,20,51,236,260,31,24
5126,138,166,193,214,28,21
5127,78,96,264,278,18,14
5128,67,84,127,140,17,13
5129,56,79,70,88,23,18
5130,119,144,71,90,25,19
5131,161,178,116,129,17,13
5132,208,222,222,233,14,11
5133,195,213,72,86,18,14
5134,116,126,155,163,10,8
5135,126,144,177,191,18,14
5136,156,176,143,158,20,15
5137,117,133,259,271,16,12
5138,130,148,285,299,18,14
5139,85,95,216,223,10,7
5140,66,79,186,196,13,10
5141,16,34,223,236,18,13
5142,19,36,154,167,17,13
5143,32,43,87,95,11,8
5144,54,70,44,56,16,12
5145,145,164,26,41,19,15
5146,182,198,173,185,16,12
5147,161,177,234,246,16,12
5148,122,132,143,150,10,7
5149,144,158,118,128,14,10
5150,75,115,261,291,40,30
5151,78,108,164,186,30,22
5152,167,190,43,61,23,18
5153,64,91,122,142,27,20
5154,24,43,151,166,19,15
5155,5,31,192,212,26,20
5156,20,42,104,121,22,17
5157,44,70,71,91,26,20
5158,93,119,217,237,26,20
5159,155,177,195,211,22,16
5160,165,199,273,298,34,25
5161,219,238,84,98,19,14
5162,126,156,0,23,30,23
5163,92,120,65,86,28,21
5164,183,237,236,277,54,41
5165,109,145,192,219,36,27
5166,112,142,298,320,30,22
5167,57,89,313,337,32,24
5168,51,77,169,189,26,20
5169,74,107,60,85,33,25
5170,137,161,100,118,24,18
5171,101,124,15,32,23,17
5172,147,178,16,39,31,23
5173,112,139,192,212,27,20
5174,75,85,41,49,10,8
5175,55,76,68,84,21,16
5176,69,85,7,19,16,12
5177,100,116,38,50,16,12
5178,106,127,61,77,21,16
5179,107,129,94,111,22,17
5180,142,157,28,39,15,11
5181,159,178,94,108,19,14
5182,163,182,172,186,19,14
5183,153,181,227,248,28,21
5184,155,172,258,271,17,13
5185,87,104,140,153,17,13
5186,54,71,100,113,17,13
5187,107,120,3,13,13,10
5188,216,229,21,31,13,10
5189,211,227,61,73,16,12
5190,47,61,162,173,14,11
5191,40,61,211,227,21,16
5192,27,46,129,143,19,14
5193,11,30,83,98,19,15
5194,14,37,31,48,23,17
5195,62,78,221,232,16,11
5196,51,67,255,267,16,12
5197,32,44,137,146,12,9
5198,16,30,59,69,14,10
5199,44,55,87,95,11,8
5200,71,85,101,112,14,11
5201,66,81,61,73,15,12
5202,45,57,42,51,12,9
5203,98,114,122,134,16,12
5204,165,181,220,232,16,12
5205,146,162,73,85,16,12
5206,144,159,263,274,15,11
5207,93,112,217,231,19,14
5208,125,142,131,143,17,12
5209,166,182,15,27,16,12
5210,192,208,97,109,16,12
5211,191,209,153,167,18,14
5212,195,214,219,233,19,14
5213,183,208,316,336,25,20
5214,39,53,89,99,14,10
5215,39,54,177,188,15,11
5216,30,42,205,214,12,9
5217,42,51,269,275,9,6
5218,36,45,286,293,9,7
5219,62,76,306,316,14,10
5220,51,65,199,209,14,10
5221,95,108,58,67,13,9
5222,144,158,162,172,14,10
5223,122,143,240,256,21,16
5224,131,154,310,328,23,18
5225,80,95,195,207,15,12
5226,137,154,84,96,17,12
5227,89,105,199,211,16,12
5228,70,96,109,129,26,20
5229,100,122,56,72,22,16
5230,144,169,314,332,25,18
5231,117,146,270,292,29,22
5232,63,91,286,307,28,21
5233,41,63,232,248,22,16
5234,29,52,155,173,23,18
5235,48,73,190,209,25,19
5236,95,119,155,173,24,18
5237,140,167,98,118,27,20
5238,179,215,132,158,36,26
5239,126,142,147,159,16,12
5240,112,124,203,213,12,10
5241,115,131,223,235,16,12
5242,119,129,283,291,10,8
5243,137,155,246,260,18,14
5244,119,135,103,116,16,13
5245,117,133,125,137,16,12
5246,149,161,68,77,12,9
5247,69,82,218,228,13,10
5248,33,51,254,268,18,14
5249,11,27,70,82,16,12
5250,42,57,30,41,15,11
5251,78,95,32,45,17,13
5252,66,80,73,84,14,11
5253,55,76,114,130,21,16
5254,160,182,176,193,22,17
5255,173,198,96,115,25,19
5256,76,92,253,265,16,12
5257,112,138,206,225,26,19
5258,129,154,23,41,25,18
5259,90,116,93,113,26,20
5260,81,115,178,204,34,26
5261,177,197,201,216,20,15
5262,178,200,99,116,22,17
5263,62,80,308,322,18,14
5264,114,131,158,171,17,13
5265,118,139,99,115,21,16
5266,147,164,58,71,17,13
5267,127,135,195,201,8,6
5268,124,134,250,258,10,8
5269,120,127,278,283,7,5
5270,140,151,288,296,11,8
5271,156,163,208,213,7,5
5272,154,164,119,127,10,8
5273,105,113,45,52,8,7
5274,50,61,62,69,11,7
5275,36,49,127,136,13,9
5276,40,49,185,192,9,7
5277,37,60,232,249,23,17
5278,36,51,312,323,15,11
5279,161,183,147,163,22,16
5280,205,225,73,88,20,15
5281,187,203,243,255,16,12
5282,92,102,235,242,10,7
5283,103,133,161,183,30,22
5284,91,116,86,105,25,19
5285,91,112,35,51,21,16
5286,153,178,56,75,25,19
5287,195,215,104,119,20,15
5288,46,63,263,277,17,14
5289,36,55,192,207,19,15
5290,32,51,154,168,19,14
5291,34,53,115,129,19,14
5292,32,51,61,76,19,15
5293,65,79,114,125,14,11
5294,67,83,143,155,16,12
5295,61,79,172,186,18,14
5296,109,137,118,139,28,21
5297,167,192,286,305,25,19
5298,69,83,291,301,14,10
5299,114,143,280,302,29,22
5300,50,71,314,329,21,15
5301,148,170,97,113,22,16
5302,56,73,40,52,17,12
5303,10,28,11,25,18,14
5304,10,32,90,106,22,16
5305,15,45,218,240,30,22
5306,92,107,238,249,15,11
5307,63,81,216,230,18,14
5308,78,95,195,208,17,13
5309,35,64,260,282,29,22
5310,58,70,171,179,12,8
5311,83,101,115,128,18,13
5312,120,137,126,139,17,13
5313,100,117,69,82,17,13
5314,136,153,50,63,17,13
5315,156,190,122,148,34,26
5316,161,180,172,186,19,14
5317,185,207,13,29,22,16
5318,130,153,19,36,23,17
5319,54,71,44,56,17,12
5320,42,61,72,86,19,14
5321,28,53,95,113,25,18
5322,34,56,126,143,22,17
5323,32,55,188,205,23,17
5324,112,137,288,307,25,19
5325,154,175,327,342,21,15
5326,49,66,199,212,17,13
5327,14,27,213,223,13,10
5328,14,33,258,273,19,15
5329,48,61,253,263,13,10
5330,28,41,233,243,13,10
5331,14,28,133,144,14,11
5332,41,51,129,137,10,8
5333,105,146,269,300,41,31
5334,163,186,255,272,23,17
5335,144,176,170,194,32,24
5336,54,73,134,148,19,14
5337,44,74,166,188,30,22
5338,64,89,215,234,25,19
5339,87,105,55,69,18,14
5340,133,161,2,23,28,21
5341,100,122,166,182,22,16
5342,22,44,271,287,22,16
5343,8,24,210,222,16,12
5344,18,38,121,136,20,15
5345,77,90,244,254,13,10
5346,81,97,170,182,16,12
5347,32,44,213,222,12,9
5348,28,39,261,270,11,9
5349,27,40,280,290,13,10
5350,54,68,309,319,14,10
5351,42,53,159,167,11,8
5352,37,49,107,116,12,9
5353,76,89,117,127,13,10
5354,76,91,18,29,15,11
5355,85,116,34,57,31,23
5356,101,120,187,201,19,14
5357,102,127,256,274,25,18
5358,146,168,168,185,22,17
5359,48,60,96,106,12,10
5360,124,172,250,286,48,36
5361,61,77,157,169,16,12
5362,29,46,195,207,17,12
5363,22,35,214,224,13,10
5364,27,37,133,140,10,7
5365,73,84,79,87,11,8
5366,44,59,189,200,15,11
5367,61,77,141,152,16,11
5368,85,102,164,177,17,13
5369,129,143,118,129,14,11
5370,177,193,99,111,16,12
5371,181,205,213,231,24,18
5372,90,106,34,46,16,12
5373,124,142,35,48,18,13
5374,6,27,112,128,21,16
5375,72,100,216,237,28,21
5376,39,61,289,305,22,16
5377,32,49,231,244,17,13
5378,22,49,144,163,27,19
5379,74,91,212,225,17,13
5380,115,133,172,186,18,14
5381,39,59,63,78,20,15
5382,106,123,26,39,17,13
5383,76,98,85,102,22,17
5384,107,115,28,34,8,6
5385,39,51,90,98,12,8
5386,34,44,65,72,10,7
5387,33,44,117,125,11,8
5388,31,41,38,46,10,8
5389,119,129,182,190,10,8
5390,92,106,245,256,14,11
5391,93,101,270,276,8,6
5392,69,79,190,197,10,7
5393,83,94,140,148,11,8
5394,59,67,129,135,8,6
5395,117,129,116,124,12,8
5396,175,187,113,122,12,9
5397,83,108,70,89,25,19
5398,104,122,190,204,18,14
5399,83,102,324,339,19,15
5400,137,161,324,342,24,18
5401,168,185,173,186,17,13
5402,160,186,119,138,26,19
5403,69,91,88,104,22,16
5404,106,122,73,85,16,12
5405,68,86,260,273,18,13
5406,34,51,236,249,17,13
5407,27,43,177,189,16,12
5408,122,146,205,224,24,19
5409,56,81,176,195,25,19
5410,51,85,195,220,34,25
5411,140,161,126,142,21,16
5412,176,195,182,196,19,14
5413,105,128,27,44,23,17
5414,129,152,44,62,23,18
5415,133,149,10,22,16,12
5416,101,132,238,261,31,23
5417,135,161,286,305,26,19
5418,173,196,229,246,23,17
5419,112,147,173,199,35,26
5420,56,79,268,286,23,18
5421,42,61,237,251,19,14
5422,37,62,319,337,25,18
5423,100,127,313,332,27,19
5424,60,89,126,147,29,21
5425,106,126,128,143,20,15
5426,68,85,229,242,17,13
5427,10,29,176,190,19,14
5428,21,49,45,66,28,21
5429,25,56,88,111,31,23
5430,51,83,6,31,32,25
5431,19,43,274,292,24,18
5432,86,106,125,140,20,15
5433,76,92,121,132,16,11
5434,71,87,219,231,16,12
5435,95,112,281,293,17,12
5436,39,59,310,325,20,15
5437,203,225,68,84,22,16
5438,171,195,27,46,24,19
5439,117,144,92,112,27,20
5440,113,136,62,79,23,17
5441,117,141,175,193,24,18
5442,78,101,180,198,23,18
5443,46,60,68,79,14,11
5444,46,61,91,103,15,12
5445,18,38,174,189,20,15
5446,24,41,220,233,17,13
5447,26,53,268,288,27,20
5448,159,177,137,150,18,13
5449,161,181,212,227,20,15
5450,137,158,181,197,21,16
5451,155,174,40,54,19,14
5452,100,121,197,213,21,16
5453,102,122,237,252,20,15
5454,136,151,258,269,15,11
5455,91,112,271,287,21,16
5456,90,109,158,173,19,15
5457,107,122,54,65,15,11
5458,177,200,86,103,23,17
5459,95,105,226,233,10,7
5460,73,91,259,272,18,13
5461,56,66,172,179,10,7
5462,63,70,118,123,7,5
5463,65,76,91,100,11,9
5464,91,102,72,80,11,8
5465,130,142,79,88,12,9
5466,176,185,18,25,9,7
5467,207,219,89,98,12,9
5468,83,92,22,29,9,7
5469,76,88,44,53,12,9
5470,112,124,15,24,12,9
5471,123,137,153,163,14,10
5472,147,163,160,172,16,12
5473,171,197,204,223,26,19
5474,102,118,290,301,16,11
5475,59,77,215,228,18,13
5476,5,17,54,64,12,10
5477,29,46,4,17,17,13
5478,64,83,113,127,19,14
5479,122,129,166,171,7,5
5480,81,98,103,116,17,13
5481,66,81,171,182,15,11
5482,56,78,239,255,22,16
5483,69,85,290,302,16,12
5484,116,142,295,314,26,19
5485,151,165,134,144,14,10
5486,151,174,65,82,23,17
5487,183,204,207,223,21,16
5488,83,100,140,153,17,13
5489,78,94,84,96,16,12
5490,85,98,32,41,13,9
5491,118,133,89,100,15,11
5492,124,142,278,290,18,12
5493,82,98,238,250,16,12
5494,51,69,186,199,18,13
5495,10,30,92,107,20,15
5496,49,61,56,65,12,9
5497,44,61,22,35,17,13
5498,127,144,3,15,17,12
5499,171,190,37,52,19,15
5500,189,208,180,194,19,14
5501,161,179,277,290,18,13
5502,83,97,86,96,14,10
5503,74,85,148,156,11,8
5504,70,90,175,190,20,15
5505,109,124,96,108,15,12
5506,63,70,142,148,7,6
5507,70,90,219,234,20,15
5508,88,101,261,271,13,10
5509,67,82,274,285,15,11
5510,44,54,193,200,10,7
5511,96,108,162,172,12,10
5512,103,118,124,135,15,11
5513,155,166,55,63,11,8
5514,199,212,80,90,13,10
5515,193,207,173,183,14,10
5516,172,186,323,333,14,10
5517,130,144,243,253,14,10
5518,134,149,196,208,15,12
5519,39,55,75,86,16,11
5520,44,62,27,41,18,14
5521,29,39,123,131,10,8
5522,10,27,174,187,17,13
5523,8,17,249,256,9,7
5524,55,74,287,301,19,14
5525,125,144,207,221,19,14
5526,108,134,104,123,26,19
5527,70,83,129,139,13,10
5528,94,112,147,160,18,13
5529,148,164,135,147,16,12
5530,158,173,74,86,15,12
5531,190,209,124,139,19,15
5532,208,227,62,76,19,14
5533,21,32,72,80,11,8
5534,40,49,86,93,9,7
5535,147,159,283,291,12,8
5536,21,29,109,115,8,6
5537,12,30,25,39,18,14
5538,70,86,72,84,16,12
5539,71,85,29,40,14,11
5540,88,104,182,194,16,12
5541,104,123,327,342,19,15
5542,66,79,322,331,13,9
5543,28,44,225,237,16,12
5544,22,42,180,195,20,15
5545,144,159,243,254,15,11
5546,173,194,179,195,21,16
5547,198,222,255,273,24,18
5548,100,112,64,73,12,9
5549,90,111,4,19,21,15
5550,94,119,200,218,25,18
5551,85,99,100,111,14,11
5552,90,104,314,324,14,10
5553,104,122,336,350,18,14
5554,57,73,245,257,16,12
5555,61,82,216,232,21,16
5556,41,49,176,182,8,6
5557,22,34,200,209,12,9
5558,14,27,106,116,13,10
5559,21,39,56,70,18,14
5560,38,63,15,34,25,19
5561,61,78,80,92,17,12
5562,87,102,40,51,15,11
5563,126,146,54,70,20,16
5564,143,161,117,131,18,14
5565,161,178,187,200,17,13
5566,179,200,258,274,21,16
5567,99,123,201,219,24,18
5568,122,134,163,172,12,9
5569,127,143,243,255,16,12
5570,151,168,189,202,17,13
5571,159,178,131,146,19,15
5572,21,35,56,67,14,11
5573,12,34,105,122,22,17
5574,139,152,103,113,13,10
5575,155,173,292,306,18,14
5576,129,148,334,349,19,15
5577,208,227,183,198,19,15
5578,189,211,39,55,22,16
5579,138,156,8,22,18,14
5580,160,170,78,86,10,8
5581,86,95,156,163,9,7
5582,112,131,167,181,19,14
5583,74,88,290,300,14,10
5584,95,121,258,277,26,19
5585,58,81,215,233,23,18
5586,32,49,96,109,17,13
5587,47,65,43,56,18,13
5588,71,85,67,77,14,10
5589,78,92,116,127,14,11
5590,74,98,153,171,24,18
5591,141,160,196,210,19,14
5592,86,101,33,44,15,11
5593,39,58,0,14,19,14
5594,17,34,56,68,17,12
5595,9,25,198,210,16,12
5596,6,27,277,293,21,16
5597,146,168,243,259,22,16
5598,140,155,149,160,15,11
5599,129,142,153,162,13,9
5600,131,144,198,208,13,10
5601,125,141,268,280,16,12
5602,44,61,113,126,17,13
5603,53,68,144,155,15,11
5604,88,105,188,201,17,13
5605,102,117,259,270,15,11
5606,49,71,289,305,22,16
5607,63,81,64,78,18,14
5608,58,76,22,36,18,14
5609,102,121,65,79,19,14
5610,127,151,118,135,24,17
5611,133,163,223,245,30,22
5612,171,195,103,122,24,19
5613,7,34,61,81,27,20
5614,10,40,261,284,30,23
5615,168,200,279,303,32,24
5616,51,68,214,228,17,14
5617,47,59,250,260,12,10
5618,86,100,162,172,14,10
5619,76,99,81,98,23,17
5620,122,151,145,167,29,22
5621,151,185,312,337,34,25
5622,156,180,215,233,24,18
5623,76,102,259,278,26,19
5624,46,70,301,319,24,18
5625,126,156,271,293,30,22
5626,85,107,212,229,22,17
5627,90,115,116,134,25,18
5628,134,155,78,93,21,15
5629,171,201,168,190,30,22
5630,189,222,255,280,33,25
5631,19,34,278,289,15,11
5632,8,29,193,208,21,15
5633,5,33,132,153,28,21
5634,10,39,76,97,29,21
5635,25,57,42,66,32,24
5636,95,120,181,200,25,19
5637,66,95,134,155,29,21
5638,58,93,62,89,35,27
5639,115,150,35,62,35,27
5640,149,169,165,180,20,15
5641,96,120,217,235,24,18
5642,68,82,229,240,14,11
5643,40,54,267,277,14,10
5644,32,41,252,258,9,6
5645,14,25,190,198,11,8
5646,19,45,108,128,26,20
5647,76,96,177,192,20,15
5648,126,159,237,262,33,25
5649,195,212,277,290,17,13
5650,121,146,143,162,25,19
5651,107,136,228,249,29,21
5652,110,123,258,268,13,10
5653,124,144,150,164,20,14
5654,96,116,297,311,20,14
5655,68,85,275,288,17,13
5656,29,45,233,245,16,12
5657,16,29,179,189,13,10
5658,23,30,147,152,7,5
5659,19,27,211,216,8,5
5660,58,68,145,152,10,7
5661,68,76,209,216,8,7
5662,68,75,237,242,7,5
5663,77,87,260,268,10,8
5664,79,88,246,253,9,7
5665,95,102,266,272,7,6
5666,114,122,283,289,8,6
5667,140,147,237,243,7,6
5668,136,144,210,216,8,6
5669,167,178,110,119,11,9
5670,176,191,252,263,15,11
5671,187,196,174,181,9,7
5672,196,210,117,128,14,11
5673,200,208,69,75,8,6
5674,97,108,36,45,11,9
5675,126,140,4,15,14,11
5676,178,192,8,18,14,10
5677,110,118,196,203,8,7
5678,45,54,297,304,9,7
5679,17,26,75,82,9,7
5680,51,67,90,102,16,12
5681,144,161,154,166,17,12
5682,149,162,95,105,13,10
5683,107,122,220,231,15,11
5684,78,88,113,121,10,8
5685,75,93,196,209,18,13
5686,83,100,114,128,17,14
5687,100,124,130,148,24,18
5688,118,137,205,220,19,15
5689,149,175,143,162,26,19
5690,196,218,62,78,22,16
5691,133,151,58,71,18,13
5692,49,63,73,83,14,10
5693,34,53,29,44,19,15
5694,30,53,114,131,23,17
5695,26,40,161,172,14,11
5696,64,75,124,132,11,8
5697,56,75,81,94,19,13
5698,28,48,213,228,20,15
5699,28,44,282,294,16,12
5700,70,91,223,239,21,16
5701,105,134,248,270,29,22
5702,92,117,337,356,25,19
5703,76,93,325,337,17,12
5704,102,122,301,316,20,15
5705,48,61,192,202,13,10
5706,92,115,173,191,23,18
5707,156,176,243,258,20,15
5708,13,32,250,264,19,14
5709,13,39,310,329,26,19
5710,117,151,217,242,34,25
5711,108,139,120,143,31,23
5712,129,153,84,102,24,18
5713,176,208,136,160,32,24
5714,165,190,60,79,25,19
5715,110,141,3,27,31,24
5716,89,111,35,52,22,17
5717,39,60,188,203,21,15
5718,47,64,238,251,17,13
5719,146,167,263,279,21,16
5720,105,127,259,275,22,16
5721,53,71,289,302,18,13
5722,12,34,276,293,22,17
5723,12,33,61,76,21,15
5724,63,79,90,102,16,12
5725,17,39,120,137,22,17
5726,63,76,127,137,13,10
5727,45,62,154,166,17,12
5728,120,139,46,60,19,14
5729,181,210,18,40,29,22
5730,188,216,285,306,28,21
5731,149,175,160,179,26,19
5732,93,112,80,94,19,14
5733,58,85,29,48,27,19
5734,45,66,5,21,21,16
5735,46,67,42,58,21,16
5736,32,49,89,102,17,13
5737,15,34,208,222,19,14
5738,108,151,218,250,43,32
5739,163,186,206,224,23,18
5740,134,168,21,47,34,26
5741,61,89,35,56,28,21
5742,148,164,201,213,16,12
5743,188,229,327,358,41,31
5744,43,68,95,114,25,19
5745,113,134,244,260,21,16
5746,75,102,288,308,27,20
5747,142,164,284,300,22,16
5748,149,204,190,231,55,41
5749,53,63,132,140,10,8
5750,20,40,67,81,20,14
5751,27,37,186,194,10,8
5752,50,65,185,196,15,11
5753,37,62,214,232,25,18
5754,24,26,262,263,2,1
5755,120,149,175,197,29,22
5756,107,131,128,145,24,17
5757,80,98,107,120,18,13
5758,65,78,74,84,13,10
5759,74,83,100,107,9,7
5760,103,127,80,98,24,18
5761,84,108,46,64,24,18
5762,67,80,183,193,13,10
5763,36,53,143,156,17,13
5764,54,81,204,225,27,21
5765,55,76,85,101,21,16
5766,90,117,5,25,27,20
5767,117,160,33,65,43,32
5768,80,115,119,145,35,26
5769,32,54,131,148,22,17
5770,19,31,61,69,12,8
5771,22,28,50,54,6,4
5772,151,168,7,20,17,13
5773,126,148,30,46,22,16
5774,88,119,54,77,31,23
5775,74,90,87,98,16,11
5776,57,76,106,120,19,14
5777,68,90,122,139,22,17
5778,66,94,152,173,28,21
5779,149,184,125,151,35,26
5780,167,197,80,102,30,22
5781,153,183,154,176,30,22
5782,136,164,205,227,28,22
5783,41,52,189,197,11,8
5784,51,61,149,157,10,8
5785,41,50,128,135,9,7
5786,50,58,136,142,8,6
5787,23,31,125,131,8,6
5788,20,37,90,102,17,12
5789,22,34,61,71,12,10
5790,10,24,76,86,14,10
5791,63,84,15,31,21,16
5792,121,184,29,76,63,47
5793,171,211,118,149,40,31
5794,146,178,307,331,32,24
5795,190,217,258,278,27,20
5796,110,130,177,192,20,15
5797,63,88,171,189,25,18
5798,56,90,186,212,34,26
5799,127,159,178,202,32,24
5800,129,171,126,158,42,32
5801,127,144,81,94,17,13
5802,93,114,120,136,21,16
5803,93,124,150,173,31,23
5804,76,95,180,195,19,15
5805,84,115,209,232,31,23
5806,73,93,253,268,20,15
5807,61,73,219,227,12,8
5808,44,62,221,234,18,13
5809,44,55,250,259,11,9
5810,53,71,269,282,18,13
5811,73,102,297,318,29,21
5812,159,192,52,77,33,25
5813,184,217,9,34,33,25
5814,36,54,88,102,18,14
5815,51,70,54,68,19,14
5816,56,90,111,136,34,25
5817,34,51,153,166,17,13
5818,1,19,104,118,18,14
5819,30,63,17,42,33,25
5820,17,42,192,210,25,18
5821,44,67,176,193,23,17
5822,79,171,115,184,92,69
5823,110,150,183,213,40,30
5824,110,151,252,283,41,31
5825,128,171,216,249,43,33
5826,137,183,56,91,46,35
5827,95,128,12,37,33,25
5828,41,84,44,76,43,32
5829,39,67,112,134,28,22
5830,20,42,224,241,22,17
5831,31,63,288,313,32,25
5832,47,78,178,201,31,23
5833,48,82,141,166,34,25
5834,119,192,157,211,73,54
5835,137,195,218,261,58,43
5836,142,210,78,129,68,51
5837,105,151,32,66,46,34
5838,72,107,276,302,35,26
5839,43,82,323,352,39,29
5840,85,98,239,248,13,9
5841,12,23,192,200,11,8
5842,11,19,146,152,8,6
5843,13,32,99,114,19,15
5844,9,34,50,69,25,19
5845,17,35,166,180,18,14
5846,14,61,233,268,47,35
5847,56,78,208,225,22,17
5848,117,151,205,230,34,25
5849,171,210,243,273,39,30
5850,149,195,57,92,46,35
5851,111,144,11,36,33,25
5852,73,98,69,87,25,18
5853,76,96,44,59,20,15
5854,56,68,58,66,12,8
5855,55,82,72,92,27,20
5856,34,55,101,117,21,16
5857,7,22,106,118,15,12
5858,10,31,187,202,21,15
5859,15,19,261,264,4,3
5860,7,29,305,322,22,17
5861,112,167,245,286,55,41
5862,189,221,175,199,32,24
5863,102,134,98,121,32,23
5864,63,73,136,144,10,8
5865,57,84,187,208,27,21
5866,51,60,226,233,9,7
5867,151,178,204,225,27,21
5868,160,215,11,53,55,42
5869,5,45,37,67,40,30
5870,90,110,79,94,20,15
5871,105,137,125,149,32,24
5872,129,165,210,237,36,27
5873,132,163,264,287,31,23
5874,122,161,296,326,39,30
5875,164,205,129,160,41,31
5876,190,230,80,110,40,30
5877,159,215,59,101,56,42
5878,134,159,57,76,25,19
5879,98,128,81,104,30,23
5880,28,38,194,202,10,8
5881,42,71,228,249,29,21
5882,48,82,30,56,34,26
5883,47,72,49,68,25,19
5884,29,46,76,89,17,13
5885,37,59,94,111,22,17
5886,23,58,123,150,35,27
5887,95,124,213,235,29,22
5888,152,188,200,227,36,27
5889,10,13,87,89,3,2
5890,2,16,163,173,14,10
5891,7,22,180,191,15,11
5892,8,37,228,250,29,22
5893,39,78,293,323,39,30
5894,61,74,252,261,13,9
5895,112,141,262,283,29,21
5896,156,194,262,290,38,28
5897,185,222,140,168,37,28
5898,51,76,99,118,25,19
5899,42,72,193,216,30,23
5900,71,105,160,186,34,26
5901,76,110,259,285,34,26
5902,42,104,213,260,62,47
5903,147,168,224,240,21,16
5904,153,183,153,176,30,23
5905,145,183,80,109,38,29
5906,132,158,234,253,26,19
5907,164,215,301,340,51,39
5908,5,18,44,54,13,10
5909,10,34,14,32,24,18
5910,2,22,195,209,20,14
5911,58,72,151,161,14,10
5912,53,66,189,199,13,10
5913,86,139,138,177,53,39
5914,115,159,207,241,44,34
5915,166,200,170,196,34,26
5916,178,214,240,266,36,26
5917,160,195,299,325,35,26
5918,161,201,83,113,40,30
5919,159,208,25,62,49,37
5920,8,28,205,220,20,15
5921,1,24,168,185,23,17
5922,12,52,114,145,40,31
5923,32,60,71,92,28,21
5924,32,67,304,330,35,26
5925,3,17,25,36,14,11
5926,132,159,164,185,27,21
5927,66,88,128,145,22,17
5928,65,98,154,179,33,25
5929,56,70,216,227,14,11
5930,66,68,253,255,2,2
5931,64,97,283,308,33,25
5932,80,126,308,343,46,35
5933,139,193,263,304,54,41
5934,164,195,316,340,31,24
5935,193,231,196,225,38,29
5936,189,217,127,149,28,22
5937,132,153,136,152,21,16
5938,97,127,111,134,30,23
5939,57,79,63,79,22,16
5940,29,61,149,173,32,24
5941,40,67,207,227,27,20
5942,61,87,247,266,26,19
5943,112,148,207,234,36,27
5944,132,178,172,206,46,34
5945,178,230,68,107,52,39
5946,130,159,38,59,29,21
5947,7,32,256,275,25,19
5948,78,115,296,324,37,28
5949,164,210,311,345,46,34
5950,201,222,162,178,21,16
5951,66,90,95,113,24,18
5952,6,22,124,136,16,12
5953,2,43,158,189,41,31
5954,61,94,145,170,33,25
5955,56,71,240,252,15,12
5956,50,77,269,289,27,20
5957,67,79,312,321,12,9
5958,171,216,272,305,45,33
5959,154,188,197,223,34,26
5960,150,193,142,174,43,32
5961,154,193,46,75,39,29
5962,183,216,9,33,33,24
5963,139,177,309,337,38,28
5964,2,25,31,49,23,18
5965,12,29,236,249,17,13
5966,11,30,294,308,19,14
5967,38,56,197,211,18,14
5968,124,149,194,212,25,18
5969,124,168,153,186,44,33
5970,141,191,81,119,50,38
5971,105,134,109,130,29,21
5972,181,218,239,267,37,28
5973,47,68,145,161,21,16
5974,36,66,92,114,30,22
5975,6,27,131,147,21,16
5976,2,18,174,186,16,12
5977,5,28,221,238,23,17
5978,5,30,250,269,25,19
5979,12,51,289,318,39,29
5980,35,66,255,279,31,24
5981,139,175,276,303,36,27
5982,115,130,248,259,15,11
5983,88,108,216,231,20,15
5984,60,85,183,202,25,19
5985,20,54,318,343,34,25
5986,76,97,252,268,21,16
5987,65,99,189,215,34,26
5988,68,90,167,184,22,17
5989,92,127,107,133,35,26
5990,124,167,172,204,43,32
5991,158,188,256,278,30,22
5992,98,140,293,325,42,32
5993,14,39,221,239,25,18
5994,4,25,184,200,21,16
5995,4,36,128,152,32,24
5996,14,64,53,91,50,38
5997,44,68,96,114,24,18
5998,88,118,42,65,30,23
5999,109,150,0,31,41,31
6000,151,181,48,71,30,23
6001,161,195,79,105,34,26
6002,157,203,110,145,46,35
6003,19,48,249,271,29,22
6004,58,99,327,357,41,30
6005,157,210,319,359,53,40
6006,109,132,241,258,23,17
6007,1,34,9,34,33,25
6008,98,143,136,171,45,35
6009,97,125,193,215,28,22
6010,44,77,156,181,33,25
6011,41,77,99,126,36,27
6012,29,56,51,72,27,21
6013,7,24,41,53,17,12
6014,1,49,3,39,48,36
6015,83,128,8,41,45,33
6016,102,134,38,62,32,24
6017,176,217,74,105,41,31
6018,151,187,228,255,36,27
6019,160,214,180,221,54,41
6020,155,200,133,167,45,34
6021,95,124,93,114,29,21
6022,52,119,290,340,67,50
6023,170,219,303,340,49,37
6024,132,171,272,302,39,30
6025,19,39,84,99,20,15
6026,41,62,138,154,21,16
6027,66,95,93,116,29,23
6028,86,112,149,168,26,19
6029,136,187,93,132,51,39
6030,154,195,26,57,41,31
6031,164,202,220,249,38,29
6032,145,189,305,338,44,33
6033,118,144,240,260,26,20
6034,140,176,159,185,36,26
6035,10,49,180,210,39,30
6036,33,56,262,279,23,17
6037,57,87,235,258,30,23
6038,38,54,104,116,16,12
6039,37,53,87,98,16,11
6040,24,58,325,350,34,25
6041,103,135,318,341,32,23
6042,71,92,32,47,21,15
6043,120,139,21,36,19,15
6044,87,111,56,75,24,19
6045,84,99,87,98,15,11
6046,46,58,93,102,12,9
6047,38,54,103,115,16,12
6048,28,45,138,151,17,13
6049,39,62,119,136,23,17
6050,52,71,164,178,19,14
6051,66,93,214,234,27,20
6052,117,159,183,215,42,32
6053,137,193,118,160,56,42
6054,105,161,302,343,56,41
6055,5,37,239,264,32,25
6056,2,36,188,213,34,25
6057,6,30,49,67,24,18
6058,50,68,86,100,18,14
6059,59,73,136,146,14,10
6060,49,68,187,202,19,15
6061,63,84,218,234,21,16
6062,80,97,254,266,17,12
6063,82,105,285,303,23,18
6064,8,29,187,203,21,16
6065,1,21,79,94,20,15
6066,14,29,30,41,15,11
6067,60,86,14,33,26,19
6068,36,57,55,70,21,15
6069,139,173,32,57,34,25
6070,154,189,78,104,35,26
6071,178,214,131,159,36,28
6072,86,108,104,121,22,17
6073,101,129,58,80,28,22
6074,131,172,193,224,41,31
6075,172,209,253,280,37,27
6076,7,34,321,341,27,20
6077,19,47,159,179,28,20
6078,22,41,99,114,19,15
6079,36,55,124,139,19,15
6080,51,71,118,133,20,15
6081,46,69,80,97,23,17
6082,47,71,151,169,24,18
6083,7,32,187,205,25,18
6084,20,59,261,290,39,29
6085,66,111,288,322,45,34
6086,152,194,243,274,42,31
6087,65,105,201,231,40,30
6088,37,55,322,335,18,13
6089,174,227,65,105,53,40
6090,139,193,84,125,54,41
6091,111,159,30,66,48,36
6092,95,121,61,81,26,20
6093,60,90,100,123,30,23
6094,60,73,67,77,13,10
6095,34,81,17,53,47,36
6096,33,41,71,77,8,6
6097,35,54,132,146,19,14
6098,13,27,135,145,14,10
6099,6,28,213,230,22,17
6100,15,49,277,302,34,25
6101,5,45,239,269,40,30
6102,130,180,253,290,50,37
6103,159,201,310,342,42,32
6104,146,176,206,229,30,23
6105,195,237,181,212,42,31
6106,111,128,67,80,17,13
6107,71,96,57,76,25,19
6108,41,61,51,66,20,15
6109,22,46,195,213,24,18
6110,44,75,249,271,31,22
6111,114,164,239,276,50,37
6112,120,154,184,209,34,25
6113,146,184,119,147,38,28
6114,183,215,166,190,32,24
6115,4,33,81,103,29,22
6116,17,46,120,143,29,23
6117,23,56,291,316,33,25
6118,101,159,294,338,58,44
6119,184,217,13,38,33,25
6120,189,225,43,71,36,28
6121,159,184,68,87,25,19
6122,133,178,87,121,45,34
6123,109,138,132,154,29,22
6124,120,150,201,223,30,22
6125,90,122,232,256,32,24
6126,68,86,193,207,18,14
6127,47,61,158,169,14,11
6128,60,65,154,157,5,3
6129,45,53,138,144,8,6
6130,41,54,90,100,13,10
6131,59,66,94,99,7,5
6132,29,36,20,26,7,6
6133,24,34,42,49,10,7
6134,29,42,67,77,13,10
6135,22,31,195,202,9,7
6136,24,30,237,241,6,4
6137,43,58,233,245,15,12
6138,41,50,198,205,9,7
6139,34,56,283,299,22,16
6140,28,48,338,353,20,15
6141,64,100,321,348,36,27
6142,80,111,273,296,31,23
6143,116,143,316,336,27,20
6144,150,171,283,299,21,16
6145,185,221,205,232,36,27
6146,138,176,78,106,38,28
6147,200,222,53,70,22,17
6148,43,65,104,121,22,17
6149,49,66,66,79,17,13
6150,78,92,135,145,14,10
6151,92,108,179,192,16,13
6152,129,154,207,225,25,18
6153,144,183,245,275,39,30
6154,190,225,301,327,35,26
6155,167,190,113,130,23,17
6156,185,215,44,67,30,23
6157,83,101,70,84,18,14
6158,73,93,34,49,20,15
6159,27,44,40,54,17,14
6160,10,41,135,159,31,24
6161,5,44,183,212,39,29
6162,49,85,221,248,36,27
6163,67,109,267,298,42,31
6164,16,56,304,335,40,31
6165,76,98,103,119,22,16
6166,137,166,109,130,29,21
6167,4,27,116,133,23,17
6168,12,57,159,192,45,33
6169,97,140,185,217,43,32
6170,129,171,240,271,42,31
6171,124,152,281,302,28,21
6172,169,216,180,215,47,35
6173,190,218,244,266,28,22
6174,179,224,299,332,45,33
6175,9,29,23,38,20,15
6176,2,25,3,20,23,17
6177,14,56,226,257,42,31
6178,38,58,294,309,20,15
6179,156,201,252,286,45,34
6180,17,34,312,325,17,13
6181,110,142,142,165,32,23
6182,50,72,118,134,22,16
6183,12,29,105,117,17,12
6184,5,29,50,68,24,18
6185,2,29,16,37,27,21
6186,3,26,150,167,23,17
6187,55,84,168,190,29,22
6188,80,124,203,236,44,33
6189,115,156,238,268,41,30
6190,6,36,253,276,30,23
6191,31,60,210,232,29,22
6192,172,221,115,152,49,37
6193,166,224,54,97,58,43
6194,88,125,59,87,37,28
6195,58,79,70,86,21,16
6196,51,82,9,33,31,24
6197,67,105,33,61,38,28
6198,61,84,88,105,23,17
6199,50,79,125,147,29,22
6200,49,69,151,166,20,15
6201,14,31,248,261,17,13
6202,15,32,203,215,17,12
6203,11,29,170,183,18,13
6204,2,24,130,146,22,16
6205,4,30,66,85,26,19
6206,2,32,25,47,30,22
6207,88,134,24,59,46,35
6208,141,183,77,108,42,31
6209,160,223,137,184,63,47
6210,46,90,277,310,44,33
6211,92,130,309,338,38,29
6212,94,125,147,170,31,23
6213,62,88,112,131,26,19
6214,7,39,139,162,32,23
6215,2,42,185,216,40,31
6216,127,168,63,93,41,30
6217,161,221,157,202,60,45
6218,159,210,262,300,51,38
6219,122,142,279,294,20,15
6220,5,55,4,41,50,37
6221,10,38,284,305,28,21
6222,7,46,226,255,39,29
6223,61,80,332,347,19,15
6224,46,68,279,295,22,16
6225,146,196,114,152,50,38
6226,165,223,0,44,58,44
6227,90,123,15,40,33,25
6228,39,57,72,86,18,14
6229,24,42,89,103,18,14
6230,6,18,93,102,12,9
6231,17,35,109,123,18,14
6232,65,78,79,89,13,10
6233,57,76,172,186,19,14
6234,52,73,210,226,21,16
6235,133,186,203,242,53,39
6236,32,53,39,55,21,16
6237,22,54,70,94,32,24
6238,7,35,107,129,28,22
6239,10,32,155,171,22,16
6240,8,34,194,214,26,20
6241,15,44,239,261,29,22
6242,17,51,281,307,34,26
6243,32,54,314,331,22,17
6244,58,91,243,267,33,24
6245,73,100,194,214,27,20
6246,67,96,137,159,29,22
6247,96,142,90,125,46,35
6248,149,183,144,170,34,26
6249,151,200,209,246,49,37
6250,116,125,227,234,9,7
6251,173,230,38,80,57,42
6252,49,71,193,209,22,16
6253,45,64,156,170,19,14
6254,29,47,169,183,18,14
6255,47,66,100,114,19,14
6256,68,87,119,133,19,14
6257,10,29,238,252,19,14
6258,6,19,263,274,13,11
6259,10,44,277,303,34,26
6260,119,146,216,237,27,21
6261,143,194,252,290,51,38
6262,198,227,221,242,29,21
6263,169,210,140,170,41,30
6264,146,190,87,121,44,34
6265,161,197,35,62,36,27
6266,142,178,6,33,36,27
6267,111,144,104,128,33,24
6268,137,159,144,161,22,17
6269,78,101,20,37,23,17
6270,56,72,42,55,16,13
6271,34,63,59,82,29,23
6272,7,25,70,84,18,14
6273,4,17,103,113,13,10
6274,3,41,150,179,38,29
6275,33,63,200,222,30,22
6276,58,93,233,260,35,27
6277,93,135,231,262,42,31
6278,171,205,234,260,34,26
6279,154,199,155,189,45,34
6280,147,194,94,129,47,35
6281,129,159,40,63,30,23
6282,98,122,27,45,24,18
6283,165,192,11,32,27,21
6284,216,239,84,101,23,17
6285,141,199,276,320,58,44
6286,81,123,301,332,42,31
6287,134,165,77,100,31,23
6288,117,149,117,141,32,24
6289,105,129,174,192,24,18
6290,156,190,176,201,34,25
6291,173,198,231,249,25,18
6292,156,184,273,294,28,21
6293,188,210,302,319,22,17
6294,127,149,262,279,22,17
6295,93,111,216,230,18,14
6296,59,79,127,142,20,15
6297,51,77,72,91,26,19
6298,40,67,15,35,27,20
6299,29,60,45,69,31,24
6300,37,51,120,130,14,10
6301,28,64,188,215,36,27
6302,36,64,243,264,28,21
6303,47,73,277,297,26,20
6304,97,123,289,309,26,20
6305,123,153,318,340,30,22
6306,96,114,91,104,18,13
6307,88,125,13,41,37,28
6308,126,159,268,292,33,24
6309,130,169,199,228,39,29
6310,5,28,207,225,23,18
6311,9,37,156,178,28,22
6312,7,32,96,114,25,18
6313,76,108,61,85,32,24
6314,149,200,51,89,51,38
6315,170,203,147,171,33,24
6316,90,116,132,151,26,19
6317,192,213,238,254,21,16
6318,187,222,287,313,35,26
6319,89,118,241,263,29,22
6320,73,105,121,145,32,24
6321,83,117,174,200,34,26
6322,113,149,31,58,36,27
6323,146,178,100,123,32,23
6324,149,188,169,199,39,30
6325,135,174,255,284,39,29
6326,83,107,261,279,24,18
6327,30,51,276,291,21,15
6328,18,38,243,257,20,14
6329,22,60,194,223,38,29
6330,7,23,171,183,16,12
6331,7,27,98,113,20,15
6332,6,24,61,75,18,14
6333,2,17,23,33,15,10
6334,7,24,291,304,17,13
6335,79,117,296,324,38,28
6336,164,210,295,330,46,35
6337,196,233,211,238,37,27
6338,190,229,242,271,39,29
6339,172,211,42,71,39,29
6340,66,83,9,22,17,13
6341,70,91,32,48,21,16
6342,54,80,46,65,26,19
6343,57,68,85,93,11,8
6344,50,61,108,117,11,9
6345,46,58,131,141,12,10
6346,66,103,63,91,37,28
6347,104,146,104,136,42,32
6348,147,175,160,181,28,21
6349,86,116,176,199,30,23
6350,51,73,134,151,22,17
6351,36,49,125,135,13,10
6352,31,49,92,106,18,14
6353,22,54,64,88,32,24
6354,2,12,72,79,10,7
6355,9,16,40,45,7,5
6356,3,14,28,36,11,8
6357,9,32,7,24,23,17
6358,51,65,10,20,14,10
6359,83,100,9,22,17,13
6360,36,58,267,284,22,17
6361,32,56,300,318,24,18
6362,54,70,335,348,16,13
6363,122,154,238,261,32,23
6364,139,171,200,223,32,23
6365,174,198,121,139,24,18
6366,183,209,78,97,26,19
6367,186,213,36,56,27,20
6368,110,159,20,57,49,37
6369,61,83,100,116,22,16
6370,49,74,81,100,25,19
6371,93,115,68,84,22,16
6372,118,146,40,61,28,21
6373,134,166,16,40,32,24
6374,90,116,242,261,26,19
6375,84,107,302,319,23,17
6376,39,61,238,254,22,16
6377,22,40,218,231,18,13
6378,7,26,169,183,19,14
6379,2,19,134,147,17,13
6380,6,17,84,92,11,8
6381,4,21,48,61,17,13
6382,45,62,48,61,17,13
6383,61,87,10,29,26,19
6384,78,101,171,189,23,18
6385,102,132,191,213,30,22
6386,30,46,198,210,16,12
6387,124,168,164,198,44,34
6388,109,142,97,121,33,24
6389,90,135,32,66,45,34
6390,57,87,209,231,30,22
6391,29,63,246,272,34,26
6392,5,32,229,249,27,20
6393,1,41,146,176,40,30
6394,3,44,60,90,41,30
6395,90,110,72,86,20,14
6396,63,83,42,57,20,15
6397,50,79,74,96,29,22
6398,44,66,116,133,22,17
6399,1,30,120,142,29,22
6400,4,45,181,212,41,31
6401,43,71,237,258,28,21
6402,73,105,284,308,32,24
6403,148,181,283,308,33,25
6404,120,147,302,323,27,21
6405,37,72,324,350,35,26
6406,132,181,308,345,49,37
6407,206,236,313,335,30,22
6408,164,191,159,180,27,21
6409,139,191,90,129,52,39
6410,120,149,67,88,29,21
6411,120,167,24,59,47,35
6412,177,224,51,87,47,36
6413,4,29,14,33,25,19
6414,5,35,51,73,30,22
6415,103,124,123,139,21,16
6416,83,109,73,92,26,19
6417,89,107,108,122,18,14
6418,105,142,148,175,37,27
6419,186,204,166,179,18,13
6420,166,223,23,66,57,43
6421,157,226,250,301,69,51
6422,7,58,79,116,51,37
6423,3,39,13,40,36,27
6424,42,58,59,71,16,12
6425,82,112,50,72,30,22
6426,54,76,29,45,22,16
6427,97,139,146,178,42,32
6428,135,161,107,127,26,20
6429,139,168,195,217,29,22
6430,133,145,258,267,12,9
6431,2,37,41,67,35,26
6432,11,42,8,31,31,23
6433,63,100,48,76,37,28
6434,68,83,100,112,15,12
6435,71,87,50,61,16,11
6436,50,65,49,60,15,11
6437,25,32,72,76,7,4
6438,7,19,82,91,12,9
6439,2,21,44,58,19,14
6440,1,36,6,33,35,27
6441,63,105,180,211,42,31
6442,74,114,234,264,40,30
6443,179,211,234,258,32,24
6444,156,198,184,215,42,31
6445,166,232,265,315,66,50
6446,1,34,200,225,33,25
6447,7,36,176,197,29,21
6448,12,39,143,164,27,21
6449,88,117,139,160,29,21
6450,92,120,64,84,28,20
6451,142,173,85,109,31,24
6452,183,218,118,145,35,27
6453,190,233,49,81,43,32
6454,112,144,238,262,32,24
6455,125,148,202,220,23,18
6456,120,144,178,196,24,18
6457,133,167,141,167,34,26
6458,190,220,52,75,30,23
6459,154,171,316,329,17,13
6460,165,192,180,201,27,21
6461,30,47,237,249,17,12
6462,34,50,164,177,16,13
6463,24,43,76,90,19,14
6464,29,52,315,332,23,17
6465,119,144,326,345,25,19
6466,175,196,163,179,21,16
6467,92,112,34,49,20,15
6468,92,110,263,277,18,14
6469,110,120,158,166,10,8
6470,105,140,116,142,35,26
6471,133,153,317,332,20,15
6472,45,84,167,197,39,30
6473,58,76,219,232,18,13
6474,65,83,252,265,18,13
6475,65,98,301,326,33,25
6476,154,176,202,219,22,17
6477,213,239,145,165,26,20
6478,145,190,267,300,45,33
6479,178,217,323,352,39,29
6480,4,41,50,78,37,28
6481,62,95,35,59,33,24
6482,138,179,47,78,41,31
6483,175,217,9,41,42,32
6484,208,230,51,67,22,16
6485,192,210,78,92,18,14
6486,164,186,117,133,22,16
6487,101,112,241,249,11,8
6488,111,127,252,264,16,12
6489,213,226,93,103,13,10
6490,173,195,261,278,22,17
6491,85,105,296,311,20,15
6492,66,85,73,88,19,15
6493,61,90,154,175,29,21
6494,174,193,28,42,19,14
6495,146,165,34,49,19,15
6496,100,114,228,238,14,10
6497,36,61,237,256,25,19
6498,46,68,259,276,22,17
6499,95,115,303,319,20,16
6500,132,162,330,353,30,23
6501,56,81,80,99,25,19
6502,49,81,19,43,32,24
6503,132,162,150,173,30,23
6504,148,179,204,228,31,24
6505,181,204,268,286,23,18
6506,157,181,302,320,24,18
6507,132,157,279,299,25,20
6508,127,166,3,33,39,30
6509,55,68,118,128,13,10
6510,57,76,88,102,19,14
6511,76,115,69,98,39,29
6512,101,131,36,58,30,22
6513,151,204,42,82,53,40
6514,137,187,179,216,50,37
6515,150,186,241,268,36,27
6516,142,178,299,326,36,27
6517,92,112,275,290,20,15
6518,77,105,229,250,28,21
6519,45,76,196,219,31,23
6520,5,36,212,235,31,23
6521,54,100,277,312,46,35
6522,87,124,318,346,37,28
6523,189,222,108,133,33,25
6524,108,152,158,191,44,33
6525,133,170,67,94,37,27
6526,1,38,103,131,37,28
6527,0,39,14,43,39,29
6528,66,90,70,89,24,19
6529,44,71,262,282,27,20
6530,31,47,234,246,16,12
6531,39,53,180,190,14,10
6532,128,161,103,128,33,25
6533,127,172,13,47,45,34
6534,122,152,47,70,30,23
6535,137,173,73,99,36,26
6536,142,175,108,132,33,24
6537,143,166,136,153,23,17
6538,120,139,165,179,19,14
6539,93,107,160,170,14,10
6540,64,80,142,155,16,13
6541,65,80,108,119,15,11
6542,46,69,29,47,23,18
6543,93,115,25,42,22,17
6544,107,123,55,66,16,11
6545,173,205,200,224,32,24
6546,165,182,235,248,17,13
6547,132,153,257,273,21,16
6548,118,141,275,292,23,17
6549,117,135,296,310,18,14
6550,120,146,309,329,26,20
6551,166,193,306,327,27,21
6552,84,106,222,238,22,16
6553,85,105,195,209,20,14
6554,159,202,76,108,43,32
6555,105,125,99,113,20,14
6556,74,95,116,131,21,15
6557,98,127,136,157,29,21
6558,119,145,171,190,26,19
6559,155,190,134,160,35,26
6560,178,211,192,216,33,24
6561,22,58,197,225,36,28
6562,41,65,296,313,24,17
6563,66,80,319,329,14,10
6564,40,56,111,123,16,12
6565,54,69,76,88,15,12
6566,65,86,48,64,21,16
6567,67,98,24,47,31,23
6568,111,130,16,31,19,15
6569,154,178,17,35,24,18
6570,195,227,19,42,32,23
6571,6,34,45,66,28,21
6572,6,40,75,101,34,26
6573,9,28,112,127,19,15
6574,2,20,142,156,18,14
6575,8,26,177,191,18,14
6576,33,47,145,156,14,11
6577,37,63,187,206,26,19
6578,48,59,226,234,11,8
6579,71,90,173,188,19,15
6580,77,95,143,157,18,14
6581,132,151,134,149,19,15
6582,39,64,252,271,25,19
6583,21,36,234,245,15,11
6584,4,22,186,199,18,13
6585,2,52,110,147,50,37
6586,8,41,64,89,33,25
6587,8,47,23,52,39,29
6588,58,84,59,79,26,20
6589,127,169,44,76,42,32
6590,125,153,89,110,28,21
6591,159,188,100,122,29,22
6592,198,232,118,145,34,27
6593,147,170,167,184,23,17
6594,90,140,187,225,50,38
6595,88,144,224,266,56,42
6596,115,161,257,292,46,35
6597,81,110,283,304,29,21
6598,73,93,308,323,20,15
6599,87,110,259,276,23,17
6600,83,101,238,251,18,13
6601,85,116,189,212,31,23
6602,122,151,123,145,29,22
6603,166,193,91,111,27,20
6604,70,93,98,115,23,17
6605,12,37,111,130,25,19
6606,7,29,64,80,22,16
6607,6,37,20,44,31,24
6608,59,86,26,47,27,21
6609,19,47,224,245,28,21
6610,58,72,261,271,14,10
6611,22,53,294,317,31,23
6612,149,194,290,324,45,34
6613,139,171,236,260,32,24
6614,139,164,183,202,25,19
6615,66,90,125,144,24,19
6616,7,52,176,209,45,33
6617,176,232,149,191,56,42
6618,32,51,176,190,19,14
6619,49,67,147,161,18,14
6620,56,77,110,126,21,16
6621,107,151,77,110,44,33
6622,154,182,39,60,28,21
6623,190,220,66,88,30,22
6624,153,182,303,325,29,22
6625,118,152,227,252,34,25
6626,58,87,324,346,29,22
6627,99,125,309,329,26,20
6628,66,100,211,236,34,25
6629,7,19,61,71,12,10
6630,7,39,28,52,32,24
6631,66,100,23,48,34,25
6632,42,71,67,89,29,22
6633,8,27,143,158,19,15
6634,195,232,150,177,37,27
6635,107,140,262,286,33,24
6636,142,178,214,241,36,27
6637,161,195,118,143,34,25
6638,158,195,58,86,37,28
6639,107,139,55,80,32,25
6640,7,31,110,128,24,18
6641,5,34,144,166,29,22
6642,8,34,174,194,26,20
6643,49,74,159,178,25,19
6644,45,76,198,221,31,23
6645,47,70,238,255,23,17
6646,9,47,295,324,38,29
6647,4,23,12,27,19,15
6648,76,109,65,90,33,25
6649,136,173,9,37,37,28
6650,30,44,56,66,14,10
6651,64,94,56,78,30,22
6652,120,169,50,87,49,37
6653,155,197,120,151,42,31
6654,167,194,241,261,27,20
6655,154,210,298,340,56,42
6656,2,24,266,282,22,16
6657,48,71,200,217,23,17
6658,44,68,170,189,24,19
6659,90,126,141,168,36,27
6660,146,191,181,214,45,33
6661,122,149,81,102,27,21
6662,56,85,73,96,29,23
6663,53,120,15,66,67,51
6664,9,29,30,45,20,15
6665,10,30,77,91,20,14
6666,7,61,198,239,54,41
6667,88,110,205,222,22,17
6668,51,74,264,282,23,18
6669,69,93,308,326,24,18
6670,2,34,300,324,32,24
6671,10,36,270,290,26,20
6672,144,182,286,315,38,29
6673,106,132,133,153,26,20
6674,129,167,182,210,38,28
6675,161,205,226,259,44,33
6676,139,210,46,99,71,53
6677,62,106,259,292,44,33
6678,106,193,282,347,87,65
6679,3,25,184,201,22,17
6680,14,46,131,155,32,24
6681,2,46,72,105,44,33
6682,7,61,27,68,54,41
6683,132,178,100,135,46,35
6684,73,94,151,166,21,15
6685,97,129,175,199,32,24
6686,129,172,192,224,43,32
6687,41,66,112,130,25,18
6688,61,85,30,48,24,18
6689,5,35,201,224,30,23
6690,19,58,260,289,39,29
6691,48,73,308,327,25,19
6692,139,183,290,323,44,33
6693,1,36,128,154,35,26
6694,11,34,177,194,23,17
6695,66,88,142,159,22,17
6696,54,69,168,180,15,12
6697,58,62,194,198,4,4
6698,27,45,231,245,18,14
6699,76,99,230,247,23,17
6700,105,137,194,217,32,23
6701,121,156,152,178,35,26
6702,156,194,85,114,38,29
6703,176,208,35,58,32,23
6704,142,209,221,272,67,51
6705,22,53,314,337,31,23
6706,4,19,273,284,15,11
6707,39,72,273,298,33,25
6708,94,134,98,128,40,30
6709,90,121,178,201,31,23
6710,100,135,242,268,35,26
6711,140,177,194,221,37,27
6712,163,215,253,292,52,39
6713,29,59,168,190,30,22
6714,16,55,259,288,39,29
6715,32,54,73,89,22,16
6716,40,68,39,61,28,22
6717,32,56,15,33,24,18
6718,82,112,12,35,30,23
6719,64,98,36,62,34,26
6720,132,167,35,62,35,27
6721,85,123,72,100,38,28
6722,4,29,11,30,25,19
6723,107,142,5,31,35,26
6724,4,34,168,190,30,22
6725,32,45,152,162,13,10
6726,50,62,147,156,12,9
6727,25,50,224,242,25,18
6728,76,93,245,258,17,13
6729,188,223,219,245,35,26
6730,89,120,136,159,31,23
6731,127,168,90,122,41,32
6732,142,181,144,173,39,29
6733,109,135,222,242,26,20
6734,48,76,229,250,28,21
6735,49,65,276,288,16,12
6736,88,107,272,287,19,15
6737,98,118,310,325,20,15
6738,131,155,279,297,24,18
6739,159,191,250,274,32,24
6740,195,221,294,314,26,20
6741,2,27,139,157,25,18
6742,47,72,117,135,25,18
6743,44,76,166,191,32,25
6744,8,36,253,274,28,21
6745,8,32,60,78,24,18
6746,5,32,19,39,27,20
6747,53,86,27,52,33,25
6748,118,123,74,78,5,4
6749,85,109,72,90,24,18
6750,156,189,69,94,33,25
6751,146,174,197,218,28,21
6752,14,54,281,311,40,30
6753,64,91,317,337,27,20
6754,41,57,215,227,16,12
6755,137,183,138,172,46,34
6756,180,214,247,273,34,26
6757,143,175,255,279,32,24
6758,91,113,208,225,22,17
6759,43,71,238,258,28,20
6760,71,102,150,174,31,24
6761,3,27,10,28,24,18
6762,55,80,9,28,25,19
6763,7,26,178,192,19,14
6764,34,54,271,286,20,15
6765,68,100,271,296,32,25
6766,106,135,306,328,29,22
6767,103,129,210,229,26,19
6768,135,164,181,202,29,21
6769,192,222,147,170,30,23
6770,135,199,74,122,64,48
6771,80,105,116,134,25,18
6772,122,149,149,170,27,21
6773,101,125,98,116,24,18
6774,4,9,57,61,5,4
6775,6,38,107,131,32,24
6776,110,149,198,227,39,29
6777,149,181,200,224,32,24
6778,6,32,190,210,26,20
6779,11,27,241,253,16,12
6780,8,38,245,268,30,23
6781,22,64,266,298,42,32
6782,28,70,302,333,42,31
6783,95,124,308,330,29,22
6784,166,198,307,332,32,25
6785,46,81,149,175,35,26
6786,57,90,103,127,33,24
6787,142,177,96,123,35,27
6788,160,195,8,35,35,27
6789,132,152,341,356,20,15
6790,82,112,17,40,30,23
6791,127,163,50,77,36,27
6792,125,159,174,199,34,25
6793,58,87,184,205,29,21
6794,10,29,131,146,19,15
6795,44,61,98,111,17,13
6796,15,36,70,86,21,16
6797,137,166,120,142,29,22
6798,164,191,64,84,27,20
6799,183,204,103,119,21,16
6800,165,182,199,212,17,13
6801,93,117,267,285,24,18
6802,112,144,321,345,32,24
6803,183,208,316,335,25,19
6804,188,209,268,284,21,16
6805,43,65,87,104,22,17
6806,65,88,85,102,23,17
6807,92,125,180,205,33,25
6808,127,168,98,129,41,31
6809,180,212,56,80,32,24
6810,173,214,158,189,41,31
6811,167,202,267,294,35,27
6812,30,55,252,271,25,19
6813,67,99,117,141,32,24
6814,8,34,225,244,26,19
6815,73,92,155,169,19,14
6816,66,92,106,125,26,19
6817,41,60,82,96,19,14
6818,47,73,34,53,26,19
6819,5,20,55,66,15,11
6820,9,26,87,100,17,13
6821,7,27,130,145,20,15
6822,10,26,169,181,16,12
6823,2,19,199,212,17,13
6824,11,32,213,229,21,16
6825,55,75,199,213,20,14
6826,115,150,108,134,35,26
6827,149,183,70,95,34,25
6828,181,212,135,158,31,23
6829,66,95,202,224,29,22
6830,85,121,141,168,36,27
6831,117,146,192,214,29,22
6832,161,174,197,207,13,10
6833,168,203,220,246,35,26
6834,140,158,321,334,18,13
6835,179,223,309,342,44,33
6836,3,22,175,189,19,14
6837,22,43,154,170,21,16
6838,29,51,218,235,22,17
6839,46,89,226,258,43,32
6840,67,100,268,293,33,25
6841,25,45,306,321,20,15
6842,119,156,270,298,37,28
6843,151,193,198,229,42,31
6844,130,165,167,193,35,26
6845,53,76,139,156,23,17
6846,24,49,43,61,25,18
6847,2,13,52,60,11,8
6848,7,23,90,102,16,12
6849,5,23,149,162,18,13
6850,5,24,202,216,19,14
6851,74,106,271,295,32,24
6852,74,93,227,241,19,14
6853,54,81,197,217,27,20
6854,41,68,145,165,27,20
6855,65,85,107,122,20,15
6856,38,53,116,127,15,11
6857,120,158,141,169,38,28
6858,175,220,138,172,45,34
6859,144,175,195,217,31,22
6860,92,142,233,270,50,37
6861,144,167,85,103,23,18
6862,66,88,88,104,22,16
6863,7,26,95,110,19,15
6864,1,18,154,167,17,13
6865,5,41,202,229,36,27
6866,7,44,276,305,37,29
6867,41,93,304,343,52,39
6868,137,211,286,342,74,56
6869,117,156,299,328,39,29
6870,105,140,218,245,35,27
6871,164,186,184,200,22,16
6872,2,10,137,142,8,5
6873,26,47,40,56,21,16
6874,71,90,35,49,19,14
6875,55,78,77,94,23,17
6876,68,85,127,140,17,13
6877,30,56,268,288,26,20
6878,2,9,255,260,7,5
6879,23,47,314,332,24,18
6880,79,95,304,316,16,12
6881,126,150,141,159,24,18
6882,166,189,140,157,23,17
6883,158,225,181,232,67,51
6884,205,235,268,290,30,22
6885,23,41,276,290,18,14
6886,3,16,215,225,13,10
6887,36,54,255,269,18,14
6888,34,45,240,248,11,8
6889,52,60,245,251,8,6
6890,61,68,263,269,7,6
6891,68,81,252,261,13,9
6892,81,97,278,289,16,11
6893,74,104,296,318,30,22
6894,58,71,19,29,13,10
6895,51,89,38,66,38,28
6896,10,41,98,121,31,23
6897,34,73,292,321,39,29
6898,6,22,206,218,16,12
6899,43,68,213,233,25,20
6900,68,90,218,235,22,17
6901,160,215,176,217,55,41
6902,172,200,136,157,28,21
6903,190,217,81,102,27,21
6904,183,215,40,65,32,25
6905,30,58,65,86,28,21
6906,48,74,153,173,26,20
6907,7,29,229,245,22,16
6908,2,28,63,83,26,20
6909,14,35,17,33,21,16
6910,76,98,159,175,22,16
6911,117,139,150,166,22,16
6912,150,191,96,127,41,31
6913,80,105,10,29,25,19
6914,138,171,5,30,33,25
6915,186,214,3,24,28,21
6916,199,230,29,52,31,23
6917,100,126,45,64,26,19
6918,5,14,77,85,9,8
6919,22,46,170,188,24,18
6920,78,99,128,144,21,16
6921,23,44,216,232,21,16
6922,33,61,289,310,28,21
6923,64,91,326,347,27,21
6924,122,142,295,309,20,14
6925,132,151,264,279,19,15
6926,126,147,224,240,21,16
6927,99,108,226,233,9,7
6928,56,79,50,67,23,17
6929,77,107,205,228,30,23
6930,117,155,184,213,38,29
6931,51,67,279,291,16,12
6932,59,82,309,326,23,17
6933,81,117,321,348,36,27
6934,7,24,249,262,17,13
6935,3,22,206,220,19,14
6936,7,43,159,186,36,27
6937,0,45,106,140,45,34
6938,8,46,38,66,38,28
6939,84,117,41,66,33,25
6940,143,175,34,58,32,24
6941,180,215,66,93,35,27
6942,203,234,132,155,31,23
6943,52,82,130,153,30,23
6944,81,103,171,187,22,16
6945,83,115,139,162,32,23
6946,40,47,240,245,7,5
6947,76,97,47,63,21,16
6948,79,91,25,35,12,10
6949,72,93,79,95,21,16
6950,69,90,115,131,21,16
6951,46,63,154,167,17,13
6952,92,122,234,256,30,22
6953,108,144,264,291,36,27
6954,156,183,286,307,27,21
6955,194,219,182,200,25,18
6956,142,163,222,237,21,15
6957,7,27,333,348,20,15
6958,25,40,29,40,15,11
6959,94,120,138,158,26,20
6960,139,167,100,121,28,21
6961,160,185,16,34,25,18
6962,186,220,62,88,34,26
6963,177,206,150,172,29,22
6964,3,39,62,89,36,27
6965,2,44,4,36,42,32
6966,36,51,154,165,15,11
6967,15,54,288,317,39,29
6968,56,83,210,230,27,20
6969,48,83,183,210,35,27
6970,128,161,190,215,33,25
6971,160,203,243,275,43,32
6972,195,225,288,310,30,22
6973,195,238,311,343,43,32
6974,95,134,31,61,39,30
6975,132,181,78,114,49,36
6976,133,175,182,213,42,31
6977,81,107,121,141,26,20
6978,7,26,156,171,19,15
6979,7,33,216,235,26,19
6980,4,39,255,282,35,27
6981,43,67,299,317,24,18
6982,98,114,309,321,16,12
6983,66,111,331,365,45,34
6984,159,203,320,353,44,33
6985,183,231,257,293,48,36
6986,137,159,229,245,22,16
6987,132,172,254,284,40,30
6988,125,148,289,306,23,17
6989,123,124,272,273,1,1
6990,103,116,218,227,13,9
6991,75,106,189,212,31,23
6992,148,180,83,107,32,24
6993,132,187,144,185,55,41
6994,41,59,66,79,18,13
6995,23,32,189,196,9,7
6996,20,29,210,217,9,7
6997,24,30,227,232,6,5
6998,16,54,303,332,38,29
6999,36,46,185,193,10,8
7000,5,12,176,182,7,6
7001,30,32,70,71,2,1
7002,3,36,44,69,33,25
7003,7,44,4,32,37,28
7004,9,36,88,109,27,21
7005,36,57,110,125,21,15
7006,49,72,77,94,23,17
7007,23,41,228,241,18,13
7008,7,31,198,216,24,18
7009,8,43,263,289,35,26
7010,112,157,190,223,45,33
7011,115,158,133,165,43,32
7012,73,100,187,208,27,21
7013,76,105,211,233,29,22
7014,121,181,264,310,60,46
7015,159,220,79,126,61,47
7016,196,228,202,226,32,24
7017,199,237,274,303,38,29
7018,7,19,33,43,12,10
7019,7,29,56,73,22,17
7020,5,39,83,108,34,25
7021,14,43,109,131,29,22
7022,12,35,145,163,23,18
7023,14,44,163,185,30,22
7024,10,32,218,235,22,17
7025,21,39,257,270,18,13
7026,47,65,287,300,18,13
7027,148,184,202,230,36,28
7028,84,116,132,156,32,24
7029,107,129,225,241,22,16
7030,146,198,249,289,52,40
7031,178,234,75,117,56,42
7032,87,119,159,183,32,24
7033,71,103,229,253,32,24
7034,58,90,303,327,32,24
7035,93,120,273,293,27,20
7036,132,192,196,241,60,45
7037,153,189,126,153,36,27
7038,0,27,109,129,27,20
7039,12,42,130,153,30,23
7040,14,42,182,203,28,21
7041,7,32,214,233,25,19
7042,19,35,272,284,16,12
7043,4,29,301,320,25,19
7044,69,90,259,274,21,15
7045,86,110,199,217,24,18
7046,59,79,175,190,20,15
7047,45,57,156,165,12,9
7048,144,178,140,165,34,25
7049,134,151,185,198,17,13
7050,107,151,225,259,44,34
7051,176,200,220,238,24,18
7052,186,209,126,143,23,17
7053,164,188,4,23,24,19
7054,163,190,34,55,27,21
7055,2,18,89,101,16,12
7056,10,25,118,130,15,12
7057,12,44,130,154,32,24
7058,24,51,155,176,27,21
7059,22,39,179,191,17,12
7060,10,39,199,221,29,22
7061,24,44,239,254,20,15
7062,9,39,295,317,30,22
7063,41,73,315,339,32,24
7064,10,27,334,347,17,13
7065,33,61,255,275,28,20
7066,67,88,229,245,21,16
7067,85,103,202,216,18,14
7068,108,130,174,191,22,17
7069,77,86,137,143,9,6
7070,117,150,101,125,33,24
7071,58,80,79,96,22,17
7072,4,27,32,49,23,17
7073,5,27,141,158,22,17
7074,3,21,182,195,18,13
7075,63,81,194,207,18,13
7076,87,108,210,226,21,16
7077,85,113,282,303,28,21
7078,135,168,312,337,33,25
7079,157,195,261,290,38,29
7080,164,192,219,240,28,21
7081,159,202,102,134,43,32
7082,203,234,56,79,31,23
7083,93,122,320,341,29,21
7084,11,44,227,252,33,25
7085,63,80,150,163,17,13
7086,56,87,120,143,31,23
7087,60,76,246,258,16,12
7088,62,77,228,239,15,11
7089,135,156,94,110,21,16
7090,106,132,135,155,26,20
7091,100,119,177,191,19,14
7092,102,147,198,231,45,33
7093,142,182,228,259,40,31
7094,192,220,184,205,28,21
7095,80,96,261,273,16,12
7096,1,22,220,236,21,16
7097,7,33,171,191,26,20
7098,7,29,113,130,22,17
7099,5,25,72,86,20,14
7100,13,28,46,57,15,11
7101,10,42,17,41,32,24
7102,62,91,10,32,29,22
7103,60,85,30,50,25,20
7104,104,132,2,23,28,21
7105,36,51,147,158,15,11
7106,63,100,124,153,37,29
7107,66,89,156,173,23,17
7108,73,105,187,211,32,24
7109,69,121,291,330,52,39
7110,102,131,256,278,29,22
7111,110,142,176,200,32,24
7112,31,52,297,313,21,16
7113,49,63,279,290,14,11
7114,159,223,254,303,64,49
7115,173,211,305,334,38,29
7116,63,83,169,184,20,15
7117,64,76,139,147,12,8
7118,88,110,163,179,22,16
7119,127,159,193,217,32,24
7120,156,219,123,170,63,47
7121,28,43,137,148,15,11
7122,32,47,122,133,15,11
7123,35,72,67,95,37,28
7124,4,30,89,109,26,20
7125,10,36,176,195,26,19
7126,7,47,213,243,40,30
7127,12,51,262,292,39,30
7128,36,66,187,208,30,21
7129,151,209,296,340,58,44
7130,198,223,243,261,25,18
7131,186,227,26,57,41,31
7132,51,80,151,173,29,22
7133,66,97,102,125,31,23
7134,110,156,205,240,46,35
7135,166,207,150,181,41,31
7136,182,235,54,94,53,40
7137,112,143,112,134,31,22
7138,32,69,311,338,37,27
7139,5,29,166,184,24,18
7140,7,31,112,130,24,18
7141,6,31,68,87,25,19
7142,7,31,23,41,24,18
7143,23,43,232,247,20,15
7144,37,47,217,225,10,8
7145,66,78,34,43,12,9
7146,66,85,56,71,19,15
7147,21,43,111,128,22,17
7148,63,88,103,122,25,19
7149,68,81,139,149,13,10
7150,99,111,137,146,12,9
7151,100,126,159,178,26,19
7152,124,142,126,139,18,13
7153,99,121,97,113,22,16
7154,108,131,67,84,23,17
7155,101,124,33,50,23,17
7156,20,34,187,197,14,10
7157,38,61,202,220,23,18
7158,50,68,251,264,18,13
7159,71,93,288,305,22,17
7160,84,102,263,277,18,14
7161,73,89,224,236,16,12
7162,63,87,175,193,24,18
7163,58,71,158,168,13,10
7164,15,36,40,56,21,16
7165,176,220,54,87,44,33
7166,177,230,165,205,53,40
7167,166,218,271,310,52,39
7168,42,64,139,155,22,16
7169,92,112,136,151,20,15
7170,83,101,229,242,18,13
7171,146,180,217,242,34,25
7172,152,181,126,147,29,21
7173,168,195,48,68,27,20
7174,185,217,76,100,32,24
7175,6,24,147,160,18,13
7176,7,24,63,76,17,13
7177,11,36,20,40,25,20
7178,5,26,255,271,21,16
7179,17,32,298,310,15,12
7180,99,166,290,340,67,50
7181,44,78,305,330,34,25
7182,41,56,138,149,15,11
7183,79,104,134,153,25,19
7184,110,128,59,72,18,13
7185,122,166,114,147,44,33
7186,129,162,191,216,33,25
7187,138,186,256,291,48,35
7188,8,27,108,122,19,14
7189,12,35,133,151,23,18
7190,12,42,34,56,30,22
7191,13,46,3,27,33,24
7192,85,112,164,184,27,20
7193,39,52,256,266,13,10
7194,51,66,211,223,15,12
7195,61,71,173,181,10,8
7196,61,76,115,126,15,11
7197,60,73,87,97,13,10
7198,53,68,61,73,15,12
7199,95,108,56,65,13,9
7200,95,107,40,49,12,9
7201,121,154,12,37,33,25
7202,152,183,53,76,31,23
7203,146,193,170,204,47,34
7204,150,188,278,307,38,29
7205,10,34,215,234,24,19
7206,2,35,150,175,33,25
7207,13,27,108,119,14,11
7208,6,27,45,61,21,16
7209,88,113,81,100,25,19
7210,76,117,14,46,41,32
7211,37,73,97,124,36,27
7212,58,86,135,156,28,21
7213,112,147,99,125,35,26
7214,149,181,57,81,32,24
7215,168,198,121,143,30,22
7216,185,212,222,243,27,21
7217,162,212,304,342,50,38
7218,136,142,116,120,6,4
7219,163,184,216,232,21,16
7220,134,171,265,292,37,27
7221,7,28,165,180,21,15
7222,17,38,121,136,21,15
7223,5,28,79,96,23,17
7224,4,32,37,58,28,21
7225,4,24,7,22,20,15
7226,33,50,202,215,17,13
7227,44,63,135,149,19,14
7228,49,59,269,277,10,8
7229,47,56,43,50,9,7
7230,71,88,15,27,17,12
7231,166,208,308,339,42,31
7232,183,201,52,66,18,14
7233,27,50,171,188,23,17
7234,73,91,187,201,18,14
7235,109,135,127,146,26,19
7236,64,83,272,286,19,14
7237,9,27,328,341,18,13
7238,127,141,204,215,14,11
7239,93,107,290,300,14,10
7240,102,120,97,110,18,13
7241,90,107,5,18,17,13
7242,60,78,93,106,18,13
7243,161,181,320,335,20,15
7244,157,171,198,209,14,11
7245,109,152,187,219,43,32
7246,98,130,7,31,32,24
7247,33,44,228,237,11,9
7248,23,38,179,190,15,11
7249,26,41,147,158,15,11
7250,34,49,81,92,15,11
7251,30,44,18,29,14,11
7252,52,63,178,186,11,8
7253,58,72,304,315,14,11
7254,43,61,276,290,18,14
7255,35,47,258,267,12,9
7256,166,183,12,25,17,13
7257,183,217,323,349,34,26
7258,186,217,99,122,31,23
7259,151,172,279,295,21,16
7260,174,194,199,213,20,14
7261,53,70,155,168,17,13
7262,10,24,234,244,14,10
7263,13,32,29,43,19,14
7264,189,212,318,335,23,17
7265,196,212,179,191,16,12
7266,115,135,270,285,20,15
7267,41,54,302,312,13,10
7268,95,117,62,79,22,17
7269,95,108,83,93,13,10
7270,98,118,121,135,20,14
7271,88,106,285,299,18,14
7272,49,64,322,333,15,11
7273,7,19,202,211,12,9
7274,7,22,115,127,15,12
7275,10,24,44,55,14,11
7276,26,39,13,23,13,10
7277,36,55,99,114,19,15
7278,78,93,167,178,15,11
7279,179,196,279,292,17,13
7280,181,204,166,184,23,18
7281,120,129,176,183,9,7
7282,114,121,174,179,7,5
7283,124,139,120,131,15,11
7284,107,119,253,262,12,9
7285,116,137,307,322,21,15
7286,9,22,23,33,13,10
7287,11,25,162,173,14,11
7288,13,30,332,344,17,12
7289,70,93,215,232,23,17
7290,82,99,78,90,17,12
7291,176,200,212,230,24,18
7292,80,108,222,243,28,21
7293,49,66,202,215,17,13
7294,50,61,264,272,11,8
7295,30,45,310,321,15,11
7296,11,23,112,121,12,9
7297,24,41,50,63,17,13
7298,17,37,7,23,20,16
7299,19,27,28,35,8,7
7300,13,30,75,88,17,13
7301,182,201,53,67,19,14
7302,178,209,295,319,31,24
7303,157,180,230,247,23,17
7304,116,143,304,325,27,21
7305,125,147,137,154,22,17
7306,139,154,69,81,15,12
7307,163,184,9,25,21,16
7308,15,31,284,296,16,12
7309,10,30,219,234,20,15
7310,41,57,241,253,16,12
7311,22,40,160,174,18,14
7312,13,27,177,187,14,10
7313,18,32,234,245,14,11
7314,55,76,242,258,21,16
7315,136,167,220,243,31,23
7316,163,190,125,145,27,20
7317,185,211,47,67,26,20
7318,186,220,311,337,34,26
7319,80,105,89,108,25,19
7320,71,110,180,210,39,30
7321,120,146,144,164,26,20
7322,27,46,132,146,19,14
7323,39,61,71,88,22,17
7324,132,154,256,273,22,17
7325,68,93,126,144,25,18
7326,93,107,191,201,14,10
7327,90,105,124,136,15,12
7328,76,98,89,106,22,17
7329,64,82,300,313,18,13
7330,124,140,261,273,16,12
7331,166,181,265,276,15,11
7332,180,201,150,166,21,16
7333,185,196,186,195,11,9
7334,162,176,196,207,14,11
7335,214,228,129,140,14,11
7336,218,232,28,39,14,11
7337,33,47,242,253,14,11
7338,26,41,201,213,15,12
7339,48,64,140,153,16,13
7340,66,86,189,204,20,15
7341,66,87,67,82,21,15
7342,35,54,135,148,19,13
7343,51,69,315,329,18,14
7344,31,48,263,276,17,13
7345,160,184,43,61,24,18
7346,208,232,164,183,24,19
7347,198,222,9,27,24,18
7348,168,195,107,127,27,20
7349,10,33,233,250,23,17
7350,85,113,242,263,28,21
7351,97,115,191,204,18,13
7352,140,161,170,186,21,16
7353,43,65,90,106,22,16
7354,32,49,156,169,17,13
7355,22,36,213,223,14,10
7356,102,128,202,221,26,19
7357,162,189,77,97,27,20
7358,181,209,229,250,28,21
7359,136,174,307,336,38,29
7360,122,155,116,140,33,24
7361,80,107,130,151,27,21
7362,66,94,213,234,28,21
7363,25,60,280,306,35,26
7364,46,60,94,105,14,11
7365,47,66,46,60,19,14
7366,73,95,31,47,22,16
7367,117,142,90,108,25,18
7368,168,204,148,175,36,27
7369,45,60,221,232,15,11
7370,32,50,199,213,18,14
7371,22,34,165,174,12,9
7372,26,41,149,161,15,12
7373,18,33,128,139,15,11
7374,10,24,57,67,14,10
7375,17,34,276,289,17,13
7376,24,48,321,338,24,17
7377,147,168,302,318,21,16
7378,121,134,172,182,13,10
7379,134,149,208,219,15,11
7380,120,131,119,128,11,9
7381,117,137,307,322,20,15
7382,97,112,251,262,15,11
7383,89,102,151,161,13,10
7384,95,119,45,63,24,18
7385,53,77,39,58,24,19
7386,76,95,196,210,19,14
7387,176,193,243,256,17,13
7388,205,228,180,197,23,17
7389,165,183,216,230,18,14
7390,156,180,314,332,24,18
7391,122,169,50,85,47,35
7392,71,91,138,153,20,15
7393,58,76,193,207,18,14
7394,49,68,244,259,19,15
7395,27,47,173,188,20,15
7396,29,45,207,218,16,11
7397,34,42,226,232,8,6
7398,32,55,84,102,23,18
7399,56,75,41,56,19,15
7400,85,103,10,23,18,13
7401,93,110,47,59,17,12
7402,73,90,83,95,17,12
7403,179,199,312,327,20,15
7404,161,197,140,167,36,27
7405,115,139,200,218,24,18
7406,170,209,199,228,39,29
7407,186,227,22,52,41,30
7408,107,134,146,166,27,20
7409,102,149,230,265,47,35
7410,146,166,289,304,20,15
7411,208,232,76,93,24,17
7412,51,70,251,265,19,14
7413,31,51,95,110,20,15
7414,36,52,179,191,16,12
7415,148,173,112,130,25,18
7416,127,156,12,35,29,23
7417,162,183,187,202,21,15
7418,2,27,197,216,25,19
7419,6,20,49,59,14,10
7420,43,75,4,28,32,24
7421,68,88,175,190,20,15
7422,56,74,214,227,18,13
7423,121,148,165,186,27,21
7424,189,211,228,245,22,17
7425,191,212,280,296,21,16
7426,19,54,289,315,35,26
7427,64,88,289,307,24,18
7428,45,66,148,163,21,15
7429,32,51,269,283,19,14
7430,14,29,316,328,15,12
7431,10,27,191,204,17,13
7432,166,190,94,111,24,17
7433,181,202,264,280,21,16
7434,184,203,325,339,19,14
7435,94,116,207,223,22,16
7436,59,81,221,238,22,17
7437,12,33,242,258,21,16
7438,4,17,48,58,13,10
7439,4,17,97,107,13,10
7440,2,13,142,150,11,8
7441,3,19,171,183,16,12
7442,39,53,33,43,14,10
7443,58,76,14,27,18,13
7444,88,111,12,29,23,17
7445,151,178,29,49,27,20
7446,177,207,186,208,30,22
7447,142,163,211,227,21,16
7448,107,124,168,180,17,12
7449,99,118,126,141,19,15
7450,96,111,106,117,15,11
7451,126,149,203,220,23,17
7452,104,115,196,204,11,8
7453,68,83,227,239,15,12
7454,68,85,278,290,17,12
7455,52,66,317,328,14,11
7456,32,49,288,301,17,13
7457,28,46,240,254,18,14
7458,35,54,194,208,19,14
7459,40,60,88,103,20,15
7460,172,198,296,316,26,20
7461,103,125,251,267,22,16
7462,14,32,335,348,18,13
7463,11,26,294,305,15,11
7464,14,29,264,275,15,11
7465,27,43,141,153,16,12
7466,19,30,98,107,11,9
7467,29,41,109,118,12,9
7468,22,33,40,48,11,8
7469,48,66,5,19,18,14
7470,104,127,63,80,23,17
7471,156,180,151,169,24,18
7472,168,200,221,245,32,24
7473,117,142,143,161,25,18
7474,84,105,62,77,21,15
7475,59,83,80,98,24,18
7476,46,71,141,159,25,18
7477,124,148,260,278,24,18
7478,144,166,220,237,22,17
7479,146,168,30,46,22,16
7480,91,110,237,251,19,14
7481,97,115,202,216,18,14
7482,70,87,164,177,17,13
7483,46,64,120,134,18,14
7484,39,56,80,92,17,12
7485,56,73,34,47,17,13
7486,81,100,130,144,19,14
7487,114,138,127,146,24,19
7488,156,187,114,138,31,24
7489,143,173,271,294,30,23
7490,182,205,308,325,23,17
7491,92,110,297,311,18,14
7492,90,108,189,202,18,13
7493,88,103,82,93,15,11
7494,102,115,32,42,13,10
7495,109,120,78,87,11,9
7496,103,122,114,128,19,14
7497,98,117,141,155,19,14
7498,12,37,156,174,25,18
7499,16,32,228,240,16,12
7500,22,36,266,276,14,10
7501,158,183,42,62,25,20
7502,165,186,8,24,21,16
7503,159,183,146,165,24,19
7504,127,164,218,245,37,27
7505,128,146,314,328,18,14
7506,63,83,268,282,20,14
7507,32,41,256,263,9,7
7508,33,44,205,213,11,8
7509,41,54,131,140,13,9
7510,66,88,58,75,22,17
7511,42,58,88,100,16,12
7512,54,71,47,61,17,14
7513,56,79,15,32,23,17
7514,124,154,55,78,30,23
7515,79,95,174,186,16,12
7516,99,124,55,74,25,19
7517,41,61,82,97,20,15
7518,60,79,33,48,19,15
7519,26,45,164,178,19,14
7520,16,32,240,252,16,12
7521,19,39,270,285,20,15
7522,31,54,317,335,23,18
7523,137,164,146,166,27,20
7524,149,176,83,103,27,20
7525,137,161,43,62,24,19
7526,71,95,312,330,24,18
7527,75,99,264,282,24,18
7528,115,140,231,249,25,18
7529,51,66,271,283,15,12
7530,49,59,256,264,10,8
7531,43,53,237,245,10,8
7532,43,56,134,144,13,10
7533,13,29,192,203,16,11
7534,61,84,38,55,23,17
7535,139,164,315,334,25,19
7536,191,217,304,323,26,19
7537,159,179,191,206,20,15
7538,98,115,69,83,17,14
7539,78,98,58,73,20,15
7540,58,71,149,159,13,10
7541,50,71,97,113,21,16
7542,41,56,68,79,15,11
7543,39,58,28,42,19,14
7544,34,50,266,278,16,12
7545,140,159,201,215,19,14
7546,154,183,136,157,29,21
7547,191,213,240,257,22,17
7548,120,142,264,281,22,17
7549,106,129,156,173,23,17
7550,122,140,81,94,18,13
7551,72,88,136,147,16,11
7552,102,122,328,342,20,14
7553,76,93,328,340,17,12
7554,66,86,310,325,20,15
7555,61,77,270,282,16,12
7556,65,76,242,250,11,8
7557,86,109,254,271,23,17
7558,113,142,203,225,29,22
7559,85,104,217,231,19,14
7560,64,78,224,234,14,10
7561,29,49,266,281,20,15
7562,5,23,142,155,18,13
7563,46,69,83,100,23,17
7564,184,211,155,175,27,20
7565,67,75,280,286,8,6
7566,68,81,264,274,13,10
7567,56,67,230,239,11,9
7568,44,57,246,256,13,10
7569,48,63,146,158,15,12
7570,101,116,55,66,15,11
7571,128,146,109,123,18,14
7572,157,174,204,217,17,13
7573,170,188,57,70,18,13
7574,173,196,116,133,23,17
7575,158,200,283,315,42,32
7576,107,126,311,325,19,14
7577,62,83,332,348,21,16
7578,110,130,182,197,20,15
7579,65,88,138,156,23,18
7580,73,93,213,228,20,15
7581,39,57,197,211,18,14
7582,33,47,229,240,14,11
7583,54,80,48,68,26,20
7584,70,92,90,106,22,16
7585,166,192,87,107,26,20
7586,7,24,260,273,17,13
7587,29,54,323,342,25,19
7588,26,44,295,308,18,13
7589,127,149,258,275,22,17
7590,97,121,188,206,24,18
7591,69,101,275,299,32,24
7592,58,83,161,180,25,19
7593,69,86,85,98,17,13
7594,49,68,124,139,19,15
7595,46,69,316,333,23,17
7596,6,30,325,344,24,19
7597,6,22,203,215,16,12
7598,7,37,61,83,30,22
7599,37,56,201,214,19,13
7600,150,193,2,34,43,32
7601,95,123,10,30,28,20
7602,75,99,208,226,24,18
7603,66,93,310,330,27,20
7604,66,90,119,137,24,18
7605,61,75,60,71,14,11
7606,54,65,186,195,11,9
7607,130,146,251,263,16,12
7608,131,144,286,296,13,10
7609,165,188,200,217,23,17
7610,179,208,85,106,29,21
7611,195,225,278,300,30,22
7612,200,228,322,344,28,22
7613,13,35,244,260,22,16
7614,19,39,304,318,20,14
7615,17,30,113,123,13,10
7616,25,40,73,84,15,11
7617,30,47,41,54,17,13
7618,44,58,104,115,14,11
7619,43,55,127,136,12,9
7620,54,73,12,26,19,14
7621,61,74,38,48,13,10
7622,182,215,151,176,33,25
7623,91,125,41,67,34,26
7624,70,88,81,95,18,14
7625,46,68,135,152,22,17
7626,35,58,208,225,23,17
7627,32,45,104,115,13,11
7628,140,165,275,294,25,19
7629,134,154,281,296,20,15
7630,115,127,284,293,12,9
7631,122,132,241,248,10,7
7632,115,126,214,222,11,8
7633,116,124,184,190,8,6
7634,115,122,158,163,7,5
7635,115,125,131,139,10,8
7636,116,124,113,119,8,6
7637,95,107,73,83,12,10
7638,101,120,40,54,19,14
7639,135,153,25,38,18,13
7640,192,210,193,206,18,13
7641,168,183,322,334,15,12
7642,178,197,253,267,19,14
7643,79,96,317,330,17,13
7644,92,106,204,214,14,10
7645,175,198,104,121,23,17
7646,193,215,8,24,22,16
7647,148,169,309,325,21,16
7648,164,179,207,218,15,11
7649,146,171,49,67,25,18
7650,66,87,93,108,21,15
7651,49,66,230,243,17,13
7652,161,212,87,125,51,38
7653,80,102,175,191,22,16
7654,88,108,140,155,20,15
7655,63,82,306,320,19,14
7656,76,95,268,282,19,14
7657,71,85,243,254,14,11
7658,71,85,221,232,14,11
7659,114,146,208,231,32,23
7660,116,149,261,286,33,25
7661,22,39,280,293,17,13
7662,58,88,33,55,30,22
7663,93,112,44,58,19,14
7664,117,139,34,50,22,16
7665,119,143,107,125,24,18
7666,119,141,167,184,22,17
7667,48,63,306,318,15,12
7668,127,154,322,341,27,19
7669,127,148,249,265,21,16
7670,166,200,76,102,34,26
7671,81,98,101,114,17,13
7672,68,85,141,154,17,13
7673,71,93,208,225,22,17
7674,48,58,265,273,10,8
7675,91,112,246,262,21,16
7676,120,146,212,231,26,19
7677,163,193,60,82,30,22
7678,77,93,311,323,16,12
7679,66,84,218,232,18,14
7680,68,88,191,205,20,14
7681,130,146,153,164,16,11
7682,127,152,37,56,25,19
7683,165,194,132,154,29,22
7684,126,151,313,332,25,19
7685,126,159,210,235,33,25
7686,142,161,61,76,19,15
7687,118,137,138,152,19,14
7688,71,85,228,239,14,11
7689,33,48,244,255,15,11
7690,2,14,247,257,12,10
7691,8,19,291,299,11,8
7692,58,74,263,275,16,12
7693,71,81,174,182,10,8
7694,60,75,55,66,15,11
7695,65,88,3,20,23,17
7696,95,107,254,263,12,9
7697,190,204,242,253,14,11
7698,216,233,320,333,17,13
7699,65,80,214,225,15,11
7700,83,93,135,142,10,7
7701,60,83,93,110,23,17
7702,37,53,214,225,16,11
7703,59,73,221,231,14,10
7704,73,89,198,210,16,12
7705,112,134,272,289,22,17
7706,100,124,106,123,24,17
7707,86,116,314,336,30,22
7708,112,139,154,174,27,20
7709,82,108,197,217,26,20
7710,56,76,245,260,20,15
7711,66,88,311,327,22,16
7712,125,149,102,120,24,18
7713,154,184,51,73,30,22
7714,174,195,293,309,21,16
7715,119,147,315,336,28,21
7716,132,157,239,257,25,18
7717,100,124,176,194,24,18
7718,102,120,273,286,18,13
7719,64,80,269,281,16,12
7720,79,91,209,218,12,9
7721,70,90,242,257,20,15
7722,89,108,129,143,19,14
7723,134,157,131,149,23,18
7724,177,202,157,176,25,19
7725,90,108,204,218,18,14
7726,90,110,157,173,20,16
7727,90,105,108,119,15,11
7728,63,83,49,64,20,15
7729,70,83,154,164,13,10
7730,124,142,302,316,18,14
7731,138,157,206,220,19,14
7732,134,154,300,315,20,15
7733,167,200,99,123,33,24
7734,195,220,165,183,25,18
7735,182,209,286,306,27,20
7736,107,123,242,254,16,12
7737,113,127,195,205,14,10
7738,123,141,162,175,18,13
7739,109,122,271,281,13,10
7740,83,102,300,314,19,14
7741,95,110,213,223,15,10
7742,76,94,125,139,18,14
7743,190,225,67,92,35,25
7744,144,185,159,189,41,30
7745,150,178,40,61,28,21
7746,204,229,266,285,25,19
7747,83,111,326,346,28,20
7748,58,76,269,283,18,14
7749,44,68,263,281,24,18
7750,54,76,131,148,22,17
7751,56,73,41,54,17,13
7752,135,160,6,24,25,18
7753,43,58,322,334,15,12
7754,66,85,329,343,19,14
7755,27,47,136,151,20,15
7756,46,61,96,106,15,10
7757,83,104,101,117,21,16
7758,62,80,121,134,18,13
7759,93,119,52,72,26,20
7760,51,73,302,319,22,17
7761,32,44,303,312,12,9
7762,18,36,223,237,18,14
7763,7,30,190,207,23,17
7764,28,46,89,102,18,13
7765,27,49,64,81,22,17
7766,37,56,46,60,19,14
7767,44,66,22,38,22,16
7768,119,141,162,179,22,17
7769,42,57,198,209,15,11
7770,19,41,146,163,22,17
7771,137,154,89,103,17,14
7772,95,114,203,217,19,14
7773,85,100,266,278,15,12
7774,102,120,149,162,18,13
7775,78,95,190,202,17,12
7776,54,77,243,260,23,17
7777,108,127,67,81,19,14
7778,136,161,46,64,25,18
7779,150,171,12,27,21,15
7780,118,144,230,250,26,20
7781,52,70,307,321,18,14
7782,61,85,156,174,24,18
7783,199,217,58,71,18,13
7784,210,233,331,348,23,17
7785,75,93,84,97,18,13
7786,61,80,220,234,19,14
7787,35,44,240,247,9,7
7788,22,39,281,293,17,12
7789,24,36,266,274,12,8
7790,23,31,249,254,8,5
7791,31,43,214,223,12,9
7792,39,55,185,197,16,12
7793,53,71,115,128,18,13
7794,52,78,151,170,26,19
7795,143,171,310,331,28,21
7796,189,219,306,329,30,23
7797,156,196,180,210,40,30
7798,108,141,184,208,33,24
7799,82,108,82,102,26,20
7800,106,140,148,173,34,25
7801,143,153,139,147,10,8
7802,171,187,269,281,16,12
7803,147,153,281,285,6,4
7804,116,132,285,297,16,12
7805,100,125,199,218,25,19
7806,78,102,168,186,24,18
7807,63,81,100,114,18,14
7808,147,176,80,102,29,22
7809,155,182,18,38,27,20
7810,99,117,32,45,18,13
7811,29,51,57,73,22,16
7812,32,38,141,146,6,5
7813,20,39,215,229,19,14
7814,102,136,146,171,34,25
7815,136,154,119,132,18,13
7816,113,122,52,59,9,7
7817,138,152,53,64,14,11
7818,146,164,17,31,18,14
7819,186,204,119,133,18,14
7820,60,70,212,219,10,7
7821,43,60,250,263,17,13
7822,90,121,228,251,31,23
7823,137,162,286,305,25,19
7824,60,82,292,309,22,17
7825,112,142,61,83,30,22
7826,112,132,216,230,20,14
7827,73,92,165,179,19,14
7828,58,76,193,207,18,14
7829,55,73,122,135,18,13
7830,63,78,79,90,15,11
7831,127,156,137,159,29,22
7832,179,191,191,200,12,9
7833,191,208,222,234,17,12
7834,144,163,257,271,19,14
7835,152,174,302,319,22,17
7836,193,213,86,102,20,16
7837,76,98,224,241,22,17
7838,80,100,196,211,20,15
7839,56,64,183,189,8,6
7840,47,68,105,121,21,16
7841,35,41,137,141,6,4
7842,146,155,143,150,9,7
7843,154,161,110,116,7,6
7844,166,188,223,240,22,17
7845,154,186,284,308,32,24
7846,126,139,207,217,13,10
7847,145,154,185,192,9,7
7848,185,195,162,170,10,8
7849,182,189,67,72,7,5
7850,155,181,11,31,26,20
7851,49,76,29,48,27,19
7852,54,80,56,76,26,20
7853,26,41,224,236,15,12
7854,24,41,282,295,17,13
7855,61,83,318,334,22,16
7856,165,183,325,338,18,13
7857,104,134,170,193,30,23
7858,58,85,198,219,27,21
7859,64,78,131,142,14,11
7860,105,117,28,37,12,9
7861,115,135,103,118,20,15
7862,146,173,141,162,27,21
7863,156,176,214,228,20,14
7864,99,112,256,265,13,9
7865,98,122,208,225,24,17
7866,105,117,177,186,12,9
7867,63,78,159,170,15,11
7868,63,86,80,98,23,18
7869,134,155,253,268,21,15
7870,198,216,113,126,18,13
7871,25,34,83,90,9,7
7872,28,32,157,160,4,3
7873,27,36,28,34,9,6
7874,32,39,59,64,7,5
7875,43,51,38,44,8,6
7876,29,38,7,14,9,7
7877,3,17,212,223,14,11
7878,14,18,161,164,4,3
7879,14,24,110,117,10,7
7880,17,39,296,312,22,16
7881,12,36,256,274,24,18
7882,55,71,326,338,16,12
7883,58,75,256,269,17,13
7884,45,59,200,211,14,11
7885,19,41,176,193,22,17
7886,66,83,109,122,17,13
7887,66,78,55,63,12,8
7888,57,73,232,244,16,12
7889,95,109,232,243,14,11
7890,132,151,319,333,19,14
7891,175,192,327,339,17,12
7892,182,208,263,282,26,19
7893,173,186,191,201,13,10
7894,149,167,212,226,18,14
7895,151,171,128,142,20,14
7896,159,183,75,93,24,18
7897,130,147,96,109,17,13
7898,127,153,23,42,26,19
7899,35,48,155,165,13,10
7900,29,38,181,187,9,6
7901,83,90,217,222,7,5
7902,93,99,119,124,6,5
7903,17,39,77,93,22,16
7904,20,45,31,50,25,19
7905,68,91,24,41,23,17
7906,16,35,202,217,19,15
7907,3,18,175,186,15,11
7908,114,138,119,137,24,18
7909,102,129,224,245,27,21
7910,80,100,183,199,20,16
7911,46,66,124,139,20,15
7912,32,49,202,215,17,13
7913,35,56,273,289,21,16
7914,76,99,297,315,23,18
7915,58,75,51,63,17,12
7916,90,116,15,34,26,19
7917,143,164,37,53,21,16
7918,179,195,70,82,16,12
7919,198,213,176,188,15,12
7920,205,221,260,272,16,12
7921,145,159,203,213,14,10
7922,137,155,164,177,18,13
7923,32,53,159,175,21,16
7924,9,19,317,324,10,7
7925,5,21,203,216,16,13
7926,20,55,236,262,35,26
7927,176,225,160,197,49,37
7928,148,178,90,112,30,22
7929,114,134,273,288,20,15
7930,74,86,279,288,12,9
7931,64,75,207,215,11,8
7932,63,69,95,100,6,5
7933,73,83,57,64,10,7
7934,98,115,93,106,17,13
7935,114,143,152,174,29,22
7936,158,182,237,255,24,18
7937,105,117,29,38,12,9
7938,110,128,109,123,18,14
7939,78,88,173,180,10,7
7940,110,122,200,209,12,9
7941,58,66,97,103,8,6
7942,47,54,119,124,7,5
7943,34,55,142,158,21,16
7944,21,34,79,89,13,10
7945,9,19,121,128,10,7
7946,1,26,217,235,25,18
7947,21,35,283,294,14,11
7948,37,63,324,344,26,20
7949,85,97,86,95,12,9
7950,104,132,145,166,28,21
7951,165,182,24,37,17,13
7952,152,168,238,250,16,12
7953,111,133,313,330,22,17
7954,178,195,292,304,17,12
7955,181,203,181,198,22,17
7956,166,191,87,106,25,19
7957,36,48,45,53,12,8
7958,119,136,95,107,17,12
7959,132,149,166,178,17,12
7960,132,152,215,231,20,16
7961,88,99,289,298,11,9
7962,48,66,241,254,18,13
7963,49,66,211,225,17,14
7964,51,66,186,196,15,10
7965,67,83,128,139,16,11
7966,71,80,151,158,9,7
7967,71,85,102,112,14,10
7968,73,85,71,80,12,9
7969,74,100,35,54,26,19
7970,184,190,75,80,6,5
7971,151,173,75,92,22,17
7972,149,183,110,135,34,25
7973,178,193,160,172,15,12
7974,60,73,209,219,13,10
7975,24,41,143,156,17,13
7976,18,35,80,93,17,13
7977,11,29,274,287,18,13
7978,56,76,311,326,20,15
7979,134,162,198,219,28,21
7980,134,154,162,177,20,15
7981,86,103,226,239,17,13
7982,98,105,256,262,7,6
7983,12,36,110,128,24,18
7984,5,29,28,45,24,17
7985,82,111,19,41,29,22
7986,144,158,52,62,14,10
7987,218,234,26,38,16,12
7988,179,215,262,289,36,27
7989,46,68,304,321,22,17
7990,24,40,260,272,16,12
7991,14,47,202,227,33,25
7992,52,70,170,183,18,13
7993,95,115,176,191,20,15
7994,83,100,108,121,17,13
7995,155,167,180,189,12,9
7996,191,200,71,77,9,6
7997,156,170,320,331,14,11
7998,118,137,259,274,19,15
7999,122,142,218,234,20,16
8000,64,76,220,229,12,9
8001,24,44,214,229,20,15
8002,5,18,180,190,13,10
8003,36,47,181,189,11,8
8004,39,51,158,167,12,9
8005,10,31,83,98,21,15
8006,12,42,55,78,30,23
8007,16,36,255,270,20,15
8008,17,35,320,334,18,14
8009,60,68,330,336,8,6
8010,92,119,231,251,27,20
8011,159,198,237,266,39,29
8012,173,198,129,148,25,19
8013,144,167,80,97,23,17
8014,138,162,27,45,24,18
8015,100,115,29,40,15,11
8016,10,28,109,122,18,13
8017,14,37,145,163,23,18
8018,63,69,148,153,6,5
8019,67,78,129,137,11,8
8020,89,102,146,156,13,10
8021,94,106,109,118,12,9
8022,115,120,174,177,5,3
8023,95,110,201,212,15,11
8024,75,82,175,180,7,5
8025,30,39,80,87,9,7
8026,28,40,48,57,12,9
8027,51,67,65,77,16,12
8028,101,116,72,83,15,11
8029,127,146,104,119,19,15
8030,160,188,150,170,28,20
8031,195,206,246,254,11,8
8032,136,154,329,342,18,13
8033,110,128,315,328,18,13
8034,129,155,272,292,26,20
8035,144,162,241,255,18,14
8036,36,54,233,246,18,13
8037,24,32,212,218,8,6
8038,13,27,194,204,14,10
8039,6,31,302,320,25,18
8040,156,175,35,49,19,14
8041,152,171,188,203,19,15
8042,178,197,262,276,19,14
8043,155,164,336,342,9,6
8044,95,102,246,252,7,6
8045,96,107,233,242,11,9
8046,61,72,245,253,11,8
8047,32,44,184,194,12,10
8048,56,66,133,141,10,8
8049,70,90,105,120,20,15
8050,127,143,109,121,16,12
8051,162,171,107,113,9,6
8052,164,181,63,76,17,13
8053,206,215,115,121,9,6
8054,203,222,151,166,19,15
8055,169,183,155,165,14,10
8056,194,210,193,205,16,12
8057,16,32,30,42,16,12
8058,80,88,197,203,8,6
8059,199,207,87,93,8,6
8060,188,200,169,178,12,9
8061,129,157,57,77,28,20
8062,120,137,115,128,17,13
8063,46,59,83,92,13,9
8064,37,46,106,113,9,7
8065,16,27,195,204,11,9
8066,32,41,235,242,9,7
8067,51,66,260,271,15,11
8068,69,80,241,249,11,8
8069,49,56,184,190,7,6
8070,119,129,205,213,10,8
8071,134,142,233,239,8,6
8072,100,110,297,305,10,8
8073,150,171,294,310,21,16
8074,76,93,156,168,17,12
8075,102,117,78,89,15,11
8076,124,138,106,116,14,10
8077,159,176,97,110,17,13
8078,132,144,181,190,12,9
8079,78,96,194,207,18,13
8080,74,90,138,150,16,12
8081,58,73,113,124,15,11
8082,54,61,89,93,7,4
8083,27,32,108,112,5,4
8084,19,30,70,78,11,8
8085,14,34,137,151,20,14
8086,10,26,202,213,16,11
8087,20,32,288,296,12,8
8088,25,44,331,345,19,14
8089,46,56,268,275,10,7
8090,57,68,288,296,11,8
8091,82,95,265,275,13,10
8092,89,105,232,244,16,12
8093,152,176,259,277,24,18
8094,171,193,214,231,22,17
8095,210,228,302,315,18,13
8096,12,26,25,35,14,10
8097,22,39,4,17,17,13
8098,42,57,49,60,15,11
8099,78,90,56,65,12,9
8100,166,186,59,73,20,14
8101,200,217,91,103,17,12
8102,112,132,165,179,20,14
8103,144,168,121,139,24,18
8104,168,187,85,99,19,14
8105,180,201,40,56,21,16
8106,182,197,181,192,15,11
8107,178,201,264,282,23,18
8108,156,175,236,251,19,15
8109,122,139,248,261,17,13
8110,133,150,212,224,17,12
8111,179,210,205,228,31,23
8112,157,174,167,180,17,13
8113,186,205,146,161,19,15
8114,120,140,72,86,20,14
8115,93,112,46,61,19,15
8116,32,49,44,57,17,13
8117,31,43,165,174,12,9
8118,19,31,225,234,12,9
8119,22,36,304,315,14,11
8120,51,62,322,330,11,8
8121,29,46,254,266,17,12
8122,54,74,229,244,20,15
8123,95,110,224,235,15,11
8124,29,40,79,87,11,8
8125,40,68,10,31,28,21
8126,113,137,25,43,24,18
8127,164,181,14,27,17,13
8128,190,208,107,120,18,13
8129,103,120,220,233,17,13
8130,104,136,36,60,32,24
8131,117,132,78,90,15,12
8132,85,93,111,117,8,6
8133,66,73,139,144,7,5
8134,73,82,152,158,9,6
8135,80,85,171,176,5,5
8136,46,54,95,101,8,6
8137,44,54,168,176,10,8
8138,47,56,135,142,9,7
8139,63,72,239,245,9,6
8140,60,71,254,262,11,8
8141,26,34,209,215,8,6
8142,52,75,214,231,23,17
8143,42,56,63,73,14,10
8144,150,175,293,312,25,19
8145,142,157,196,207,15,11
8146,124,136,125,134,12,9
8147,148,173,88,107,25,19
8148,200,210,84,92,10,8
8149,195,212,167,179,17,12
8150,178,207,258,280,29,22
8151,95,115,216,231,20,15
8152,56,69,201,210,13,9
8153,40,48,156,161,8,5
8154,45,56,132,141,11,9
8155,57,63,107,112,6,5
8156,39,64,246,265,25,19
8157,62,83,214,230,21,16
8158,22,33,185,193,11,8
8159,11,22,143,151,11,8
8160,10,24,109,119,14,10
8161,45,66,114,129,21,15
8162,93,107,126,137,14,11
8163,112,129,164,177,17,13
8164,117,133,260,272,16,12
8165,145,160,198,209,15,11
8166,152,162,104,111,10,7
8167,10,26,65,77,16,12
8168,24,46,286,303,22,17
8169,39,47,334,340,8,6
8170,63,84,310,326,21,16
8171,114,121,323,328,7,5
8172,145,162,322,334,17,12
8173,160,177,280,293,17,13
8174,173,198,115,133,25,18
8175,180,200,39,54,20,15
8176,110,127,26,39,17,13
8177,137,145,14,19,8,5
8178,183,197,180,190,14,10
8179,214,228,227,238,14,11
8180,60,73,172,182,13,10
8181,122,166,95,128,44,33
8182,180,237,99,142,57,43
8183,162,189,199,219,27,20
8184,175,198,248,265,23,17
8185,100,119,188,203,19,15
8186,64,76,154,163,12,9
8187,73,83,130,138,10,8
8188,57,64,203,209,7,6
8189,27,34,206,211,7,5
8190,13,19,178,183,6,5
8191,17,25,151,157,8,6
8192,141,151,23,30,10,7
8193,162,171,22,28,9,6
8194,177,183,22,27,6,5
8195,166,174,41,47,8,6
8196,98,119,0,16,21,16
8197,129,144,2,14,15,12
8198,43,52,42,49,9,7
8199,35,44,69,76,9,7
8200,44,57,100,110,13,10
8201,57,67,125,132,10,7
8202,112,128,165,177,16,12
8203,114,135,212,228,21,16
8204,69,77,305,310,8,5
8205,66,70,334,337,4,3
8206,29,44,318,329,15,11
8207,21,36,287,299,15,12
8208,9,28,251,266,19,15
8209,9,28,219,234,19,15
8210,85,96,170,178,11,8
8211,115,133,169,182,18,13
8212,146,171,192,211,25,19
8213,152,166,227,237,14,10
8214,80,92,277,286,12,9
8215,75,85,241,249,10,8
8216,61,71,175,183,10,8
8217,72,85,158,168,13,10
8218,70,80,114,122,10,8
8219,86,94,104,110,8,6
8220,89,100,77,85,11,8
8221,113,125,73,82,12,9
8222,80,90,45,53,10,8
8223,54,67,21,32,13,11
8224,98,111,21,32,13,11
8225,175,191,142,155,16,13
8226,172,184,104,113,12,9
8227,100,110,114,121,10,7
8228,97,111,133,144,14,11
8229,103,110,154,160,7,6
8230,101,113,193,202,12,9
8231,104,112,231,238,8,7
8232,101,115,254,265,14,11
8233,121,129,275,282,8,7
8234,47,51,254,257,4,3
8235,39,45,281,285,6,4
8236,31,40,199,206,9,7
8237,19,34,146,157,15,11
8238,18,29,108,116,11,8
8239,29,41,74,83,12,9
8240,34,47,41,51,13,10
8241,92,104,38,47,12,9
8242,151,167,59,71,16,12
8243,217,230,64,74,13,10
8244,121,131,97,105,10,8
8245,123,132,190,196,9,6
8246,100,124,160,177,24,17
8247,77,85,127,133,8,6
8248,166,173,124,130,7,6
8249,182,195,92,102,13,10
8250,198,207,150,157,9,7
8251,199,212,213,223,13,10
8252,193,199,286,291,6,5
8253,76,83,86,92,7,6
8254,82,102,31,46,20,15
8255,100,115,56,67,15,11
8256,36,43,128,133,7,5
8257,14,18,224,227,4,3
8258,14,26,270,279,12,9
8259,27,49,301,317,22,16
8260,36,45,256,263,9,7
8261,32,44,200,208,12,8
8262,39,51,175,183,12,8
8263,65,71,217,221,6,4
8264,100,112,292,301,12,9
8265,108,125,271,284,17,13
8266,126,142,300,311,16,11
8267,117,140,133,150,23,17
8268,112,125,83,93,13,10
8269,125,148,38,55,23,17
8270,165,186,222,238,21,16
8271,80,89,217,223,9,6
8272,53,65,163,172,12,9
8273,68,85,102,114,17,12
8274,34,49,128,139,15,11
8275,16,33,54,67,17,13
8276,50,68,38,51,18,13
8277,64,78,2,13,14,11
8278,95,106,19,28,11,9
8279,121,139,98,111,18,13
8280,117,140,178,195,23,17
8281,134,152,231,245,18,14
8282,138,161,302,320,23,18
8283,183,205,310,326,22,16
8284,78,93,229,240,15,11
8285,41,58,256,269,17,13
8286,66,81,154,165,15,11
8287,102,124,140,156,22,16
8288,145,167,130,147,22,17
8289,158,185,77,98,27,21
8290,115,132,66,78,17,12
8291,86,102,54,66,16,12
8292,90,110,22,37,20,15
8293,85,97,106,114,12,8
8294,44,67,164,181,23,17
8295,139,157,210,224,18,14
8296,164,185,261,277,21,16
8297,195,212,284,296,17,12
8298,192,222,195,217,30,22
8299,15,36,259,275,21,16
8300,17,44,304,324,27,20
8301,66,88,309,325,22,16
8302,66,81,336,348,15,12
8303,64,83,261,276,19,15
8304,42,61,211,225,19,14
8305,17,32,183,195,15,12
8306,16,36,106,121,20,15
8307,36,67,67,90,31,23
8308,44,63,29,43,19,14
8309,122,154,17,41,32,24
8310,180,198,82,96,18,14
8311,199,219,37,52,20,15
8312,164,188,177,195,24,18
8313,120,145,281,300,25,19
8314,49,55,309,314,6,5
8315,41,58,273,286,17,13
8316,15,32,216,228,17,12
8317,10,27,159,171,17,12
8318,38,45,153,158,7,5
8319,37,54,112,125,17,13
8320,57,78,77,93,21,16
8321,77,99,49,66,22,17
8322,8,32,34,53,24,19
8323,36,61,19,37,25,18
8324,88,110,16,32,22,16
8325,120,137,49,61,17,12
8326,132,152,102,117,20,15
8327,151,166,132,143,15,11
8328,131,147,227,239,16,12
8329,59,78,251,266,19,15
8330,61,70,217,224,9,7
8331,74,100,323,343,26,20
8332,124,151,324,345,27,21
8333,162,182,324,339,20,15
8334,137,158,159,175,21,16
8335,96,111,131,142,15,11
8336,99,117,90,104,18,14
8337,96,120,39,57,24,18
8338,146,171,30,49,25,19
8339,169,199,75,97,30,22
8340,188,208,151,165,20,14
8341,181,201,218,233,20,15
8342,182,209,268,289,27,21
8343,137,152,207,219,15,12
8344,90,112,158,175,22,17
8345,29,47,175,188,18,13
8346,14,34,128,143,20,15
8347,15,37,71,88,22,17
8348,32,52,52,67,20,15
8349,44,68,16,35,24,19
8350,76,101,59,78,25,19
8351,120,147,66,86,27,20
8352,204,227,51,68,23,17
8353,181,195,242,253,14,11
8354,196,221,318,337,25,19
8355,71,80,315,322,9,7
8356,58,61,285,288,3,3
8357,52,66,246,256,14,10
8358,49,72,207,224,23,17
8359,65,78,164,174,13,10
8360,50,63,121,131,13,10
8361,64,82,100,113,18,13
8362,95,105,268,275,10,7
8363,136,155,289,303,19,14
8364,142,159,217,229,17,12
8365,118,142,165,183,24,18
8366,129,161,116,140,32,24
8367,52,87,292,318,35,26
8368,39,57,248,262,18,14
8369,13,28,186,197,15,11
8370,173,197,270,288,24,18
8371,198,215,221,234,17,13
8372,208,219,154,162,11,8
8373,186,209,58,76,23,18
8374,66,77,96,105,11,9
8375,99,116,87,100,17,13
8376,67,92,169,188,25,19
8377,58,76,194,208,18,14
8378,61,78,127,140,17,13
8379,93,110,84,96,17,12
8380,100,124,111,128,24,17
8381,111,136,136,155,25,19
8382,139,142,193,195,3,2
8383,155,198,184,216,43,32
8384,68,90,232,248,22,16
8385,101,117,213,225,16,12
8386,113,119,176,180,6,4
8387,135,154,220,234,19,14
8388,160,178,158,172,18,14
8389,168,186,93,106,18,13
8390,161,180,41,56,19,15
8391,132,145,252,262,13,10
8392,114,146,276,300,32,24
8393,28,46,237,251,18,14
8394,34,44,217,224,10,7
8395,32,40,200,206,8,6
8396,22,45,170,187,23,17
8397,22,42,121,136,20,15
8398,97,116,219,233,19,14
8399,121,143,196,212,22,16
8400,143,159,171,183,16,12
8401,114,129,141,152,15,11
8402,107,120,115,124,13,9
8403,100,117,85,98,17,13
8404,91,98,75,80,7,5
8405,83,98,106,117,15,11
8406,78,95,149,162,17,13
8407,48,63,152,164,15,12
8408,25,44,223,237,19,14
8409,34,57,259,276,23,17
8410,49,66,291,304,17,13
8411,70,88,310,323,18,13
8412,132,149,270,283,17,13
8413,128,147,236,250,19,14
8414,132,146,201,212,14,11
8415,126,134,173,179,8,6
8416,95,107,188,197,12,9
8417,90,102,217,226,12,9
8418,85,98,245,254,13,9
8419,86,101,279,290,15,11
8420,19,38,163,177,19,14
8421,10,25,120,132,15,12
8422,10,34,80,98,24,18
8423,43,58,72,83,15,11
8424,58,71,38,48,13,10
8425,100,127,42,62,27,20
8426,151,164,37,46,13,9
8427,192,199,87,92,7,5
8428,181,193,118,127,12,9
8429,176,188,164,173,12,9
8430,163,184,198,214,21,16
8431,118,147,118,140,29,22
8432,35,53,146,159,18,13
8433,46,66,184,199,20,15
8434,52,71,209,224,19,15
8435,57,70,246,256,13,10
8436,54,70,54,67,16,13
8437,79,95,91,103,16,12
8438,90,106,135,147,16,12
8439,122,132,175,182,10,7
8440,122,142,38,53,20,15
8441,48,73,7,25,25,18
8442,29,44,39,50,15,11
8443,77,94,234,246,17,12
8444,92,112,186,201,20,15
8445,115,130,156,168,15,12
8446,115,129,115,125,14,10
8447,124,136,218,227,12,9
8448,137,151,246,257,14,11
8449,137,160,263,280,23,17
8450,177,208,74,97,31,23
8451,132,157,50,69,25,19
8452,84,107,27,44,23,17
8453,48,76,61,83,28,22
8454,34,55,118,134,21,16
8455,42,58,172,184,16,12
8456,44,57,200,210,13,10
8457,34,51,227,239,17,12
8458,29,46,251,264,17,13
8459,22,39,303,316,17,13
8460,38,58,324,339,20,15
8461,66,87,204,219,21,15
8462,27,51,283,301,24,18
8463,22,48,253,272,26,19
8464,19,39,229,244,20,15
8465,33,51,197,211,18,14
8466,69,92,171,188,23,17
8467,88,110,120,137,22,17
8468,68,98,23,45,30,22
8469,87,104,50,63,17,13
8470,100,112,77,86,12,9
8471,135,152,55,68,17,13
8472,145,154,123,129,9,6
8473,136,151,168,180,15,12
8474,60,85,83,102,25,19
8475,35,51,74,86,16,12
8476,13,28,65,76,15,11
8477,22,49,95,115,27,20
8478,41,70,118,139,29,21
8479,103,124,148,164,21,16
8480,180,198,276,289,18,13
8481,159,196,292,319,37,27
8482,181,205,320,339,24,19
8483,198,205,236,242,7,6
8484,196,212,182,193,16,11
8485,182,201,117,132,19,15
8486,80,100,160,174,20,14
8487,146,188,161,192,42,31
8488,159,178,70,85,19,15
8489,149,169,116,131,20,15
8490,133,150,214,227,17,13
8491,90,113,259,277,23,18
8492,89,106,12,24,17,12
8493,133,155,16,33,22,17
8494,72,85,202,212,13,10
8495,58,71,233,242,13,9
8496,5,23,249,262,18,13
8497,12,27,208,219,15,11
8498,7,28,159,175,21,16
8499,23,49,113,133,26,20
8500,15,38,55,72,23,17
8501,128,150,145,162,22,17
8502,129,148,209,223,19,14
8503,145,156,260,267,11,7
8504,169,190,177,193,21,16
8505,192,203,230,238,11,8
8506,174,190,103,115,16,12
8507,121,145,89,107,24,18
8508,80,95,124,136,15,12
8509,73,101,154,176,28,22
8510,77,99,201,217,22,16
8511,84,105,246,261,21,15
8512,90,110,286,301,20,15
8513,29,50,248,264,21,16
8514,14,34,152,167,20,15
8515,33,43,70,78,10,8
8516,38,65,102,122,27,20
8517,63,79,86,98,16,12
8518,83,94,111,119,11,8
8519,56,68,46,55,12,9
8520,51,63,21,30,12,9
8521,88,112,266,285,24,19
8522,112,140,323,344,28,21
8523,140,160,282,297,20,15
8524,68,110,134,165,42,31
8525,84,109,102,120,25,18
8526,117,133,88,101,16,13
8527,60,77,212,225,17,13
8528,49,63,246,257,14,11
8529,44,58,272,282,14,10
8530,39,57,299,312,18,13
8531,76,93,233,246,17,13
8532,75,92,193,205,17,12
8533,34,50,174,186,16,12
8534,31,42,138,146,11,8
8535,36,56,75,90,20,15
8536,63,84,48,64,21,16
8537,146,156,197,204,10,7
8538,131,146,207,218,15,11
8539,110,120,183,191,10,8
8540,100,112,158,167,12,9
8541,100,113,142,152,13,10
8542,99,111,131,140,12,9
8543,86,102,103,115,16,12
8544,56,69,87,97,13,10
8545,51,66,55,66,15,11
8546,24,36,72,81,12,9
8547,14,28,108,118,14,10
8548,17,35,157,170,18,13
8549,66,84,196,209,18,13
8550,83,95,227,236,12,9
8551,111,121,243,251,10,8
8552,106,118,309,318,12,9
8553,107,115,329,336,8,7
8554,94,108,119,130,14,11
8555,93,110,154,167,17,13
8556,116,129,83,92,13,9
8557,52,71,31,45,19,14
8558,49,71,94,110,22,16
8559,48,63,139,150,15,11
8560,50,71,170,185,21,15
8561,50,65,204,215,15,11
8562,181,195,81,91,14,10
8563,178,190,151,160,12,9
8564,198,215,170,184,17,14
8565,209,234,265,284,25,19
8566,41,57,112,124,16,12
8567,63,83,135,149,20,14
8568,76,92,190,201,16,11
8569,73,87,216,226,14,10
8570,75,94,156,171,19,15
8571,102,126,105,124,24,19
8572,95,117,69,85,22,16
8573,124,139,58,69,15,11
8574,120,132,183,193,12,10
8575,131,151,228,243,20,15
8576,174,205,183,205,31,22
8577,171,192,289,305,21,16
8578,4,23,266,281,19,15
8579,2,19,71,84,17,13
8580,13,25,131,140,12,9
8581,72,83,151,160,11,9
8582,77,85,175,181,8,6
8583,73,88,194,205,15,11
8584,110,122,166,176,12,10
8585,145,155,251,259,10,8
8586,128,135,216,221,7,5
8587,170,178,101,107,8,6
8588,147,160,126,136,13,10
8589,127,134,131,135,7,4
8590,117,132,107,119,15,12
8591,85,98,65,75,13,10
8592,44,54,38,45,10,7
8593,34,51,60,73,17,13
8594,38,51,92,102,13,10
8595,34,46,125,134,12,9
8596,38,48,148,155,10,7
8597,127,139,202,211,12,9
8598,114,126,269,278,12,9
8599,127,144,317,330,17,13
8600,86,105,320,334,19,14
8601,117,129,297,306,12,9
8602,93,100,237,242,7,5
8603,96,110,197,208,14,11
8604,105,120,215,226,15,11
8605,148,159,243,251,11,8
8606,151,171,267,282,20,15
8607,168,178,312,320,10,8
8608,141,159,152,165,18,13
8609,164,178,5,15,14,10
8610,113,129,211,223,16,12
8611,100,115,236,247,15,11
8612,88,98,210,218,10,8
8613,49,58,187,194,9,7
8614,44,59,241,252,15,11
8615,64,80,272,285,16,13
8616,83,98,244,256,15,12
8617,58,73,298,309,15,11
8618,59,65,220,224,6,4
8619,27,39,200,209,12,9
8620,40,51,127,136,11,9
8621,61,83,146,162,22,16
8622,84,105,182,198,21,16
8623,120,138,201,214,18,13
8624,80,95,229,240,15,11
8625,162,188,53,72,26,19
8626,136,155,126,141,19,15
8627,166,176,175,183,10,8
8628,39,57,254,268,18,14
8629,42,61,207,221,19,14
8630,84,105,268,284,21,16
8631,154,168,314,325,14,11
8632,154,166,269,278,12,9
8633,100,119,194,208,19,14
8634,88,108,152,168,20,16
8635,68,90,162,179,22,17
8636,61,83,201,217,22,16
8637,66,89,75,93,23,18
8638,90,113,109,126,23,17
8639,172,198,3,23,26,20
8640,219,234,30,41,15,11
8641,180,199,257,271,19,14
8642,159,190,218,241,31,23
8643,127,149,113,130,22,17
8644,24,39,245,256,15,11
8645,16,40,281,300,24,19
8646,14,39,135,154,25,19
8647,15,45,76,98,30,22
8648,21,51,15,38,30,23
8649,58,78,104,119,20,15
8650,44,61,128,140,17,12
8651,34,44,94,101,10,7
8652,45,61,71,83,16,12
8653,57,73,47,59,16,12
8654,22,34,37,46,12,9
8655,12,27,89,100,15,11
8656,14,30,155,167,16,12
8657,18,32,187,197,14,10
8658,18,33,215,227,15,12
8659,16,33,229,242,17,13
8660,19,31,250,259,12,9
8661,57,76,246,261,19,15
8662,52,66,207,218,14,11
8663,42,61,174,188,19,14
8664,48,58,152,159,10,7
8665,67,78,184,193,11,9
8666,78,85,215,220,7,5
8667,94,106,250,260,12,10
8668,126,146,260,275,20,15
8669,139,151,325,334,12,9
8670,135,147,294,304,12,10
8671,160,180,314,328,20,14
8672,161,181,235,250,20,15
8673,144,159,184,196,15,12
8674,180,217,200,228,37,28
8675,156,184,90,112,28,22
8676,95,111,16,28,16,12
8677,86,115,123,145,29,22
8678,139,177,36,64,38,28
8679,197,220,21,38,23,17
8680,193,205,76,85,12,9
8681,210,223,139,149,13,10
8682,190,215,157,177,25,20
8683,137,154,211,224,17,13
8684,47,66,299,313,19,14
8685,63,74,217,225,11,8
8686,59,76,199,212,17,13
8687,40,53,218,227,13,9
8688,27,38,191,200,11,9
8689,83,102,184,199,19,15
8690,80,94,132,143,14,11
8691,97,115,75,88,18,13
8692,88,117,44,65,29,21
8693,136,164,33,54,28,21
8694,161,173,125,134,12,9
8695,142,159,234,247,17,13
8696,171,188,250,264,17,14
8697,178,198,278,293,20,15
8698,102,118,166,178,16,12
8699,24,34,241,248,10,7
8700,17,32,271,282,15,11
8701,8,26,211,224,18,13
8702,5,23,164,177,18,13
8703,10,31,115,131,21,16
8704,17,39,77,93,22,16
8705,5,28,24,41,23,17
8706,34,61,5,25,27,20
8707,44,61,63,75,17,12
8708,81,89,23,29,8,6
8709,114,124,118,126,10,8
8710,127,134,192,196,7,4
8711,93,117,216,233,24,17
8712,107,124,248,261,17,13
8713,27,48,322,337,21,15
8714,24,42,298,312,18,14
8715,43,61,255,268,18,13
8716,69,83,334,345,14,11
8717,103,118,330,341,15,11
8718,149,167,209,223,18,14
8719,144,167,140,157,23,17
8720,178,204,167,187,26,20
8721,151,173,65,82,22,17
8722,142,164,88,105,22,17
8723,209,227,253,267,18,14
8724,204,225,327,343,21,16
8725,46,57,189,197,11,8
8726,29,41,275,284,12,9
8727,30,45,317,328,15,11
8728,49,64,229,240,15,11
8729,99,112,222,232,13,10
8730,105,113,260,267,8,7
8731,117,126,188,195,9,7
8732,112,121,135,142,9,7
8733,77,100,134,151,23,17
8734,81,110,99,120,29,21
8735,78,93,189,200,15,11
8736,66,77,171,179,11,8
8737,114,128,168,179,14,11
8738,159,178,37,51,19,14
8739,172,182,244,252,10,8
8740,151,173,287,303,22,16
8741,184,200,299,311,16,12
8742,200,215,270,281,15,11
8743,193,211,321,334,18,13
8744,148,168,327,342,20,15
8745,93,110,311,323,17,12
8746,115,137,69,85,22,16
8747,123,139,92,104,16,12
8748,146,163,141,153,17,12
8749,60,67,207,212,7,5
8750,49,55,201,206,6,5
8751,34,43,199,205,9,6
8752,19,32,178,187,13,9
8753,12,31,144,159,19,15
8754,12,36,97,115,24,18
8755,27,41,54,64,14,10
8756,40,51,97,105,11,8
8757,41,54,22,32,13,10
8758,54,66,55,64,12,9
8759,5,19,9,19,14,10
8760,6,28,230,247,22,17
8761,9,19,310,318,10,8
8762,149,163,201,211,14,10
8763,159,171,243,252,12,9
8764,161,178,268,281,17,13
8765,148,170,333,350,22,17
8766,126,143,266,278,17,12
8767,107,131,289,307,24,18
8768,104,120,242,254,16,12
8769,106,120,262,273,14,11
8770,168,185,178,190,17,12
8771,156,168,111,120,12,9
8772,129,150,123,139,21,16
8773,107,122,138,149,15,11
8774,101,122,150,166,21,16
8775,85,98,110,119,13,9
8776,43,57,113,123,14,10
8777,20,44,54,72,24,18
8778,15,31,116,127,16,11
8779,8,16,175,181,8,6
8780,206,224,56,69,18,13
8781,175,201,76,95,26,19
8782,183,205,117,133,22,16
8783,128,146,160,173,18,13
8784,102,126,192,210,24,18
8785,14,35,227,243,21,16
8786,17,46,183,205,29,22
8787,46,68,147,163,22,16
8788,16,38,271,287,22,16
8789,45,78,308,333,33,25
8790,50,67,198,210,17,12
8791,31,39,226,232,8,6
8792,24,41,235,248,17,13
8793,14,22,218,224,8,6
8794,14,25,190,198,11,8
8795,14,27,165,175,13,10
8796,27,36,149,156,9,7
8797,35,49,166,176,14,10
8798,51,58,136,142,7,6
8799,24,36,109,117,12,8
8800,54,73,100,115,19,15
8801,52,67,58,70,15,12
8802,24,31,49,55,7,6
8803,80,100,32,46,20,14
8804,108,117,87,94,9,7
8805,98,113,151,163,15,12
8806,90,110,177,192,20,15
8807,110,122,207,216,12,9
8808,10,34,305,323,24,18
8809,113,126,117,126,13,9
8810,130,142,144,153,12,9
8811,146,156,95,103,10,8
8812,133,142,45,51,9,6
8813,159,170,142,150,11,8
8814,191,211,180,195,20,15
8815,145,164,203,216,19,13
8816,168,186,94,108,18,14
8817,123,175,193,232,52,39
8818,132,163,108,132,31,24
8819,73,102,161,182,29,21
8820,61,78,203,216,17,13
8821,60,76,253,264,16,11
8822,67,88,302,318,21,16
8823,68,88,324,339,20,15
8824,30,43,292,302,13,10
8825,17,37,308,323,20,15
8826,2,23,239,255,21,16
8827,0,22,143,159,22,16
8828,18,48,125,148,30,23
8829,36,55,188,202,19,14
8830,46,61,225,236,15,11
8831,62,78,109,120,16,11
8832,122,139,141,154,17,13
8833,98,114,237,249,16,12
8834,99,117,262,276,18,14
8835,107,118,202,211,11,9
8836,110,125,177,188,15,11
8837,151,165,184,194,14,10
8838,128,135,163,168,7,5
8839,104,113,148,155,9,7
8840,93,105,127,136,12,9
8841,92,109,95,107,17,12
8842,78,93,70,81,15,11
8843,59,69,114,121,10,7
8844,38,54,131,143,16,12
8845,12,29,161,173,17,12
8846,12,30,224,238,18,14
8847,19,41,273,289,22,16
8848,37,54,311,324,17,13
8849,59,71,264,273,12,9
8850,66,78,289,298,12,9
8851,64,76,222,231,12,9
8852,63,76,188,198,13,10
8853,197,209,108,117,12,9
8854,199,212,164,173,13,9
8855,190,205,262,273,15,11
8856,216,235,318,332,19,14
8857,178,191,72,82,13,10
8858,39,68,22,44,29,22
8859,71,95,164,182,24,18
8860,52,73,139,155,21,16
8861,27,40,121,131,13,10
8862,34,47,83,92,13,9
8863,31,39,45,52,8,7
8864,49,70,30,46,21,16
8865,63,80,61,74,17,13
8866,72,88,94,106,16,12
8867,105,118,110,120,13,10
8868,112,127,73,84,15,11
8869,134,146,134,142,12,8
8870,122,134,174,183,12,9
8871,33,51,319,333,18,14
8872,5,30,279,299,25,20
8873,10,25,319,330,15,11
8874,6,24,137,150,18,13
8875,10,27,189,202,17,13
8876,13,26,227,237,13,10
8877,125,132,19,24,7,5
8878,149,173,31,50,24,19
8879,132,145,156,166,13,10
8880,151,163,187,195,12,8
8881,159,170,235,243,11,8
8882,185,201,171,183,16,12
8883,116,129,237,247,13,10
8884,108,119,288,296,11,8
8885,80,90,226,233,10,7
8886,73,87,182,193,14,11
8887,62,71,147,153,9,6
8888,18,29,116,124,11,8
8889,16,35,82,96,19,14
8890,24,50,43,62,26,19
8891,19,30,156,164,11,8
8892,17,32,209,220,15,11
8893,63,73,309,317,10,8
8894,63,76,335,345,13,10
8895,102,119,334,347,17,13
8896,146,162,305,317,16,12
8897,137,155,267,280,18,13
8898,210,222,61,70,12,9
8899,186,200,99,109,14,10
8900,188,205,209,222,17,13
8901,114,125,72,80,11,8
8902,68,86,209,223,18,14
8903,60,70,215,223,10,8
8904,100,125,55,74,25,19
8905,63,80,172,185,17,13
8906,54,68,254,266,14,12
8907,53,63,278,286,10,8
8908,54,69,324,336,15,12
8909,40,54,302,313,14,11
8910,15,34,249,263,19,14
8911,10,19,208,214,9,6
8912,19,37,171,185,18,14
8913,40,51,203,211,11,8
8914,45,56,130,139,11,9
8915,47,57,151,159,10,8
8916,71,79,141,147,8,6
8917,92,96,140,143,4,3
8918,171,190,105,119,19,14
8919,165,175,151,159,10,8
8920,178,197,179,192,19,13
8921,174,193,236,250,19,14
8922,214,231,94,107,17,13
8923,169,176,40,45,7,5
8924,126,144,115,128,18,13
8925,120,145,182,200,25,18
8926,143,157,232,243,14,11
8927,153,172,275,289,19,14
8928,188,209,313,329,21,16
8929,204,216,208,217,12,9
8930,97,120,139,157,23,18
8931,98,115,192,206,17,14
8932,102,120,216,229,18,13
8933,145,166,305,321,21,16
8934,134,156,69,86,22,17
8935,39,60,35,51,21,16
8936,28,53,60,79,25,19
8937,26,43,95,107,17,12
8938,6,30,142,160,24,18
8939,19,32,309,318,13,9
8940,98,120,26,42,22,16
8941,95,112,97,110,17,13
8942,85,104,142,156,19,14
8943,105,124,194,209,19,15
8944,172,190,108,122,18,14
8945,164,186,144,161,22,17
8946,31,42,97,106,11,9
8947,32,47,76,87,15,11
8948,32,46,54,64,14,10
8949,31,42,154,162,11,8
8950,32,48,186,198,16,12
8951,36,45,218,224,9,6
8952,36,47,249,257,11,8
8953,44,62,282,295,18,13
8954,49,58,314,321,9,7
8955,30,38,328,334,8,6
8956,8,27,286,300,19,14
8957,9,24,254,266,15,12
8958,8,17,224,231,9,7
8959,0,14,171,181,14,10
8960,5,19,132,143,14,11
8961,48,69,34,50,21,16
8962,149,171,232,249,22,17
8963,153,166,294,304,13,10
8964,186,204,265,279,18,14
8965,203,213,307,315,10,8
8966,199,217,235,248,18,13
8967,203,219,194,206,16,12
8968,138,155,278,291,17,13
8969,127,149,308,324,22,16
8970,99,116,321,334,17,13
8971,82,90,315,321,8,6
8972,37,54,317,330,17,13
8973,22,37,280,292,15,12
8974,9,24,222,234,15,12
8975,8,24,182,194,16,12
8976,12,29,151,163,17,12
8977,16,36,117,132,20,15
8978,14,30,93,105,16,12
8979,15,34,61,75,19,14
8980,55,66,74,82,11,8
8981,56,67,101,110,11,9
8982,62,76,125,136,14,11
8983,122,137,128,139,15,11
8984,140,158,86,99,18,13
8985,135,150,31,42,15,11
8986,129,145,176,188,16,12
8987,139,147,206,212,8,6
8988,149,159,228,236,10,8
8989,164,184,183,198,20,15
8990,177,193,225,237,16,12
8991,184,205,261,277,21,16
8992,109,131,252,269,22,17
8993,44,56,173,182,12,9
8994,44,63,196,210,19,14
8995,151,175,119,137,24,18
8996,178,199,40,56,21,16
8997,195,206,88,96,11,8
8998,193,201,316,323,8,7
8999,100,119,29,43,19,14
9000,117,129,119,127,12,8
9001,119,140,146,162,21,16
9002,133,159,199,218,26,19
9003,93,102,223,230,9,7
9004,126,151,256,275,25,19
9005,75,92,92,105,17,13
9006,56,71,121,132,15,11
9007,41,59,91,105,18,14
9008,34,44,132,140,10,8
9009,28,40,161,170,12,9
9010,12,28,242,255,16,13
9011,10,30,297,311,20,14
9012,14,32,72,86,18,14
9013,14,32,26,39,18,13
9014,166,175,77,83,9,6
9015,176,193,118,132,17,14
9016,217,230,228,238,13,10
9017,193,210,277,290,17,13
9018,149,169,314,329,20,15
9019,118,128,332,340,10,8
9020,119,137,175,188,18,13
9021,129,143,204,214,14,10
9022,137,153,288,300,16,12
9023,166,175,188,194,9,6
9024,192,204,227,236,12,9
9025,171,183,150,159,12,9
9026,135,141,136,141,6,5
9027,97,110,241,251,13,10
9028,90,102,284,293,12,9
9029,90,110,318,333,20,15
9030,138,154,326,337,16,11
9031,184,203,321,335,19,14
9032,167,181,272,282,14,10
9033,87,99,142,151,12,9
9034,76,88,117,126,12,9
9035,69,91,74,91,22,17
9036,80,95,33,45,15,12
9037,114,130,34,46,16,12
9038,152,167,42,53,15,11
9039,178,193,32,43,15,11
9040,206,217,72,80,11,8
9041,198,212,120,131,14,11
9042,58,72,189,199,14,10
9043,108,126,138,152,18,14
9044,103,123,165,179,20,14
9045,95,115,192,206,20,14
9046,41,56,179,190,15,11
9047,38,56,198,211,18,13
9048,28,41,157,166,13,9
9049,25,34,115,122,9,7
9050,32,51,126,141,19,15
9051,56,66,131,138,10,7
9052,61,75,140,151,14,11
9053,40,54,86,96,14,10
9054,39,48,64,71,9,7
9055,38,49,46,54,11,8
9056,40,51,15,23,11,8
9057,63,75,25,35,12,10
9058,85,93,37,43,8,6
9059,111,121,54,61,10,7
9060,120,129,79,85,9,6
9061,137,148,51,60,11,9
9062,148,159,80,89,11,9
9063,173,186,37,46,13,9
9064,151,165,121,132,14,11
9065,132,144,215,223,12,8
9066,132,154,250,267,22,17
9067,133,151,292,306,18,14
9068,150,166,178,190,16,12
9069,70,83,202,212,13,10
9070,39,51,250,259,12,9
9071,26,42,290,302,16,12
9072,24,41,314,327,17,13
9073,66,84,324,338,18,14
9074,67,88,274,290,21,16
9075,129,141,322,331,12,9
9076,165,183,303,316,18,13
9077,106,120,96,106,14,10
9078,129,149,139,154,20,15
9079,136,154,86,100,18,14
9080,100,114,95,105,14,10
9081,62,68,89,93,6,4
9082,54,66,106,116,12,10
9083,49,58,143,150,9,7
9084,39,56,178,190,17,12
9085,40,54,213,223,14,10
9086,39,47,243,249,8,6
9087,32,45,271,281,13,10
9088,38,50,304,313,12,9
9089,51,60,325,332,9,7
9090,68,80,271,279,12,8
9091,73,81,231,237,8,6
9092,83,95,197,205,12,8
9093,76,86,157,165,10,8
9094,68,88,110,125,20,15
9095,29,38,112,119,9,7
9096,19,34,81,93,15,12
9097,16,36,36,51,20,15
9098,51,71,26,41,20,15
9099,97,110,49,59,13,10
9100,105,122,15,28,17,13
9101,131,142,36,45,11,9
9102,149,159,62,69,10,7
9103,163,169,111,115,6,4
9104,174,190,163,175,16,12
9105,58,84,130,150,26,20
9106,70,97,163,183,27,20
9107,112,138,182,201,26,19
9108,144,159,122,133,15,11
9109,157,177,140,155,20,15
9110,192,211,120,134,19,14
9111,134,152,30,44,18,14
9112,100,117,53,66,17,13
9113,68,83,65,76,15,11
9114,43,56,26,36,13,10
9115,21,38,34,46,17,12
9116,23,43,55,69,20,14
9117,66,85,103,117,19,14
9118,15,31,182,194,16,12
9119,12,38,293,312,26,19
9120,54,70,311,323,16,12
9121,89,108,318,332,19,14
9122,132,146,319,330,14,11
9123,144,154,299,306,10,7
9124,97,113,250,262,16,12
9125,102,120,282,295,18,13
9126,62,87,4,23,25,19
9127,101,117,86,99,16,13
9128,110,125,122,134,15,12
9129,171,188,48,61,17,13
9130,131,148,227,240,17,13
9131,124,137,264,274,13,10
9132,152,178,205,225,26,20
9133,162,185,152,169,23,17
9134,127,144,157,171,17,14
9135,111,122,179,187,11,8
9136,81,100,190,205,19,15
9137,66,85,156,170,19,14
9138,66,86,117,132,20,15
9139,39,57,184,198,18,14
9140,48,67,214,229,19,15
9141,28,46,90,103,18,13
9142,49,68,62,76,19,14
9143,78,95,92,105,17,13
9144,98,120,52,69,22,17
9145,131,142,87,95,11,8
9146,149,159,66,74,10,8
9147,156,166,100,108,10,8
9148,177,191,53,64,14,11
9149,196,210,89,99,14,10
9150,186,205,113,127,19,14
9151,167,191,79,97,24,18
9152,179,194,19,31,15,12
9153,183,199,244,256,16,12
9154,176,193,283,295,17,12
9155,176,200,316,334,24,18
9156,144,158,307,317,14,10
9157,127,140,326,336,13,10
9158,52,68,291,304,16,13
9159,45,57,258,267,12,9
9160,17,30,286,296,13,10
9161,66,83,236,249,17,13
9162,97,105,241,247,8,6
9163,83,99,162,174,16,12
9164,115,140,170,189,25,19
9165,98,114,133,144,16,11
9166,63,78,113,124,15,11
9167,57,76,83,98,19,15
9168,62,80,42,55,18,13
9169,51,67,13,25,16,12
9170,37,53,28,39,16,11
9171,28,40,45,54,12,9
9172,8,14,74,78,6,4
9173,12,24,189,198,12,9
9174,12,34,229,245,22,16
9175,58,77,136,150,19,14
9176,145,156,214,222,11,8
9177,123,146,259,277,23,18
9178,151,169,291,304,18,13
9179,166,178,251,259,12,8
9180,36,51,277,287,15,10
9181,8,41,303,328,33,25
9182,93,105,76,85,12,9
9183,156,186,151,173,30,22
9184,141,166,47,66,25,19
9185,105,117,33,43,12,10
9186,107,120,57,67,13,10
9187,155,180,178,196,25,18
9188,186,195,266,272,9,6
9189,181,201,316,331,20,15
9190,187,208,225,240,21,15
9191,200,215,191,202,15,11
9192,78,93,6,17,15,11
9193,136,161,13,32,25,19
9194,43,57,248,258,14,10
9195,58,73,156,167,15,11
9196,73,91,111,125,18,14
9197,89,102,137,147,13,10
9198,85,105,191,206,20,15
9199,132,145,226,236,13,10
9200,149,178,264,286,29,22
9201,149,173,308,326,24,18
9202,120,142,304,321,22,17
9203,98,112,266,276,14,10
9204,71,86,240,251,15,11
9205,44,60,206,218,16,12
9206,34,51,178,190,17,12
9207,30,46,131,142,16,11
9208,83,103,47,62,20,15
9209,29,39,119,127,10,8
9210,63,78,27,39,15,12
9211,33,51,39,52,18,13
9212,81,114,1,25,33,24
9213,146,167,35,51,21,16
9214,124,135,126,134,11,8
9215,106,123,146,158,17,12
9216,138,151,86,95,13,9
9217,66,83,206,219,17,13
9218,15,27,236,245,12,9
9219,10,27,265,278,17,13
9220,14,29,295,307,15,12
9221,19,36,320,332,17,12
9222,128,145,181,194,17,13
9223,76,95,230,244,19,14
9224,71,83,208,218,12,10
9225,58,67,187,194,9,7
9226,126,137,202,210,11,8
9227,133,143,224,232,10,8
9228,122,135,137,147,13,10
9229,143,159,104,116,16,12
9230,159,166,95,100,7,5
9231,86,98,71,80,12,9
9232,76,93,90,103,17,13
9233,38,47,104,111,9,7
9234,22,37,161,173,15,12
9235,20,31,196,204,11,8
9236,21,35,233,244,14,11
9237,24,39,261,273,15,12
9238,27,48,286,301,21,15
9239,41,53,313,322,12,9
9240,74,88,321,331,14,10
9241,127,137,329,337,10,8
9242,133,144,279,287,11,8
9243,106,118,235,244,12,9
9244,91,100,201,208,9,7
9245,80,92,176,185,12,9
9246,109,121,179,189,12,10
9247,144,148,242,245,4,3
9248,149,163,202,212,14,10
9249,160,171,158,167,11,9
9250,178,191,187,197,13,10
9251,194,204,142,149,10,7
9252,168,181,272,281,13,9
9253,164,175,317,325,11,8
9254,148,172,146,164,24,18
9255,154,175,195,211,21,16
9256,156,178,254,270,22,16
9257,156,174,73,87,18,14
9258,161,181,29,44,20,15
9259,85,104,88,102,19,14
9260,71,82,111,119,11,8
9261,51,68,124,137,17,13
9262,27,45,88,101,18,13
9263,38,54,59,71,16,12
9264,32,51,160,174,19,14
9265,50,68,192,205,18,13
9266,67,76,174,181,9,7
9267,63,79,249,261,16,12
9268,64,79,282,293,15,11
9269,85,106,323,339,21,16
9270,151,167,233,245,16,12
9271,138,151,193,203,13,10
9272,166,171,204,208,5,4
9273,181,186,224,229,5,5
9274,185,190,267,271,5,4
9275,195,199,223,226,4,3
9276,190,198,201,208,8,7
9277,197,200,175,178,3,3
9278,164,173,127,134,9,7
9279,149,152,144,146,3,2
9280,122,130,152,158,8,6
9281,115,119,160,163,4,3
9282,93,98,154,157,5,3
9283,63,71,181,187,8,6
9284,57,66,198,205,9,7
9285,63,73,218,226,10,8
9286,74,85,292,300,11,8
9287,79,83,324,327,4,3
9288,122,135,316,326,13,10
9289,149,156,336,341,7,5
9290,135,141,283,288,6,5
9291,129,134,261,266,5,5
9292,71,78,267,272,7,5
9293,49,55,290,295,6,5
9294,43,44,323,323,1,0
9295,34,58,303,321,24,18
9296,46,51,345,348,5,3
9297,19,28,230,236,9,6
9298,19,27,173,178,8,5
9299,43,53,94,102,10,8
9300,73,89,59,71,16,12
9301,71,84,89,99,13,10
9302,65,76,113,121,11,8
9303,48,57,89,96,9,7
9304,54,66,127,137,12,10
9305,37,43,120,124,6,4
9306,71,90,163,178,19,15
9307,106,114,158,164,8,6
9308,118,122,194,197,4,3
9309,131,141,135,142,10,7
9310,117,124,76,82,7,6
9311,131,142,170,178,11,8
9312,156,165,184,191,9,7
9313,156,168,235,245,12,10
9314,161,175,283,293,14,10
9315,169,184,310,321,15,11
9316,124,135,276,285,11,9
9317,111,119,256,262,8,6
9318,129,145,158,170,16,12
9319,100,116,206,218,16,12
9320,163,178,301,312,15,11
9321,186,202,321,333,16,12
9322,66,78,224,234,12,10
9323,67,87,270,285,20,15
9324,32,54,175,192,22,17
9325,11,33,113,130,22,17
9326,10,26,66,79,16,13
9327,36,45,41,48,9,7
9328,75,85,45,53,10,8
9329,128,137,216,223,9,7
9330,100,115,248,259,15,11
9331,68,80,243,252,12,9
9332,58,69,151,159,11,8
9333,80,100,118,133,20,15
9334,88,100,82,92,12,10
9335,97,108,43,51,11,8
9336,61,68,36,41,7,5
9337,39,51,48,57,12,9
9338,12,28,75,87,16,12
9339,12,30,111,125,18,14
9340,13,25,159,168,12,9
9341,12,36,193,211,24,18
9342,30,42,287,296,12,9
9343,29,41,327,336,12,9
9344,7,16,312,319,9,7
9345,120,130,324,332,10,8
9346,146,171,188,206,25,18
9347,124,139,222,234,15,12
9348,93,102,190,198,9,8
9349,95,106,142,150,11,8
9350,117,127,131,138,10,7
9351,129,141,109,117,12,8
9352,144,156,89,98,12,9
9353,161,173,108,117,12,9
9354,176,186,138,145,10,7
9355,190,200,177,184,10,7
9356,203,215,122,131,12,9
9357,213,222,209,216,9,7
9358,184,193,254,260,9,6
9359,143,149,285,289,6,4
9360,91,94,297,299,3,2
9361,46,54,271,276,8,5
9362,35,48,197,207,13,10
9363,24,36,116,124,12,8
9364,31,41,57,65,10,8
9365,139,156,195,208,17,13
9366,111,121,153,161,10,8
9367,125,141,115,127,16,12
9368,124,136,85,93,12,8
9369,80,89,118,125,9,7
9370,59,71,145,154,12,9
9371,52,61,186,193,9,7
9372,50,65,230,241,15,11
9373,56,66,255,263,10,8
9374,55,64,284,291,9,7
9375,63,78,309,320,15,11
9376,83,94,274,283,11,9
9377,32,37,201,205,5,4
9378,27,36,148,155,9,7
9379,31,42,107,116,11,9
9380,42,55,54,64,13,10
9381,25,30,27,30,5,3
9382,54,67,32,42,13,10
9383,73,82,52,59,9,7
9384,81,89,84,90,8,6
9385,104,117,95,105,13,10
9386,200,210,209,217,10,8
9387,200,208,119,125,8,6
9388,201,212,146,155,11,9
9389,203,207,87,90,4,3
9390,132,159,7,26,27,19
9391,122,139,37,50,17,13
9392,136,149,60,71,13,11
9393,128,149,97,112,21,15
9394,108,122,235,245,14,10
9395,98,117,258,272,19,14
9396,101,109,289,295,8,6
9397,84,98,307,318,14,11
9398,78,91,318,327,13,9
9399,59,71,287,296,12,9
9400,66,78,261,269,12,8
9401,50,64,222,233,14,11
9402,34,44,240,248,10,8
9403,7,24,258,271,17,13
9404,5,15,212,220,10,8
9405,11,19,178,184,8,6
9406,12,22,134,142,10,8
9407,17,27,87,94,10,7
9408,18,32,58,69,14,11
9409,32,51,104,118,19,14
9410,42,58,140,153,16,13
9411,39,51,165,175,12,10
9412,36,50,194,204,14,10
9413,92,102,128,136,10,8
9414,128,144,206,218,16,12
9415,139,150,233,242,11,9
9416,141,155,293,304,14,11
9417,93,108,246,257,15,11
9418,74,81,238,243,7,5
9419,85,94,274,280,9,6
9420,86,91,184,188,5,4
9421,69,73,136,139,4,3
9422,51,61,146,153,10,7
9423,83,98,155,166,15,11
9424,92,99,96,102,7,6
9425,131,145,144,155,14,11
9426,110,126,50,62,16,12
9427,66,82,34,46,16,12
9428,51,67,53,65,16,12
9429,30,43,69,79,13,10
9430,26,44,25,38,18,13
9431,94,112,14,28,18,14
9432,135,151,32,44,16,12
9433,161,173,104,113,12,9
9434,161,175,188,198,14,10
9435,126,151,215,234,25,19
9436,133,156,269,286,23,17
9437,129,154,305,324,25,19
9438,96,110,292,302,14,10
9439,158,187,241,263,29,22
9440,190,204,198,209,14,11
9441,174,191,46,58,17,12
9442,168,200,64,88,32,24
9443,188,217,105,127,29,22
9444,132,151,105,120,19,15
9445,87,104,206,219,17,13
9446,22,34,183,192,12,9
9447,71,89,186,200,18,14
9448,56,66,206,214,10,8
9449,49,60,238,246,11,8
9450,39,56,241,255,17,14
9451,29,36,227,232,7,5
9452,33,41,194,200,8,6
9453,39,47,158,164,8,6
9454,53,62,164,170,9,6
9455,75,86,154,163,11,9
9456,102,110,170,176,8,6
9457,110,127,136,148,17,12
9458,46,58,85,94,12,9
9459,29,39,114,121,10,7
9460,27,44,70,83,17,13
9461,41,60,39,53,19,14
9462,54,66,61,69,12,8
9463,110,120,101,109,10,8
9464,149,156,157,162,7,5
9465,147,160,201,210,13,9
9466,150,162,251,260,12,9
9467,146,157,300,308,11,8
9468,139,151,90,98,12,8
9469,160,181,110,126,21,16
9470,154,172,27,41,18,14
9471,82,98,24,36,16,12
9472,49,63,24,35,14,11
9473,14,24,4,12,10,8
9474,4,30,164,184,26,20
9475,4,27,289,306,23,17
9476,36,59,322,339,23,17
9477,96,119,221,238,23,17
9478,88,107,242,256,19,14
9479,78,87,187,193,9,6
9480,76,86,208,216,10,8
9481,74,80,227,232,6,5
9482,71,80,252,258,9,6
9483,75,85,270,278,10,8
9484,110,119,83,90,9,7
9485,93,101,95,101,8,6
9486,90,101,53,61,11,8
9487,122,137,43,54,15,11
9488,119,128,17,24,9,7
9489,149,154,73,77,5,4
9490,151,166,101,112,15,11
9491,151,164,136,146,13,10
9492,122,133,154,162,11,8
9493,124,138,198,208,14,10
9494,146,161,227,238,15,11
9495,170,177,183,189,7,6
9496,175,187,205,214,12,9
9497,146,149,278,280,3,2
9498,127,142,301,311,15,10
9499,121,134,245,255,13,10
9500,97,111,159,169,14,10
9501,96,107,109,117,11,8
9502,88,107,119,133,19,14
9503,124,138,117,127,14,10
9504,176,193,120,133,17,13
9505,182,202,157,172,20,15
9506,190,203,83,92,13,9
9507,210,222,114,124,12,10
9508,212,223,77,85,11,8
9509,196,217,176,192,21,16
9510,177,193,243,255,16,12
9511,145,157,259,268,12,9
9512,140,155,318,329,15,11
9513,104,117,271,281,13,10
9514,93,114,290,305,21,15
9515,86,102,83,95,16,12
9516,64,83,188,203,19,15
9517,62,87,319,337,25,18
9518,51,63,290,299,12,9
9519,35,46,240,249,11,9
9520,21,32,212,220,11,8
9521,11,29,141,154,18,13
9522,32,47,101,112,15,11
9523,19,41,40,56,22,16
9524,100,120,242,257,20,15
9525,90,109,280,295,19,15
9526,68,76,244,250,8,6
9527,66,76,211,218,10,7
9528,61,73,171,180,12,9
9529,59,73,126,136,14,10
9530,53,63,88,95,10,7
9531,58,70,69,78,12,9
9532,66,90,44,63,24,19
9533,119,137,42,56,18,14
9534,126,138,72,81,12,9
9535,110,129,81,96,19,15
9536,93,105,100,109,12,9
9537,87,96,114,121,9,7
9538,84,102,153,166,18,13
9539,95,115,182,196,20,14
9540,96,112,203,215,16,12
9541,122,140,215,228,18,13
9542,142,156,241,252,14,11
9543,150,162,284,293,12,9
9544,155,168,317,327,13,10
9545,168,186,200,212,18,12
9546,178,188,243,250,10,7
9547,181,193,291,300,12,9
9548,168,182,93,103,14,10
9549,162,177,27,38,15,11
9550,159,179,52,67,20,15
9551,194,208,143,153,14,10
9552,115,124,314,320,9,6
9553,45,67,260,276,22,16
9554,92,102,202,209,10,7
9555,21,33,183,192,12,9
9556,24,34,207,214,10,7
9557,20,35,239,251,15,12
9558,38,46,163,169,8,6
9559,36,49,135,145,13,10
9560,35,48,105,114,13,9
9561,49,58,66,73,9,7
9562,48,61,28,38,13,10
9563,11,27,3,15,16,12
9564,70,83,72,82,13,10
9565,16,35,15,29,19,14
9566,66,82,13,25,16,12
9567,93,104,15,23,11,8
9568,100,106,45,50,6,5
9569,115,128,92,102,13,10
9570,137,151,233,243,14,10
9571,134,152,184,198,18,14
9572,159,174,153,164,15,11
9573,179,192,191,200,13,9
9574,182,194,233,242,12,9
9575,161,173,87,96,12,9
9576,156,167,101,109,11,8
9577,120,133,102,112,13,10
9578,95,105,99,107,10,8
9579,77,84,113,119,7,6
9580,63,69,137,141,6,4
9581,58,75,160,172,17,12
9582,68,79,190,199,11,9
9583,69,85,219,230,16,11
9584,78,89,258,266,11,8
9585,91,105,281,292,14,11
9586,107,120,299,309,13,10
9587,107,113,229,234,6,5
9588,118,127,259,265,9,6
9589,131,145,286,297,14,11
9590,149,159,312,320,10,8
9591,143,154,246,254,11,8
9592,151,161,264,271,10,7
9593,108,142,270,295,34,25
9594,111,148,289,317,37,28
9595,112,125,109,119,13,10
9596,134,149,49,60,15,11
9597,153,168,88,99,15,11
9598,155,173,146,160,18,14
9599,35,56,137,152,21,15
9600,32,56,179,197,24,18
9601,60,79,96,110,19,14
9602,61,80,57,71,19,14
9603,37,65,15,35,28,20
9604,18,45,50,71,27,21
9605,30,56,214,234,26,20
9606,39,62,249,266,23,17
9607,44,74,283,305,30,22
9608,63,82,322,336,19,14
9609,156,181,319,337,25,18
9610,171,190,156,171,19,15
9611,153,173,184,199,20,15
9612,196,231,26,52,35,26
9613,77,93,89,100,16,11
9614,83,100,114,126,17,12
9615,123,137,118,128,14,10
9616,188,205,315,327,17,12
9617,71,84,332,341,13,9
9618,194,218,1,19,24,18
9619,163,186,60,77,23,17
9620,159,177,103,116,18,13
9621,130,157,164,184,27,20
9622,95,107,47,57,12,10
9623,24,44,187,202,20,15
9624,19,42,237,255,23,18
9625,19,29,285,292,10,7
9626,17,36,116,130,19,14
9627,17,39,39,56,22,17
9628,32,57,7,26,25,19
9629,44,59,76,88,15,12
9630,51,68,110,123,17,13
9631,56,72,159,172,16,13
9632,60,76,188,200,16,12
9633,59,73,231,241,14,10
9634,90,108,177,191,18,14
9635,44,65,152,168,21,16
9636,54,71,125,138,17,13
9637,89,108,98,112,19,14
9638,131,149,156,169,18,13
9639,142,163,209,224,21,15
9640,156,178,249,265,22,16
9641,174,188,137,147,14,10
9642,186,195,95,102,9,7
9643,211,231,193,208,20,15
9644,57,76,60,74,19,14
9645,56,80,18,36,24,18
9646,46,59,104,114,13,10
9647,23,41,176,189,18,13
9648,17,43,248,268,26,20
9649,26,51,290,308,25,18
9650,102,123,226,242,21,16
9651,168,204,271,297,36,26
9652,215,230,331,342,15,11
9653,76,95,222,237,19,15
9654,90,105,180,191,15,11
9655,88,107,128,143,19,15
9656,85,107,86,102,22,16
9657,103,127,58,76,24,18
9658,137,154,12,25,17,13
9659,153,173,89,103,20,14
9660,145,166,117,132,21,15
9661,139,156,160,173,17,13
9662,147,169,279,295,22,16
9663,162,183,331,346,21,15
9664,78,92,333,343,14,10
9665,48,59,322,330,11,8
9666,33,49,268,280,16,12
9667,35,61,289,309,26,20
9668,64,80,274,287,16,13
9669,75,97,291,307,22,16
9670,100,112,254,264,12,10
9671,39,49,222,229,10,7
9672,91,110,123,137,19,14
9673,72,93,136,151,21,15
9674,56,74,113,127,18,14
9675,74,102,62,83,28,21
9676,117,135,78,92,18,14
9677,123,132,174,181,9,7
9678,91,105,260,271,14,11
9679,101,115,289,299,14,10
9680,84,93,315,322,9,7
9681,56,65,321,327,9,6
9682,53,65,283,292,12,9
9683,44,60,245,257,16,12
9684,112,136,226,244,24,18
9685,115,130,199,210,15,11
9686,159,173,167,178,14,11
9687,132,151,37,51,19,14
9688,163,178,63,75,15,12
9689,155,167,104,113,12,9
9690,147,161,133,143,14,10
9691,146,161,216,226,15,10
9692,143,164,257,273,21,16
9693,149,170,292,308,21,16
9694,191,210,257,271,19,14
9695,195,206,126,134,11,8
9696,142,164,1,17,22,16
9697,73,84,21,29,11,8
9698,39,49,62,69,10,7
9699,35,54,82,96,19,14
9700,92,108,174,187,16,13
9701,112,131,129,143,19,14
9702,123,139,84,96,16,12
9703,61,73,88,97,12,9
9704,32,46,119,129,14,10
9705,22,41,158,173,19,15
9706,43,54,189,198,11,9
9707,52,61,146,153,9,7
9708,53,63,168,176,10,8
9709,33,50,227,240,17,13
9710,61,74,249,258,13,9
9711,29,41,273,282,12,9
9712,40,52,295,304,12,9
9713,19,36,258,271,17,13
9714,2,17,296,307,15,11
9715,9,22,201,211,13,10
9716,111,124,224,234,13,10
9717,89,110,248,264,21,16
9718,140,157,266,278,17,12
9719,177,196,183,197,19,14
9720,175,193,214,227,18,13
9721,183,204,92,107,21,15
9722,112,145,283,308,33,25
9723,105,133,112,133,28,21
9724,148,168,132,148,20,16
9725,130,156,73,92,26,19
9726,115,129,35,46,14,11
9727,78,94,55,67,16,12
9728,62,76,84,94,14,10
9729,51,64,113,123,13,10
9730,51,61,141,149,10,8
9731,34,52,167,180,18,13
9732,35,57,200,216,22,16
9733,39,60,250,266,21,16
9734,42,60,290,304,18,14
9735,105,122,48,62,17,14
9736,144,163,29,43,19,14
9737,169,198,50,71,29,21
9738,183,200,89,102,17,13
9739,168,195,115,135,27,20
9740,170,191,168,184,21,16
9741,149,173,271,289,24,18
9742,110,149,318,347,39,29
9743,76,92,319,331,16,12
9744,73,88,129,140,15,11
9745,29,46,28,41,17,13
9746,11,25,62,72,14,10
9747,7,22,97,108,15,11
9748,11,24,134,143,13,9
9749,5,27,199,215,22,16
9750,13,39,235,254,26,19
9751,165,196,265,288,31,23
9752,196,238,188,220,42,32
9753,142,160,202,216,18,14
9754,127,137,215,223,10,8
9755,86,129,209,241,43,32
9756,91,115,281,299,24,18
9757,139,173,298,324,34,26
9758,110,122,265,274,12,9
9759,110,114,170,174,4,4
9760,115,121,151,156,6,5
9761,122,143,118,134,21,16
9762,191,235,19,52,44,33
9763,100,127,258,278,27,20
9764,128,181,196,235,53,39
9765,175,208,144,169,33,25
9766,166,215,60,97,49,37
9767,190,227,18,45,37,27
9768,68,79,142,150,11,8
9769,63,68,136,141,5,5
9770,61,75,82,93,14,11
9771,71,78,52,58,7,6
9772,37,63,67,86,26,19
9773,23,39,115,127,16,12
9774,6,25,43,58,19,15
9775,14,37,204,221,23,17
9776,5,29,245,263,24,18
9777,47,51,208,211,4,3
9778,49,58,188,195,9,7
9779,55,56,176,177,1,1
9780,56,59,166,168,3,2
9781,94,112,207,220,18,13
9782,88,118,153,176,30,23
9783,95,111,121,132,16,11
9784,49,61,169,179,12,10
9785,56,68,204,214,12,10
9786,70,88,222,235,18,13
9787,78,88,272,279,10,7
9788,106,132,263,283,26,20
9789,131,179,196,233,48,37
9790,151,184,290,315,33,25
9791,85,122,116,144,37,28
9792,95,117,61,78,22,17
9793,114,168,3,44,54,41
9794,24,46,50,66,22,16
9795,12,25,105,114,13,9
9796,7,24,128,140,17,12
9797,5,24,216,230,19,14
9798,20,29,262,269,9,7
9799,32,40,180,187,8,7
9800,41,49,160,166,8,6
9801,51,58,140,146,7,6
9802,50,58,149,155,8,6
9803,56,67,172,180,11,8
9804,78,112,204,229,34,25
9805,108,142,290,316,34,26
9806,84,110,43,62,26,19
9807,106,161,245,286,55,41
9808,156,220,135,183,64,48
9809,164,213,43,81,49,38
9810,7,27,151,166,20,15
9811,10,41,86,110,31,24
9812,27,62,17,43,35,26
9813,27,30,230,232,3,2
9814,34,36,223,225,2,2
9815,27,31,275,278,4,3
9816,30,36,263,268,6,5
9817,117,134,314,327,17,13
9818,151,186,260,287,35,27
9819,176,209,186,211,33,25
9820,178,203,119,137,25,18
9821,146,170,99,117,24,18
9822,150,207,40,83,57,43
9823,47,58,139,147,11,8
9824,49,60,119,127,11,8
9825,61,71,105,112,10,7
9826,28,55,180,200,27,20
9827,45,78,219,244,33,25
9828,68,110,256,287,42,31
9829,85,115,180,202,30,22
9830,88,114,154,174,26,20
9831,122,154,222,246,32,24
9832,162,222,161,206,60,45
9833,178,217,216,246,39,30
9834,56,73,93,106,17,13
9835,46,60,195,205,14,10
9836,44,49,161,166,5,5
9837,55,66,161,170,11,9
9838,49,56,151,156,7,5
9839,5,39,84,110,34,26
9840,68,80,53,62,12,9
9841,80,110,20,43,30,23
9842,118,153,45,71,35,26
9843,170,203,58,83,33,25
9844,127,148,119,135,21,16
9845,131,171,145,176,40,31
9846,175,222,315,350,47,35
9847,70,117,3,38,47,35
9848,18,31,70,80,13,10
9849,46,53,72,77,7,5
9850,88,90,109,111,2,2
9851,102,108,86,90,6,4
9852,127,181,182,223,54,41
9853,156,190,109,135,34,26
9854,26,43,54,67,17,13
9855,6,45,154,183,39,29
9856,44,90,290,325,46,35
9857,34,63,99,121,29,22
9858,71,90,58,73,19,15
9859,73,88,25,36,15,11
9860,83,100,3,16,17,13
9861,102,149,321,357,47,36
9862,90,122,284,307,32,23
9863,47,64,290,303,17,13
9864,61,70,123,129,9,6
9865,51,64,93,103,13,10
9866,38,46,127,133,8,6
9867,34,49,150,161,15,11
9868,36,66,158,181,30,23
9869,72,88,32,44,16,12
9870,116,210,27,97,94,70
9871,83,94,280,288,11,8
9872,88,97,249,255,9,6
9873,89,96,226,231,7,5
9874,114,131,148,161,17,13
9875,118,129,110,119,11,9
9876,76,96,81,97,20,16
9877,111,157,39,74,46,35
9878,151,203,222,261,52,39
9879,120,170,51,89,50,38
9880,176,202,75,94,26,19
9881,41,55,41,51,14,10
9882,67,88,300,315,21,15
9883,123,182,292,336,59,44
9884,77,124,135,171,47,36
9885,146,200,189,230,54,41
9886,50,59,239,246,9,7
9887,34,49,253,264,15,11
9888,49,68,270,285,19,15
9889,70,87,283,295,17,12
9890,88,114,296,315,26,19
9891,94,112,199,213,18,14
9892,63,82,129,143,19,14
9893,67,93,105,124,26,19
9894,71,95,51,69,24,18
9895,100,132,24,48,32,24
9896,40,72,222,246,32,24
9897,46,63,155,169,17,14
9898,80,101,99,115,21,16
9899,54,67,128,138,13,10
9900,62,77,106,117,15,11
9901,161,200,111,140,39,29
9902,186,229,234,267,43,33
9903,157,235,177,236,78,59
9904,63,88,121,139,25,18
9905,5,24,280,294,19,14
9906,22,40,311,325,18,14
9907,58,83,301,319,25,18
9908,77,98,321,337,21,16
9909,127,159,295,319,32,24
9910,188,222,65,91,34,26
9911,7,27,42,57,20,15
9912,29,36,27,32,7,5
9913,34,42,37,43,8,6
9914,118,168,211,248,50,37
9915,77,101,189,207,24,18
9916,146,190,127,159,44,32
9917,159,187,90,112,28,22
9918,47,74,140,160,27,20
9919,82,110,254,276,28,22
9920,111,165,260,300,54,40
9921,133,162,288,310,29,22
9922,69,104,227,253,35,26
9923,63,83,224,239,20,15
9924,181,232,166,205,51,39
9925,128,158,120,142,30,22
9926,122,166,74,107,44,33
9927,156,195,41,70,39,29
9928,172,212,97,127,40,30
9929,176,234,137,180,58,43
9930,64,73,225,231,9,6
9931,79,117,219,248,38,29
9932,106,144,258,286,38,28
9933,24,34,225,232,10,7
9934,27,54,239,258,27,19
9935,2,30,173,194,28,21
9936,8,49,116,146,41,30
9937,68,131,33,80,63,47
9938,144,184,153,184,40,31
9939,166,210,310,343,44,33
9940,157,181,11,29,24,18
9941,2,27,76,95,25,19
9942,2,49,5,40,47,35
9943,14,81,299,350,67,51
9944,18,41,205,222,23,17
9945,95,170,210,266,75,56
9946,121,179,61,105,58,44
9947,112,151,18,47,39,29
9948,154,211,148,190,57,42
9949,154,183,277,298,29,21
9950,5,25,62,77,20,15
9951,2,40,7,35,38,28
9952,81,94,8,18,13,10
9953,115,161,28,62,46,34
9954,86,126,282,312,40,30
9955,95,134,309,338,39,29
9956,5,16,119,127,11,8
9957,42,62,135,150,20,15
9958,56,68,159,168,12,9
9959,104,147,177,209,43,32
9960,183,234,123,161,51,38
9961,37,45,78,84,8,6
9962,40,44,85,88,4,3
9963,115,164,308,345,49,37
9964,164,200,227,254,36,27
9965,151,205,133,174,54,41
9966,6,24,74,87,18,13
9967,10,40,30,53,30,23
9968,68,106,24,52,38,28
9969,19,22,108,111,3,3
9970,105,131,172,191,26,19
9971,107,123,97,109,16,12
9972,127,188,51,97,61,46
9973,96,121,304,322,25,18
9974,31,46,238,249,15,11
9975,4,38,157,183,34,26
9976,6,41,66,92,35,26
9977,169,195,230,250,26,20
9978,146,220,112,168,74,56
9979,84,98,194,204,14,10
9980,78,95,185,198,17,13
9981,105,120,175,186,15,11
9982,124,142,154,166,18,12
9983,138,166,203,224,28,21
9984,107,129,92,108,22,16
9985,138,167,99,120,29,21
9986,186,206,89,103,20,14
9987,196,224,45,66,28,21
9988,103,121,184,197,18,13
9989,132,155,249,266,23,17
9990,176,195,283,298,19,15
9991,89,111,241,258,22,17
9992,51,68,118,130,17,12
9993,68,78,102,110,10,8
9994,68,78,69,77,10,8
9995,115,130,20,31,15,11
9996,133,146,3,13,13,10
9997,74,85,34,42,11,8
9998,65,73,158,165,8,7
9999,51,85,165,190,34,25
10000,5,30,88,107,25,19
10001,12,41,280,302,29,22
10002,196,230,279,305,34,26
10003,170,200,124,147,30,23
10004,141,166,56,75,25,19
10005,207,227,51,66,20,15
10006,159,190,324,348,31,24
10007,55,73,208,221,18,13
10008,77,98,193,209,21,16
10009,139,181,178,210,42,32
10010,154,203,131,168,49,37
10011,8,17,57,64,9,7
10012,11,17,78,83,6,5
10013,14,40,111,130,26,19
10014,34,58,162,180,24,18
10015,106,141,115,141,35,26
10016,73,84,189,198,11,9
10017,61,85,279,297,24,18
10018,107,159,243,281,52,38
10019,27,52,200,219,25,19
10020,49,76,124,144,27,20
10021,7,32,44,63,25,19
10022,62,95,30,55,33,25
10023,77,120,120,152,43,32
10024,92,146,178,219,54,41
10025,164,215,164,202,51,38
10026,99,139,188,218,40,30
10027,68,107,248,278,39,30
10028,101,127,276,295,26,19
10029,11,42,270,294,31,24
10030,17,46,216,237,29,21
10031,54,98,61,94,44,33
10032,53,88,166,192,35,26
10033,154,217,135,182,63,47
10034,126,159,106,131,33,25
10035,175,196,90,106,21,16
10036,176,205,162,184,29,22
10037,177,209,232,256,32,24
10038,49,86,147,174,37,27
10039,60,68,121,128,8,7
10040,73,95,92,109,22,17
10041,71,95,49,67,24,18
10042,22,54,42,66,32,24
10043,30,53,182,199,23,17
10044,124,153,176,198,29,22
10045,78,93,194,205,15,11
10046,105,129,171,190,24,19
10047,94,123,236,257,29,21
10048,131,153,281,297,22,16
10049,40,108,146,197,68,51
10050,61,134,48,102,73,54
10051,119,182,3,50,63,47
10052,92,144,236,274,52,38
10053,131,189,191,235,58,44
10054,76,101,189,209,25,20
10055,45,64,85,99,19,14
10056,5,25,72,87,20,15
10057,8,25,121,134,17,13
10058,24,41,176,189,17,13
10059,144,200,51,94,56,43
10060,155,181,135,154,26,19
10061,35,71,59,86,36,27
10062,51,73,34,50,22,16
10063,88,121,242,267,33,25
10064,42,76,239,265,34,26
10065,8,54,68,102,46,34
10066,2,57,13,54,55,41
10067,51,77,310,329,26,19
10068,146,208,139,185,62,46
10069,132,191,26,71,59,45
10070,43,92,242,278,49,36
10071,7,32,169,188,25,19
10072,179,227,114,150,48,36
10073,109,136,92,112,27,20
10074,139,180,47,77,41,30
10075,62,89,89,110,27,21
10076,61,85,155,172,24,17
10077,5,10,169,172,5,3
10078,7,8,72,72,1,0
10079,183,219,300,326,36,26
10080,178,224,214,249,46,35
10081,41,76,78,103,35,25
10082,151,218,82,132,67,50
10083,152,205,131,170,53,39
10084,44,90,25,59,46,34
10085,58,93,301,327,35,26
10086,164,200,275,302,36,27
10087,173,219,172,207,46,35
10088,204,236,248,272,32,24
10089,93,149,38,80,56,42
10090,61,88,22,43,27,21
10091,19,44,223,242,25,19
10092,61,95,273,298,34,25
10093,135,188,227,266,53,39
10094,71,120,84,120,49,36
10095,180,234,82,123,54,41
10096,62,85,129,147,23,18
10097,93,129,82,110,36,28
10098,144,177,54,79,33,25
10099,155,190,22,49,35,27
10100,29,66,200,228,37,28
10101,66,87,287,303,21,16
10102,66,122,62,104,56,42
10103,137,180,1,33,43,32
10104,213,231,10,23,18,13
10105,125,161,263,291,36,28
10106,183,235,309,348,52,39
10107,54,76,212,227,22,15
10108,76,102,239,259,26,20
10109,90,124,270,295,34,25
10110,164,183,305,320,19,15
10111,60,81,262,278,21,16
10112,134,168,145,172,34,27
10113,95,111,218,230,16,12
10114,86,93,258,263,7,5
10115,79,89,228,235,10,7
10116,39,63,154,172,24,18
10117,3,15,71,80,12,9
10118,5,55,13,50,50,37
10119,11,29,194,208,18,14
10120,46,54,249,255,8,6
10121,55,67,269,278,12,9
10122,64,96,296,319,32,23
10123,102,135,273,297,33,24
10124,160,183,276,293,23,17
10125,107,120,91,100,13,9
10126,120,150,113,136,30,23
10127,73,85,264,273,12,9
10128,69,79,243,250,10,7
10129,75,123,243,279,48,36
10130,121,149,224,245,28,21
10131,105,146,155,186,41,31
10132,140,166,123,143,26,20
10133,132,176,32,65,44,33
10134,118,152,74,100,34,26
10135,118,159,37,67,41,30
10136,127,168,65,96,41,31
10137,48,56,219,225,8,6
10138,46,54,223,230,8,7
10139,46,54,230,236,8,6
10140,51,54,239,241,3,2
10141,50,57,243,248,7,5
10142,48,56,247,253,8,6
10143,48,57,260,267,9,7
10144,98,178,133,193,80,60
10145,124,173,157,194,49,37
10146,112,168,101,143,56,42
10147,80,100,162,178,20,16
10148,142,191,307,344,49,37
10149,40,54,266,277,14,11
10150,44,79,240,266,35,26
10151,67,86,192,207,19,15
10152,125,198,172,226,73,54
10153,17,34,218,231,17,13
10154,14,36,132,148,22,16
10155,55,83,117,138,28,21
10156,12,23,244,252,11,8
10157,16,24,280,287,8,7
10158,36,66,267,289,30,22
10159,58,95,285,313,37,28
10160,181,216,278,304,35,26
10161,142,218,20,78,76,58
10162,146,177,170,194,31,24
10163,112,139,181,201,27,20
10164,100,149,255,292,49,37
10165,176,223,249,284,47,35
10166,193,222,153,175,29,22
10167,17,55,26,54,38,28
10168,8,44,170,197,36,27
10169,47,83,196,223,36,27
10170,35,80,300,334,45,34
10171,159,198,307,336,39,29
10172,159,213,250,290,54,40
10173,110,122,138,147,12,9
10174,117,128,193,202,11,9
10175,81,93,111,119,12,8
10176,97,117,73,88,20,15
10177,130,148,45,59,18,14
10178,135,162,18,39,27,21
10179,173,188,114,125,15,11
10180,95,155,232,277,60,45
10181,113,151,193,221,38,28
10182,151,191,140,171,40,31
10183,80,100,307,322,20,15
10184,96,122,288,307,26,19
10185,90,121,327,350,31,23
10186,22,36,247,257,14,10
10187,25,32,236,241,7,5
10188,23,33,215,223,10,8
10189,29,45,176,188,16,12
10190,40,54,168,178,14,10
10191,46,54,101,108,8,7
10192,60,79,84,98,19,14
10193,150,171,31,47,21,16
10194,122,130,159,165,8,6
10195,118,128,248,256,10,8
10196,91,118,201,221,27,20
10197,49,72,89,107,23,18
10198,66,81,136,147,15,11
10199,38,76,230,259,38,29
10200,144,163,301,314,19,13
10201,159,175,218,230,16,12
10202,188,212,167,184,24,17
10203,205,225,64,79,20,15
10204,157,178,109,125,21,16
10205,115,141,105,124,26,19
10206,153,176,228,245,23,17
10207,176,210,199,225,34,26
10208,217,230,37,47,13,10
10209,185,212,325,345,27,20
10210,129,154,29,48,25,19
10211,176,204,6,27,28,21
10212,92,120,64,84,28,20
10213,46,70,13,30,24,17
10214,51,68,75,88,17,13
10215,36,70,110,135,34,25
10216,65,75,152,159,10,7
10217,91,100,183,189,9,6
10218,78,99,224,240,21,16
10219,66,105,318,348,39,30
10220,190,229,267,296,39,29
10221,17,46,203,224,29,21
10222,52,68,290,301,16,11
10223,161,200,227,256,39,29
10224,82,107,34,53,25,19
10225,134,167,27,52,33,25
10226,168,187,63,77,19,14
10227,106,119,194,204,13,10
10228,90,98,195,201,8,6
10229,66,83,195,208,17,13
10230,62,78,224,235,16,11
10231,55,69,270,281,14,11
10232,56,85,299,321,29,22
10233,101,119,309,322,18,13
10234,124,142,276,288,18,12
10235,79,128,83,119,49,36
10236,147,181,159,184,34,25
10237,153,191,313,342,38,29
10238,207,222,62,73,15,11
10239,149,187,26,55,38,29
10240,171,206,109,135,35,26
10241,113,132,206,220,19,14
10242,118,134,258,270,16,12
10243,179,226,166,201,47,35
10244,111,149,114,143,38,29
10245,93,110,156,169,17,13
10246,76,98,182,198,22,16
10247,151,182,294,318,31,24
10248,213,234,96,112,21,16
10249,129,189,13,58,60,45
10250,85,116,33,56,31,23
10251,102,113,190,198,11,8
10252,118,154,206,233,36,27
10253,112,133,270,286,21,16
10254,96,115,302,316,19,14
10255,41,74,36,61,33,25
10256,89,122,91,116,33,25
10257,78,109,147,170,31,23
10258,172,197,117,136,25,19
10259,156,175,257,270,19,13
10260,65,88,306,323,23,17
10261,202,216,281,292,14,11
10262,124,157,323,348,33,25
10263,88,112,304,322,24,18
10264,93,106,251,261,13,10
10265,86,107,220,235,21,15
10266,149,169,148,163,20,15
10267,142,166,55,73,24,18
10268,123,154,79,103,31,24
10269,79,129,6,43,50,37
10270,54,85,147,171,31,24
10271,100,116,180,192,16,12
10272,23,39,158,170,16,12
10273,47,66,95,110,19,15
10274,44,84,55,85,40,30
10275,55,95,3,33,40,30
10276,96,117,65,81,21,16
10277,117,133,170,182,16,12
10278,138,154,299,311,16,12
10279,93,131,247,275,38,28
10280,68,83,261,272,15,11
10281,27,60,227,252,33,25
10282,19,41,122,138,22,16
10283,182,221,115,144,39,29
10284,20,48,315,336,28,21
10285,124,163,192,220,39,28
10286,68,90,206,222,22,16
10287,63,93,101,123,30,22
10288,109,134,70,88,25,18
10289,146,164,45,59,18,14
10290,21,61,210,240,40,30
10291,41,65,297,315,24,18
10292,134,171,228,256,37,28
10293,188,217,6,28,29,22
10294,98,130,13,37,32,24
10295,44,76,48,72,32,24
10296,150,176,35,55,26,20
10297,144,154,66,74,10,8
10298,120,145,81,100,25,19
10299,80,117,90,118,37,28
10300,46,84,153,181,38,28
10301,99,119,218,233,20,15
10302,115,139,192,210,24,18
10303,124,149,144,163,25,19
10304,86,124,300,329,38,29
10305,132,178,308,343,46,35
10306,161,195,219,244,34,25
10307,198,217,283,298,19,15
10308,55,73,262,276,18,14
10309,44,90,40,74,46,34
10310,107,160,151,191,53,40
10311,113,164,224,262,51,38
10312,70,97,149,169,27,20
10313,77,92,117,128,15,11
10314,158,190,15,39,32,24
10315,53,83,31,54,30,23
10316,37,63,68,87,26,19
10317,63,87,298,316,24,18
10318,36,80,215,248,44,33
10319,61,94,171,196,33,25
10320,158,183,104,123,25,19
10321,200,227,57,77,27,20
10322,179,205,239,258,26,19
10323,180,208,286,308,28,22
10324,164,198,325,351,34,26
10325,120,164,110,143,44,33
10326,115,153,50,78,38,28
10327,40,62,106,122,22,16
10328,73,89,160,171,16,11
10329,153,174,11,27,21,16
10330,84,106,10,26,22,16
10331,37,65,42,63,28,21
10332,27,51,144,162,24,18
10333,37,66,288,310,29,22
10334,186,208,295,312,22,17
10335,68,104,220,247,36,27
10336,56,68,197,206,12,9
10337,168,216,165,201,48,36
10338,79,124,120,153,45,33
10339,132,142,225,233,10,8
10340,160,178,321,335,18,14
10341,181,212,51,75,31,24
10342,152,176,176,194,24,18
10343,34,52,202,216,18,14
10344,39,66,246,266,27,20
10345,58,68,69,77,10,8
10346,63,98,17,42,35,25
10347,40,56,141,153,16,12
10348,76,98,198,215,22,17
10349,170,210,126,156,40,30
10350,27,54,273,293,27,20
10351,93,151,13,57,58,44
10352,88,112,117,135,24,18
10353,60,78,141,155,18,14
10354,61,83,171,187,22,16
10355,31,49,217,230,18,13
10356,27,87,232,277,60,45
10357,113,159,201,236,46,35
10358,194,227,76,101,33,25
10359,88,117,87,108,29,21
10360,39,75,61,87,36,26
10361,138,193,126,167,55,41
10362,78,107,171,194,29,23
10363,92,123,206,230,31,24
10364,28,68,145,175,40,30
10365,29,69,72,102,40,30
10366,77,122,42,76,45,34
10367,124,168,79,112,44,33
10368,190,210,121,135,20,14
10369,142,183,159,190,41,31
10370,27,54,26,47,27,21
10371,27,53,113,132,26,19
10372,52,82,284,307,30,23
10373,117,131,175,186,14,11
10374,70,96,129,149,26,20
10375,128,151,66,84,23,18
10376,133,151,140,154,18,14
10377,82,107,153,171,25,18
10378,17,44,112,131,27,19
10379,41,58,299,312,17,13
10380,19,44,240,258,25,18
10381,15,58,172,205,43,33
10382,104,120,234,246,16,12
10383,193,211,151,164,18,13
10384,164,188,215,233,24,18
10385,12,36,35,53,24,18
10386,34,61,61,81,27,20
10387,13,35,140,157,22,17
10388,204,222,5,18,18,13
10389,203,222,241,256,19,15
10390,112,137,103,122,25,19
10391,127,165,28,56,38,28
10392,93,115,145,161,22,16
10393,34,65,232,255,31,23
10394,104,137,254,279,33,25
10395,103,117,192,203,14,11
10396,148,166,175,189,18,14
10397,163,189,204,224,26,20
10398,202,228,138,158,26,20
10399,76,103,34,55,27,21
10400,121,160,7,36,39,29
10401,159,186,52,73,27,21
10402,77,111,98,124,34,26
10403,39,65,165,184,26,19
10404,49,73,284,302,24,18
10405,56,79,227,245,23,18
10406,100,120,266,280,20,14
10407,95,120,89,107,25,18
10408,90,124,30,56,34,26
10409,188,211,97,115,23,18
10410,195,224,48,70,29,22
10411,78,115,218,246,37,28
10412,51,79,280,301,28,21
10413,53,78,124,143,25,19
10414,36,59,55,72,23,17
10415,33,51,91,105,18,14
10416,34,62,168,189,28,21
10417,34,64,222,244,30,22
10418,63,106,316,349,43,33
10419,46,86,18,48,40,30
10420,99,122,68,85,23,17
10421,24,44,153,167,20,14
10422,27,66,185,214,39,29
10423,100,126,151,171,26,20
10424,142,164,150,166,22,16
10425,122,152,97,120,30,23
10426,21,43,49,65,22,16
10427,19,33,233,243,14,10
10428,31,64,271,296,33,25
10429,39,63,312,331,24,19
10430,79,114,318,344,35,26
10431,103,136,280,304,33,24
10432,106,128,257,273,22,16
10433,197,223,276,295,26,19
10434,122,164,187,218,42,31
10435,95,112,251,264,17,13
10436,89,122,290,315,33,25
10437,94,121,329,350,27,21
10438,51,92,131,161,41,30
10439,58,90,189,213,32,24
10440,54,97,3,36,43,33
10441,122,147,9,28,25,19
10442,120,139,87,101,19,14
10443,103,130,143,164,27,21
10444,128,152,330,348,24,18
10445,133,158,5,24,25,19
10446,53,72,49,63,19,14
10447,37,66,132,154,29,22
10448,41,85,179,212,44,33
10449,49,93,234,267,44,33
10450,29,68,281,310,39,29
10451,30,54,16,34,24,18
10452,32,66,89,114,34,25
10453,114,144,124,146,30,22
10454,151,199,187,223,48,36
10455,151,183,276,301,32,25
10456,93,126,251,276,33,25
10457,71,85,287,298,14,11
10458,44,65,288,304,21,16
10459,28,66,204,232,38,28
10460,28,57,114,136,29,22
10461,20,49,143,165,29,22
10462,34,58,75,93,24,18
10463,94,147,48,88,53,40
10464,112,149,154,181,37,27
10465,137,167,288,311,30,23
10466,187,213,283,303,26,20
10467,46,66,8,23,20,15
10468,29,43,26,37,14,11
10469,16,33,88,101,17,13
10470,35,79,142,175,44,33
10471,29,47,219,233,18,14
10472,37,54,245,258,17,13
10473,30,48,272,286,18,14
10474,34,68,312,338,34,26
10475,137,173,165,193,36,28
10476,152,183,312,336,31,24
10477,186,218,48,72,32,24
10478,25,56,22,45,31,23
10479,144,167,57,74,23,17
10480,123,156,75,99,33,24
10481,116,147,152,175,31,23
10482,86,138,297,335,52,38
10483,83,119,226,253,36,27
10484,199,222,281,298,23,17
10485,171,214,103,135,43,32
10486,48,76,60,81,28,21
10487,44,85,5,35,41,30
10488,50,95,145,178,45,33
10489,37,56,199,213,19,14
10490,146,168,328,345,22,17
10491,151,187,232,259,36,27
10492,134,178,247,280,44,33
10493,75,109,275,300,34,25
10494,54,83,229,251,29,22
10495,87,109,81,98,22,17
10496,100,125,4,22,25,18
10497,42,60,23,37,18,14
10498,40,66,146,166,26,20
10499,68,94,193,212,26,19
10500,95,126,125,149,31,24
10501,212,230,226,240,18,14
10502,168,196,41,62,28,21
10503,35,53,103,116,18,13
10504,88,136,55,90,48,35
10505,51,95,121,154,44,33
10506,88,117,265,287,29,22
10507,51,77,283,302,26,19
10508,70,95,8,28,25,20
10509,36,61,199,218,25,19
10510,46,74,244,266,28,22
10511,30,54,17,35,24,18
10512,32,49,83,95,17,12
10513,135,154,324,339,19,15
10514,190,217,88,108,27,20
10515,137,190,92,132,53,40
10516,49,83,234,260,34,26
10517,78,106,106,127,28,21
10518,36,56,187,202,20,15
10519,78,103,179,198,25,19
10520,88,122,22,47,34,25
10521,83,112,323,345,29,22
10522,144,181,249,277,37,28
10523,145,171,170,189,26,19
10524,39,60,116,132,21,16
10525,51,73,58,74,22,16
10526,35,62,23,43,27,20
10527,113,139,210,229,26,19
10528,133,151,249,262,18,13
10529,53,84,238,262,31,24
10530,61,72,64,73,11,9
10531,31,55,105,124,24,19
10532,27,43,152,165,16,13
10533,68,90,288,305,22,17
10534,127,142,282,292,15,10
10535,205,231,325,344,26,19
10536,159,203,83,116,44,33
10537,33,61,205,226,28,21
10538,21,56,285,311,35,26
10539,120,146,51,71,26,20
10540,100,124,114,133,24,19
10541,61,96,139,166,35,27
10542,48,83,214,241,35,27
10543,113,134,256,271,21,15
10544,149,193,140,173,44,33
10545,171,224,19,58,53,39
10546,33,71,23,52,38,29
10547,22,67,93,126,45,33
10548,17,41,179,197,24,18
10549,37,68,281,304,31,23
10550,88,154,38,87,66,49
10551,192,212,58,73,20,15
10552,149,185,305,332,36,27
10553,38,75,195,223,37,28
10554,40,55,17,29,15,12
10555,72,88,4,15,16,11
10556,42,59,117,130,17,13
10557,39,57,309,322,18,13
10558,129,149,220,235,20,15
10559,125,150,160,178,25,18
10560,159,188,202,224,29,22
10561,142,176,304,329,34,25
10562,83,105,226,243,22,17
10563,100,124,194,212,24,18
10564,83,112,39,62,29,23
10565,49,68,41,55,19,14
10566,45,69,116,134,24,18
10567,128,171,13,45,43,32
10568,166,188,58,74,22,16
10569,179,205,105,124,26,19
10570,166,193,133,153,27,20
10571,191,213,173,189,22,16
10572,54,80,251,270,26,19
10573,52,90,296,324,38,28
10574,45,87,153,185,42,32
10575,80,118,76,105,38,29
10576,69,101,190,214,32,24
10577,56,91,244,270,35,26
10578,68,91,317,334,23,17
10579,72,111,8,38,39,30
10580,148,187,37,67,39,30
10581,164,204,163,194,40,31
10582,49,85,108,135,36,27
10583,34,73,35,65,39,30
10584,31,54,188,206,23,18
10585,117,181,132,180,64,48
10586,139,183,48,81,44,33
10587,73,98,81,100,25,19
10588,95,115,189,203,20,14
10589,105,137,239,263,32,24
10590,156,200,269,302,44,33
10591,34,76,286,317,42,31
10592,56,83,14,35,27,21
10593,17,69,106,145,52,39
10594,120,159,189,218,39,29
10595,69,96,60,81,27,21
10596,85,115,10,33,30,23
10597,142,174,26,51,32,25
10598,100,131,111,134,31,23
10599,151,172,119,135,21,16
10600,85,107,253,270,22,17
10601,85,120,296,322,35,26
10602,58,91,145,170,33,25
10603,39,85,195,230,46,35
10604,38,75,273,301,37,28
10605,144,159,249,261,15,12
10606,207,222,65,76,15,11
10607,100,156,109,151,56,42
10608,121,157,19,46,36,27
10609,44,78,87,113,34,26
10610,47,84,169,196,37,27
10611,62,90,247,268,28,21
10612,58,95,314,342,37,28
10613,112,138,322,342,26,20
10614,157,199,250,281,42,31
10615,185,224,159,189,39,30
10616,25,54,13,35,29,22
10617,44,71,7,27,27,20
10618,39,64,87,106,25,19
10619,49,75,169,189,26,20
10620,61,82,257,273,21,16
10621,71,110,300,328,39,28
10622,154,176,106,123,22,17
10623,182,217,18,45,35,27
10624,181,205,181,199,24,18
10625,173,217,239,272,44,33
10626,123,159,178,205,36,27
10627,71,95,36,54,24,18
10628,122,150,26,47,28,21
10629,161,181,52,66,20,14
10630,111,144,199,224,33,25
10631,74,100,266,285,26,19
10632,63,99,298,325,36,27
10633,71,112,71,102,41,31
10634,76,112,111,138,36,27
10635,34,69,199,225,35,26
10636,40,76,227,253,36,26
10637,164,199,224,251,35,27
10638,177,203,155,174,26,19
10639,108,137,197,219,29,22
10640,131,159,230,251,28,21
10641,57,91,195,220,34,25
10642,53,71,257,270,18,13
10643,66,85,307,322,19,15
10644,75,112,28,56,37,28
10645,127,170,15,47,43,32
10646,83,124,82,112,41,30
10647,158,195,132,161,37,29
10648,137,171,166,192,34,26
10649,32,67,79,106,35,27
10650,110,142,280,304,32,24
10651,88,124,205,233,36,28
10652,88,110,300,317,22,17
10653,142,204,132,178,62,46
10654,105,131,162,181,26,19
10655,38,80,121,152,42,31
10656,44,78,30,56,34,26
10657,35,66,233,256,31,23
10658,83,108,241,260,25,19
10659,208,222,67,77,14,10
10660,174,205,75,98,31,23
10661,142,170,30,50,28,20
10662,123,150,195,215,27,20
10663,44,73,83,104,29,21
10664,69,105,163,190,36,27
10665,80,104,229,247,24,18
10666,75,118,274,306,43,32
10667,147,174,258,278,27,20
10668,176,209,162,187,33,25
10669,195,228,243,268,33,25
10670,114,143,113,135,29,22
10671,115,138,151,169,23,18
10672,173,206,184,209,33,25
10673,55,80,97,116,25,19
10674,47,77,162,185,30,23
10675,58,90,250,274,32,24
10676,143,184,267,297,41,30
10677,147,183,15,42,36,27
10678,49,73,20,38,24,18
10679,121,149,124,145,28,21
10680,188,222,112,138,34,26
10681,55,88,314,338,33,24
10682,36,66,193,216,30,23
10683,44,73,50,72,29,22
10684,34,58,122,141,24,19
10685,142,173,9,32,31,23
10686,97,122,21,40,25,19
10687,85,117,64,88,32,24
10688,56,88,146,170,32,24
10689,64,98,194,219,34,25
10690,58,95,246,274,37,28
10691,76,117,278,310,41,32
10692,206,229,326,343,23,17
10693,111,161,216,253,50,37
10694,39,61,88,105,22,17
10695,32,50,227,241,18,14
10696,35,57,291,307,22,16
10697,198,230,72,96,32,24
10698,146,159,63,73,13,10
10699,117,149,75,99,32,24
10700,132,155,111,128,23,17
10701,86,118,298,322,32,24
10702,117,147,215,238,30,23
10703,81,107,242,261,26,19
10704,85,115,198,221,30,23
10705,99,131,142,165,32,23
10706,61,95,122,147,34,25
10707,51,90,49,78,39,29
10708,78,101,7,25,23,18
10709,42,68,271,291,26,20
10710,172,212,242,271,40,29
10711,173,203,320,342,30,22
10712,152,184,124,148,32,24
10713,98,120,96,113,22,17
10714,42,63,284,300,21,16
10715,58,88,317,340,30,23
10716,54,71,155,167,17,12
10717,31,51,100,115,20,15
10718,57,83,45,64,26,19
10719,85,114,4,26,29,22
10720,98,117,34,49,19,15
10721,182,215,7,32,33,25
10722,166,203,41,69,37,28
10723,28,54,17,37,26,20
10724,53,76,219,236,23,17
10725,63,88,245,264,25,19
10726,65,88,116,133,23,17
10727,53,80,172,193,27,21
10728,68,100,39,63,32,24
10729,80,122,69,100,42,31
10730,167,218,24,62,51,38
10731,137,179,86,118,42,32
10732,152,203,136,174,51,38
10733,39,91,242,281,52,39
10734,63,102,294,324,39,30
10735,114,144,316,339,30,23
10736,107,132,294,314,25,20
10737,106,129,320,337,23,17
10738,90,117,246,266,27,20
10739,80,105,198,216,25,18
10740,152,200,185,221,48,36
10741,124,163,22,51,39,29
10742,66,107,29,60,41,31
10743,83,137,83,124,54,41
10744,143,183,132,161,40,29
10745,179,212,81,105,33,24
10746,156,194,254,283,38,29
10747,61,95,308,333,34,25
10748,36,58,195,212,22,17
10749,29,71,238,269,42,31
10750,30,67,113,141,37,28
10751,97,135,142,171,38,29
10752,108,146,208,236,38,28
10753,164,196,97,121,32,24
10754,190,222,57,80,32,23
10755,151,190,316,346,39,30
10756,171,212,186,216,41,30
10757,73,120,79,114,47,35
10758,44,72,180,201,28,21
10759,29,57,246,267,28,21
10760,32,59,277,297,27,20
10761,34,51,312,325,17,13
10762,87,129,11,42,42,31
10763,60,93,302,326,33,24
10764,58,87,11,33,29,22
10765,105,139,287,312,34,25
10766,72,98,236,255,26,19
10767,71,96,129,148,25,19
10768,85,110,48,67,25,19
10769,132,166,14,40,34,26
10770,154,182,56,77,28,21
10771,166,194,103,123,28,20
10772,162,190,137,158,28,21
10773,166,204,197,225,38,28
10774,49,99,157,194,50,37
10775,34,79,32,66,45,34
10776,135,166,164,187,31,23
10777,77,97,128,143,20,15
10778,98,135,154,183,37,29
10779,190,212,129,146,22,17
10780,182,210,180,201,28,21
10781,91,122,224,247,31,23
10782,93,136,256,289,43,33
10783,35,63,203,224,28,21
10784,32,60,239,260,28,21
10785,45,68,61,78,23,17
10786,95,139,41,74,44,33
10787,42,71,109,131,29,22
10788,49,73,302,320,24,18
10789,78,112,117,142,34,25
10790,127,153,72,92,26,20
10791,187,214,40,61,27,21
10792,151,176,197,216,25,19
10793,117,154,220,249,37,29
10794,36,64,219,240,28,21
10795,156,177,291,306,21,15
10796,146,186,310,340,40,30
10797,168,208,129,158,40,29
10798,44,73,161,184,29,23
10799,31,50,111,125,19,14
10800,18,40,249,265,22,16
10801,34,58,311,329,24,18
10802,94,142,1,37,48,36
10803,98,124,77,96,26,19
10804,68,100,92,117,32,25
10805,59,76,177,189,17,12
10806,45,64,213,227,19,14
10807,87,117,205,228,30,23
10808,150,186,102,129,36,27
10809,197,232,68,94,35,26
10810,176,200,223,241,24,18
10811,142,173,81,104,31,23
10812,133,178,163,197,45,34
10813,94,127,98,123,33,25
10814,71,102,44,67,31,23
10815,178,209,257,281,31,24
10816,102,142,286,316,40,30
10817,62,103,246,277,41,31
10818,12,41,172,194,29,22
10819,29,51,248,265,22,17
10820,20,46,117,136,26,19
10821,21,62,47,78,41,31
10822,161,193,128,151,32,23
10823,98,123,134,152,25,18
10824,149,197,42,79,48,37
10825,127,149,250,267,22,17
10826,129,154,277,296,25,19
10827,84,117,215,240,33,25
10828,60,99,161,190,39,29
10829,44,78,109,135,34,26
10830,33,73,22,51,40,29
10831,68,101,71,96,33,25
10832,52,90,277,305,38,28
10833,57,84,240,260,27,20
10834,104,144,313,343,40,30
10835,166,209,217,249,43,32
10836,86,144,124,168,58,44
10837,69,108,193,222,39,29
10838,80,102,42,59,22,17
10839,40,68,62,83,28,21
10840,36,65,96,117,29,21
10841,32,65,158,183,33,25
10842,134,162,4,25,28,21
10843,161,204,196,229,43,33
10844,195,226,73,96,31,23
10845,103,136,58,83,33,25
10846,142,168,9,29,26,20
10847,66,107,108,138,41,30
10848,54,87,213,238,33,25
10849,31,74,247,280,43,33
10850,46,77,157,180,31,23
10851,105,148,165,197,43,32
10852,120,168,214,250,48,36
10853,161,195,121,147,34,26
10854,31,65,50,75,34,25
10855,54,94,7,37,40,30
10856,47,93,113,147,46,34
10857,68,106,168,196,38,28
10858,161,200,119,148,39,29
10859,191,210,85,99,19,14
10860,173,196,198,215,23,17
10861,134,166,225,249,32,24
10862,89,112,264,281,23,17
10863,51,84,293,318,33,25
10864,41,85,36,69,44,33
10865,120,160,141,171,40,30
10866,72,102,150,173,30,23
10867,45,83,172,201,38,29
10868,139,164,97,116,25,19
10869,167,208,257,288,41,31
10870,191,222,163,186,31,23
10871,181,212,95,118,31,23
10872,165,195,24,46,30,22
10873,39,76,10,37,37,27
10874,43,70,43,63,27,20
10875,122,152,210,233,30,23
10876,146,167,292,308,21,16
10877,115,128,249,259,13,10
10878,39,54,108,119,15,11
10879,77,90,85,95,13,10
10880,103,142,162,191,39,29
10881,114,129,212,224,15,12
10882,72,90,254,268,18,14
10883,71,112,278,309,41,31
10884,21,42,206,222,21,16
10885,58,81,200,218,23,18
10886,72,91,160,174,19,14
10887,86,103,97,110,17,13
10888,144,172,6,27,28,21
10889,129,154,35,53,25,18
10890,200,226,70,89,26,19
10891,138,156,103,116,18,13
10892,70,100,41,64,30,23
10893,36,76,106,135,40,29
10894,158,191,249,274,33,25
10895,155,190,287,313,35,26
10896,165,203,168,196,38,28
10897,175,217,108,139,42,31
10898,134,156,79,96,22,17
10899,115,146,128,152,31,24
10900,102,139,172,199,37,27
10901,128,144,237,249,16,12
10902,21,57,109,136,36,27
10903,32,46,143,154,14,11
10904,42,67,169,188,25,19
10905,34,78,29,62,44,33
10906,56,85,66,89,29,23
10907,118,140,15,32,22,17
10908,156,182,56,75,26,19
10909,183,207,216,234,24,18
10910,165,201,268,296,36,28
10911,85,116,265,288,31,23
10912,43,69,276,296,26,20
10913,27,55,208,229,28,21
10914,33,54,297,312,21,15
10915,89,124,309,336,35,27
10916,146,180,310,335,34,25
10917,159,200,150,181,41,31
10918,110,138,65,86,28,21
10919,146,182,39,66,36,27
10920,54,92,142,170,38,28
10921,40,71,177,201,31,24
10922,36,63,214,235,27,21
10923,104,132,199,220,28,21
10924,136,167,222,245,31,23
10925,189,216,94,115,27,21
10926,152,188,149,176,36,27
10927,188,210,236,253,22,17
10928,161,186,275,294,25,19
10929,107,137,297,318,30,21
10930,42,83,60,91,41,31
10931,61,95,15,41,34,26
10932,51,77,104,124,26,20
10933,121,138,149,161,17,12
10934,201,221,280,295,20,15
10935,122,159,17,45,37,28
10936,154,178,87,106,24,19
10937,119,157,114,143,38,29
10938,88,119,74,97,31,23
10939,54,72,96,110,18,14
10940,52,74,178,194,22,16
10941,53,78,225,244,25,19
10942,61,85,264,283,24,19
10943,52,76,27,44,24,17
10944,171,198,151,170,27,19
10945,186,205,51,66,19,15
10946,143,171,188,209,28,21
10947,29,65,140,167,36,27
10948,32,54,59,75,22,16
10949,166,193,165,186,27,21
10950,121,147,217,237,26,20
10951,101,144,251,283,43,32
10952,177,213,252,279,36,27
10953,90,123,141,166,33,25
10954,72,95,189,207,23,18
10955,49,93,44,77,44,33
10956,60,102,93,124,42,31
10957,120,156,35,62,36,27
10958,166,193,35,55,27,20
10959,203,227,61,79,24,18
10960,178,206,106,127,28,21
10961,98,149,306,343,51,37
10962,32,56,178,196,24,18
10963,39,68,259,281,29,22
10964,95,118,64,81,23,17
10965,88,115,109,130,27,21
10966,65,95,132,155,30,23
10967,42,69,100,120,27,20
10968,35,68,199,224,33,25
10969,41,63,257,274,22,17
10970,95,123,265,286,28,21
10971,86,115,304,326,29,22
10972,132,153,182,198,21,16
10973,133,151,145,159,18,14
10974,57,69,51,60,12,9
10975,43,60,5,18,17,13
10976,39,51,67,76,12,9
10977,28,46,149,162,18,13
10978,71,86,231,243,15,12
10979,132,158,6,26,26,20
10980,151,183,202,227,32,25
10981,166,192,261,281,26,20
10982,108,129,131,147,21,16
10983,111,137,181,200,26,19
10984,51,73,176,193,22,17
10985,29,60,280,303,31,23
10986,154,177,99,117,23,18
10987,181,207,52,72,26,20
10988,132,165,322,346,33,24
10989,27,58,205,229,31,24
10990,22,53,110,133,31,23
10991,199,225,61,80,26,19
10992,156,181,34,53,25,19
10993,177,198,108,124,21,16
10994,161,188,149,169,27,20
10995,148,169,204,220,21,16
10996,107,129,230,246,22,16
10997,77,107,184,207,30,23
10998,58,92,74,99,34,25
10999,57,85,132,153,28,21
11000,42,64,194,211,22,17
11001,37,80,234,266,43,32
11002,83,118,280,307,35,27
11003,127,165,247,276,38,29
11004,192,217,212,231,25,19
11005,188,212,281,299,24,18
11006,195,217,152,168,22,16
11007,98,124,141,161,26,20
11008,137,170,306,330,33,24
11009,98,132,110,135,34,25
11010,186,215,108,131,29,23
11011,149,176,180,201,27,21
11012,78,109,202,225,31,23
11013,90,118,171,192,28,21
11014,34,56,144,160,22,16
11015,39,69,46,69,30,23
11016,82,108,44,63,26,19
11017,105,131,72,91,26,19
11018,161,194,48,72,33,24
11019,58,71,108,118,13,10
11020,14,28,65,76,14,11
11021,22,41,85,99,19,14
11022,24,45,220,236,21,16
11023,45,66,276,292,21,16
11024,72,93,291,307,21,16
11025,94,127,258,283,33,25
11026,160,194,288,313,34,25
11027,188,212,225,243,24,18
11028,190,223,326,350,33,24
11029,135,171,132,158,36,26
11030,152,195,166,198,43,32
11031,68,92,166,184,24,18
11032,54,80,233,252,26,19
11033,56,96,284,314,40,30
11034,135,167,256,280,32,24
11035,23,39,124,136,16,12
11036,19,44,53,71,25,18
11037,53,78,35,55,25,20
11038,97,115,61,74,18,13
11039,117,156,77,106,39,29
11040,176,204,51,72,28,21
11041,184,208,18,36,24,18
11042,158,173,39,50,15,11
11043,121,153,2,26,32,24
11044,72,99,7,27,27,20
11045,26,48,180,197,22,17
11046,20,42,256,272,22,16
11047,113,149,201,227,36,26
11048,156,194,310,339,38,29
11049,200,221,248,264,21,16
11050,115,140,29,47,25,18
11051,183,220,45,73,37,28
11052,193,218,82,100,25,18
11053,129,156,115,135,27,20
11054,52,90,123,151,38,28
11055,60,78,183,197,18,14
11056,56,87,244,267,31,23
11057,54,91,288,316,37,28
11058,127,151,244,263,24,19
11059,188,221,254,279,33,25
11060,187,217,193,216,30,23
11061,147,164,181,194,17,13
11062,101,127,144,163,26,19
11063,47,79,56,80,32,24
11064,54,83,15,38,29,23
11065,25,51,99,118,26,19
11066,24,39,175,187,15,12
11067,146,172,300,319,26,19
11068,117,139,315,331,22,16
11069,85,115,203,226,30,23
11070,124,148,247,264,24,17
11071,102,121,15,29,19,14
11072,73,108,58,84,35,26
11073,76,91,167,179,15,12
11074,103,134,198,221,31,23
11075,183,217,140,166,34,26
11076,38,66,114,136,28,22
11077,125,165,107,137,40,30
11078,164,198,29,55,34,26
11079,158,188,252,275,30,23
11080,114,139,290,309,25,19
11081,46,93,230,264,47,34
11082,39,78,273,302,39,29
11083,23,50,178,198,27,20
11084,102,127,258,277,25,19
11085,127,159,161,185,32,24
11086,99,127,97,119,28,22
11087,127,159,62,86,32,24
11088,39,66,119,139,27,20
11089,29,50,168,184,21,16
11090,36,58,253,269,22,16
11091,71,100,302,323,29,21
11092,126,167,303,334,41,31
11093,176,200,331,349,24,18
11094,44,58,41,52,14,11
11095,66,83,101,114,17,13
11096,71,90,15,29,19,14
11097,47,71,56,74,24,18
11098,45,61,80,92,16,12
11099,27,49,110,127,22,17
11100,26,49,159,176,23,17
11101,54,80,212,231,26,19
11102,24,64,276,306,40,30
11103,127,151,188,206,24,18
11104,142,172,231,254,30,23
11105,155,186,305,327,31,22
11106,169,191,113,130,22,17
11107,149,186,55,83,37,28
11108,174,216,3,34,42,31
11109,181,215,161,186,34,25
11110,66,88,119,135,22,16
11111,30,52,20,37,22,17
11112,22,51,220,242,29,22
11113,76,98,101,118,22,17
11114,51,74,162,179,23,17
11115,48,88,198,227,40,29
11116,113,143,201,223,30,22
11117,136,167,234,257,31,23
11118,163,188,307,326,25,19
11119,181,218,54,82,37,28
11120,79,118,37,66,39,29
11121,37,50,44,54,13,10
11122,34,64,119,142,30,23
11123,136,181,93,127,45,34
11124,93,131,42,71,38,29
11125,46,64,190,203,18,13
11126,52,90,203,231,38,28
11127,65,100,231,257,35,26
11128,55,90,302,328,35,26
11129,159,193,302,327,34,25
11130,157,198,84,115,41,31
11131,192,225,133,158,33,25
11132,98,145,112,147,47,35
11133,55,85,113,136,30,23
11134,34,65,35,59,31,24
11135,103,132,161,182,29,21
11136,102,146,223,256,44,33
11137,168,188,273,288,20,15
11138,165,205,173,203,40,30
11139,17,54,55,82,37,27
11140,22,49,122,142,27,20
11141,33,78,161,194,45,33
11142,91,123,17,41,32,24
11143,161,220,8,52,59,44
11144,80,110,107,130,30,23
11145,88,136,29,64,48,35
11146,174,220,53,88,46,35
11147,149,175,124,144,26,20
11148,148,193,163,197,45,34
11149,103,123,187,201,20,14
11150,54,78,201,220,24,19
11151,33,73,222,252,40,30
11152,32,63,118,142,31,24
11153,34,50,31,43,16,12
11154,164,209,259,293,45,34
11155,30,54,262,280,24,18
11156,27,48,172,188,21,16
11157,28,58,312,335,30,23
11158,102,132,223,246,30,23
11159,105,135,139,161,30,22
11160,132,161,7,29,29,22
11161,159,186,69,89,27,20
11162,156,195,164,193,39,29
11163,25,63,284,312,38,28
11164,51,75,242,260,24,18
11165,39,82,196,228,43,32
11166,38,79,148,179,41,31
11167,120,142,250,266,22,16
11168,100,129,277,299,29,22
11169,173,213,290,320,40,30
11170,159,212,211,251,53,40
11171,33,61,85,107,28,22
11172,27,44,14,27,17,13
11173,83,113,88,111,30,23
11174,65,91,327,347,26,20
11175,133,164,60,83,31,23
11176,150,174,117,135,24,18
11177,195,232,51,79,37,28
11178,23,56,31,56,33,25
11179,45,65,107,122,20,15
11180,49,74,168,186,25,18
11181,52,83,259,282,31,23
11182,68,94,314,334,26,20
11183,36,71,201,228,35,27
11184,137,171,205,231,34,26
11185,159,202,259,291,43,32
11186,181,219,315,344,38,29
11187,71,123,252,291,52,39
11188,152,177,309,327,25,18
11189,154,182,199,220,28,21
11190,154,197,118,150,43,32
11191,61,96,62,88,35,26
11192,89,133,23,56,44,33
11193,92,130,133,162,38,29
11194,113,136,199,216,23,17
11195,47,69,282,298,22,16
11196,78,92,310,320,14,10
11197,55,77,191,207,22,16
11198,60,94,209,234,34,25
11199,187,215,44,65,28,21
11200,135,159,33,51,24,18
11201,107,136,99,120,29,21
11202,61,90,72,93,29,21
11203,79,104,191,210,25,19
11204,78,108,215,237,30,22
11205,84,111,283,303,27,20
11206,139,170,250,273,31,23
11207,147,182,179,206,35,27
11208,168,198,121,143,30,22
11209,161,192,48,72,31,24
11210,57,78,13,29,21,16
11211,24,56,102,127,32,25
11212,64,95,136,160,31,24
11213,64,85,319,335,21,16
11214,106,118,255,264,12,9
11215,123,135,283,292,12,9
11216,120,132,143,152,12,9
11217,132,142,165,172,10,7
11218,105,115,161,168,10,7
11219,44,59,186,197,15,11
11220,78,102,61,80,24,19
11221,105,122,28,41,17,13
11222,112,132,119,134,20,15
11223,156,175,159,172,19,13
11224,189,217,105,126,28,21
11225,205,222,58,70,17,12
11226,76,102,195,215,26,20
11227,61,87,278,297,26,19
11228,76,100,311,329,24,18
11229,119,146,307,328,27,21
11230,34,56,130,146,22,16
11231,36,61,12,30,25,18
11232,27,46,42,57,19,15
11233,24,41,80,92,17,12
11234,32,54,190,207,22,17
11235,46,71,224,243,25,19
11236,92,115,260,278,23,18
11237,184,210,220,239,26,19
11238,193,217,280,299,24,19
11239,121,156,218,244,35,26
11240,137,170,110,135,33,25
11241,122,183,131,176,61,45
11242,114,127,96,106,13,10
11243,168,210,38,69,42,31
11244,35,44,237,244,9,7
11245,33,55,147,163,22,16
11246,3,41,57,85,38,28
11247,8,32,134,152,24,18
11248,79,99,184,199,20,15
11249,39,61,300,317,22,17
11250,144,190,144,178,46,34
11251,147,200,87,127,53,40
11252,156,200,28,61,44,33
11253,76,123,90,125,47,35
11254,116,149,198,223,33,25
11255,66,76,235,242,10,7
11256,48,55,237,243,7,6
11257,46,63,253,266,17,13
11258,21,34,237,246,13,9
11259,5,36,122,145,31,23
11260,8,46,21,49,38,28
11261,34,58,293,311,24,18
11262,5,28,307,325,23,18
11263,95,141,304,338,46,34
11264,49,96,224,260,47,36
11265,122,185,246,293,63,47
11266,132,178,52,86,46,34
11267,25,41,222,234,16,12
11268,43,59,308,321,16,13
11269,60,85,160,179,25,19
11270,45,71,39,59,26,20
11271,45,75,102,124,30,22
11272,110,135,46,65,25,19
11273,173,199,153,173,26,20
11274,144,173,242,264,29,22
11275,18,39,84,99,21,15
11276,17,38,17,33,21,16
11277,166,194,12,33,28,21
11278,193,222,286,308,29,22
11279,118,196,238,297,78,59
11280,80,90,227,235,10,8
11281,85,97,206,215,12,9
11282,85,102,11,24,17,13
11283,76,88,5,14,12,9
11284,83,100,36,48,17,12
11285,114,140,14,34,26,20
11286,195,212,22,34,17,12
11287,5,34,51,73,29,22
11288,12,36,173,192,24,19
11289,14,29,255,266,15,11
11290,41,70,320,341,29,21
11291,84,100,314,326,16,12
11292,79,97,289,302,18,13
11293,132,159,196,216,27,20
11294,54,85,284,308,31,24
11295,60,78,225,239,18,14
11296,48,88,43,74,40,31
11297,137,176,22,51,39,29
11298,5,27,160,176,22,16
11299,65,102,6,33,37,27
11300,53,121,154,205,68,51
11301,148,184,139,166,36,27
11302,190,230,77,107,40,30
11303,106,130,88,106,24,18
11304,38,66,312,333,28,21
11305,120,144,146,164,24,18
11306,151,176,95,113,25,18
11307,57,73,115,128,16,13
11308,65,86,161,177,21,16
11309,102,152,175,213,50,38
11310,148,208,220,266,60,46
11311,25,54,69,91,29,22
11312,54,97,17,50,43,33
11313,41,88,281,316,47,35
11314,27,39,12,21,12,9
11315,32,51,36,50,19,14
11316,109,145,303,330,36,27
11317,93,127,81,106,34,25
11318,76,121,135,169,45,34
11319,95,144,184,221,49,37
11320,7,24,167,179,17,12
11321,12,26,193,203,14,10
11322,17,36,227,242,19,15
11323,24,58,252,277,34,25
11324,102,154,35,74,52,39
11325,164,213,136,173,49,37
11326,128,162,207,233,34,26
11327,172,214,111,142,42,31
11328,46,74,257,278,28,21
11329,57,73,222,234,16,12
11330,76,82,254,259,6,5
11331,49,59,113,120,10,7
11332,62,74,42,51,12,9
11333,74,84,37,44,10,7
11334,67,83,96,108,16,12
11335,83,107,40,58,24,18
11336,27,47,184,199,20,15
11337,34,55,264,279,21,15
11338,30,48,223,236,18,13
11339,144,176,66,90,32,24
11340,173,205,212,235,32,23
11341,154,183,138,160,29,22
11342,151,185,278,304,34,26
11343,66,92,190,209,26,19
11344,62,95,129,154,33,25
11345,127,152,184,203,25,19
11346,36,63,252,272,27,20
11347,107,124,26,39,17,13
11348,90,122,44,68,32,24
11349,51,70,11,26,19,15
11350,17,35,157,170,18,13
11351,14,29,191,203,15,12
11352,157,172,234,246,15,12
11353,161,193,145,169,32,24
11354,27,49,210,226,22,16
11355,49,66,186,199,17,13
11356,137,165,73,94,28,21
11357,75,104,121,142,29,21
11358,56,76,223,238,20,15
11359,97,124,173,193,27,20
11360,157,186,104,125,29,21
11361,123,161,7,36,38,29
11362,103,129,45,64,26,19
11363,58,81,280,297,23,17
11364,142,164,322,337,22,15
11365,101,131,221,243,30,22
11366,147,170,159,176,23,17
11367,36,59,256,273,23,17
11368,49,68,203,216,19,13
11369,44,54,164,170,10,6
11370,66,80,63,74,14,11
11371,85,115,8,31,30,23
11372,134,167,71,95,33,24
11373,83,122,309,338,39,29
11374,122,159,316,343,37,27
11375,12,28,258,270,16,12
11376,27,31,244,247,4,3
11377,58,68,199,207,10,8
11378,61,73,192,202,12,10
11379,76,95,141,156,19,15
11380,115,140,64,83,25,19
11381,129,150,28,44,21,16
11382,153,180,6,27,27,21
11383,10,29,194,208,19,14
11384,9,23,124,135,14,11
11385,11,43,59,83,32,24
11386,42,62,41,56,20,15
11387,52,76,6,24,24,18
11388,101,146,98,131,45,33
11389,3,33,68,90,30,22
11390,3,40,232,260,37,28
11391,58,84,235,255,26,20
11392,128,182,257,298,54,41
11393,181,227,194,228,46,34
11394,21,39,204,218,18,14
11395,99,154,315,357,55,42
11396,58,78,27,42,20,15
11397,106,138,78,102,32,24
11398,2,44,147,178,42,31
11399,8,38,113,136,30,23
11400,10,34,50,68,24,18
11401,39,58,78,93,19,15
11402,26,45,18,32,19,14
11403,17,48,323,346,31,23
11404,122,153,261,284,31,23
11405,162,204,172,203,42,31
11406,55,87,25,49,32,24
11407,138,183,17,51,45,34
11408,62,95,187,212,33,25
11409,107,153,267,301,46,34
11410,4,29,177,195,25,18
11411,6,38,247,271,32,24
11412,56,95,127,156,39,29
11413,91,131,65,95,40,30
11414,110,137,115,135,27,20
11415,159,193,187,212,34,25
11416,185,225,259,288,40,29
11417,85,154,156,207,69,51
11418,29,54,254,273,25,19
11419,57,90,222,247,33,25
11420,165,212,112,148,47,36
11421,189,230,74,105,41,31
11422,5,37,92,116,32,24
11423,9,37,224,245,28,21
11424,19,57,311,339,38,28
11425,2,41,212,242,39,30
11426,5,26,169,185,21,16
11427,7,29,122,139,22,17
11428,40,68,156,177,28,21
11429,39,63,41,59,24,18
11430,39,66,94,115,27,21
11431,139,186,156,191,47,35
11432,161,199,21,50,38,29
11433,42,49,175,180,7,5
11434,47,55,238,244,8,6
11435,44,56,212,221,12,9
11436,31,37,190,195,6,5
11437,7,21,177,188,14,11
11438,11,27,243,254,16,11
11439,107,158,88,126,51,38
11440,19,60,152,183,41,31
11441,22,46,200,218,24,18
11442,50,71,190,205,21,15
11443,34,46,225,234,12,9
11444,39,53,251,261,14,10
11445,61,89,224,246,28,22
11446,113,146,296,321,33,25
11447,88,110,268,285,22,17
11448,78,102,118,136,24,18
11449,137,165,10,31,28,21
11450,117,157,16,46,40,30
11451,168,197,53,75,29,22
11452,102,123,308,324,21,16
11453,112,135,336,353,23,17
11454,109,138,115,137,29,22
11455,97,109,156,165,12,9
11456,83,95,162,172,12,10
11457,73,87,174,184,14,10
11458,112,142,115,138,30,23
11459,110,136,127,146,26,19
11460,110,127,139,152,17,13
11461,124,148,186,204,24,18
11462,68,95,293,314,27,21
11463,56,63,278,283,7,5
11464,60,66,265,269,6,4
11465,56,59,260,262,3,2
11466,58,71,227,236,13,9
11467,90,108,131,145,18,14
11468,85,95,204,211,10,7
11469,60,78,212,225,18,13
11470,95,120,341,360,25,19
11471,95,138,314,346,43,32
11472,122,147,282,301,25,19
11473,144,164,70,84,20,14
11474,4,18,159,169,14,10
11475,10,19,227,234,9,7
11476,81,112,317,341,31,24
11477,88,114,289,308,26,19
11478,12,32,211,226,20,15
11479,15,32,155,167,17,12
11480,7,24,117,130,17,13
11481,13,56,5,38,43,33
11482,48,79,36,59,31,23
11483,115,135,211,226,20,15
11484,116,140,242,260,24,18
11485,149,182,260,285,33,25
11486,200,226,233,253,26,20
11487,145,169,34,53,24,19
11488,173,208,7,33,35,26
11489,46,71,156,174,25,18
11490,21,44,270,287,23,17
11491,35,61,331,350,26,19
11492,58,77,49,63,19,14
11493,79,121,9,40,42,31
11494,148,167,8,22,19,14
11495,75,103,211,232,28,21
11496,71,109,117,146,38,29
11497,54,89,40,66,35,26
11498,115,142,16,36,27,20
11499,70,124,183,224,54,41
11500,117,163,137,171,46,34
11501,32,58,118,138,26,20
11502,109,146,259,287,37,28
11503,149,193,298,330,44,32
11504,175,205,203,226,30,23
11505,181,215,109,134,34,25
11506,131,162,88,111,31,23
11507,52,89,308,336,37,28
11508,75,93,279,293,18,14
11509,47,63,265,277,16,12
11510,81,104,170,187,23,17
11511,108,132,309,326,24,17
11512,134,158,265,282,24,17
11513,132,164,191,215,32,24
11514,164,200,158,185,36,27
11515,112,135,291,308,23,17
11516,71,88,149,161,17,12
11517,68,76,136,141,8,5
11518,50,71,108,124,21,16
11519,67,83,80,91,16,11
11520,82,98,56,68,16,12
11521,44,54,89,97,10,8
11522,43,61,34,47,18,13
11523,61,97,2,29,36,27
11524,97,139,31,63,42,32
11525,178,230,76,115,52,39
11526,113,127,78,88,14,10
11527,27,40,87,97,13,10
11528,46,63,43,55,17,12
11529,71,87,13,25,16,12
11530,129,163,17,42,34,25
11531,163,178,27,39,15,12
11532,202,221,48,63,19,15
11533,146,166,140,155,20,15
11534,176,208,224,248,32,24
11535,186,212,148,168,26,20
11536,66,80,149,159,14,10
11537,168,216,114,150,48,36
11538,151,215,70,118,64,48
11539,54,64,153,161,10,8
11540,40,49,182,188,9,6
11541,42,54,217,226,12,9
11542,29,39,205,213,10,8
11543,30,40,169,176,10,7
11544,39,44,145,148,5,3
11545,130,155,97,115,25,18
11546,106,144,159,187,38,28
11547,160,180,96,111,20,15
11548,165,186,142,157,21,15
11549,68,95,190,210,27,20
11550,49,63,252,263,14,11
11551,42,58,211,223,16,12
11552,61,85,297,315,24,18
11553,6,19,185,195,13,10
11554,11,30,137,151,19,14
11555,27,59,87,111,32,24
11556,90,102,333,342,12,9
11557,80,93,301,310,13,9
11558,78,95,275,288,17,13
11559,73,88,253,263,15,10
11560,72,88,263,274,16,11
11561,68,80,229,238,12,9
11562,63,77,200,210,14,10
11563,67,76,185,192,9,7
11564,75,85,151,159,10,8
11565,71,83,118,128,12,10
11566,142,169,113,133,27,20
11567,93,143,116,154,50,38
11568,161,212,63,101,51,38
11569,87,120,226,251,33,25
11570,39,51,149,159,12,10
11571,55,72,123,136,17,13
11572,63,95,83,107,32,24
11573,110,148,64,92,38,28
11574,149,175,212,231,26,19
11575,52,86,327,353,34,26
11576,104,127,320,337,23,17
11577,81,110,186,208,29,22
11578,50,74,113,131,24,18
11579,76,97,85,100,21,15
11580,97,124,175,195,27,20
11581,151,181,126,149,30,23
11582,79,100,243,259,21,16
11583,63,89,228,247,26,19
11584,51,76,239,257,25,18
11585,68,91,25,43,23,18
11586,35,65,56,79,30,23
11587,30,48,23,36,18,13
11588,44,49,43,47,5,4
11589,32,56,94,112,24,18
11590,41,66,119,137,25,18
11591,78,109,91,114,31,23
11592,149,192,5,38,43,33
11593,132,165,5,30,33,25
11594,29,54,187,206,25,19
11595,24,36,99,108,12,9
11596,6,44,55,83,38,28
11597,14,44,18,40,30,22
11598,44,64,1,15,20,14
11599,57,72,20,31,15,11
11600,47,71,46,64,24,18
11601,24,56,258,282,32,24
11602,22,36,244,255,14,11
11603,10,24,234,246,14,12
11604,2,22,222,237,20,15
11605,2,36,156,182,34,26
11606,98,121,296,313,23,17
11607,71,80,256,263,9,7
11608,50,77,212,232,27,20
11609,80,99,321,335,19,14
11610,124,149,184,203,25,19
11611,162,197,93,119,35,26
11612,186,214,178,199,28,21
11613,151,190,283,312,39,29
11614,60,68,122,128,8,6
11615,136,156,275,289,20,14
11616,153,176,216,233,23,17
11617,173,207,166,191,34,25
11618,88,115,202,222,27,20
11619,100,124,161,180,24,19
11620,34,69,111,138,35,27
11621,7,49,16,47,42,31
11622,77,108,293,316,31,23
11623,27,54,294,314,27,20
11624,161,193,215,239,32,24
11625,98,141,164,196,43,32
11626,61,68,116,120,7,4
11627,58,74,83,95,16,12
11628,74,96,80,96,22,16
11629,9,29,8,23,20,15
11630,37,45,62,68,8,6
11631,50,52,95,97,2,2
11632,52,58,114,119,6,5
11633,71,89,29,43,18,14
11634,57,98,65,95,41,30
11635,9,30,114,130,21,16
11636,2,22,160,174,20,14
11637,12,37,217,236,25,19
11638,11,32,274,289,21,15
11639,30,55,300,318,25,18
11640,49,72,327,344,23,17
11641,46,61,146,157,15,11
11642,41,66,162,180,25,18
11643,82,97,73,84,15,11
11644,81,103,98,114,22,16
11645,82,105,114,132,23,18
11646,81,100,136,150,19,14
11647,107,124,92,105,17,13
11648,104,117,58,68,13,10
11649,112,135,20,37,23,17
11650,127,156,310,331,29,21
11651,89,117,264,285,28,21
11652,52,61,207,214,9,7
11653,46,50,238,242,4,4
11654,55,66,187,195,11,8
11655,124,137,131,142,13,11
11656,66,95,116,137,29,21
11657,90,110,97,111,20,14
11658,133,157,158,176,24,18
11659,156,198,95,127,42,32
11660,163,207,287,320,44,33
11661,24,52,257,278,28,21
11662,32,50,215,228,18,13
11663,6,28,105,121,22,16
11664,14,39,57,76,25,19
11665,38,62,103,121,24,18
11666,88,113,68,87,25,19
11667,51,76,56,75,25,19
11668,78,115,81,108,37,27
11669,67,97,220,242,30,22
11670,106,130,286,304,24,18
11671,130,151,313,329,21,16
11672,175,205,163,186,30,23
11673,189,222,86,111,33,25
11674,24,32,73,78,8,5
11675,31,44,64,73,13,9
11676,33,41,44,50,8,6
11677,41,56,47,58,15,11
11678,29,41,225,234,12,9
11679,29,62,305,330,33,25
11680,1,29,144,165,28,21
11681,2,22,51,66,20,15
11682,112,137,175,194,25,19
11683,100,138,150,178,38,28
11684,76,85,192,199,9,7
11685,101,124,211,229,23,18
11686,175,220,176,209,45,33
11687,159,189,127,149,30,22
11688,108,151,258,290,43,32
11689,66,79,284,294,13,10
11690,67,85,220,233,18,13
11691,62,77,239,250,15,11
11692,49,56,219,223,7,4
11693,58,86,125,145,28,20
11694,49,83,57,83,34,26
11695,61,93,25,49,32,24
11696,5,16,50,58,11,8
11697,7,23,91,104,16,13
11698,7,23,143,154,16,11
11699,13,34,248,264,21,16
11700,120,152,119,143,32,24
11701,168,225,183,226,57,43
11702,15,33,107,120,18,13
11703,7,29,75,91,22,16
11704,7,49,31,63,42,32
11705,12,32,205,220,20,15
11706,14,32,250,264,18,14
11707,36,61,276,294,25,18
11708,46,70,199,217,24,18
11709,5,25,187,202,20,15
11710,6,15,129,136,9,7
11711,6,12,154,159,6,5
11712,9,26,278,291,17,13
11713,63,78,143,154,15,11
11714,82,100,91,105,18,14
11715,110,127,67,80,17,13
11716,94,110,85,97,16,12
11717,85,93,93,98,8,5
11718,76,83,94,100,7,6
11719,70,75,96,99,5,3
11720,62,67,99,103,5,4
11721,73,92,49,63,19,14
11722,124,151,18,38,27,20
11723,169,201,60,84,32,24
11724,204,224,30,45,20,15
11725,104,120,117,129,16,12
11726,66,84,144,158,18,14
11727,105,132,200,220,27,20
11728,126,167,242,273,41,31
11729,153,215,286,333,62,47
11730,189,222,204,228,33,24
11731,32,49,120,133,17,13
11732,17,34,192,205,17,13
11733,26,73,298,334,47,36
11734,78,102,73,92,24,19
11735,117,152,87,113,35,26
11736,151,195,122,154,44,32
11737,200,233,74,99,33,25
11738,31,45,87,98,14,11
11739,38,45,69,74,7,5
11740,40,49,48,55,9,7
11741,61,98,304,331,37,27
11742,125,151,106,125,26,19
11743,146,183,70,97,37,27
11744,62,78,278,290,16,12
11745,67,80,214,224,13,10
11746,120,137,200,213,17,13
11747,115,147,324,348,32,24
11748,147,175,172,193,28,21
11749,113,135,168,184,22,16
11750,122,161,68,97,39,29
11751,137,179,59,91,42,32
11752,137,170,255,280,33,25
11753,141,186,269,303,45,34
11754,181,211,203,225,30,22
11755,148,177,123,145,29,22
11756,193,219,124,143,26,19
11757,7,21,40,50,14,10
11758,10,46,203,231,36,28
11759,48,77,267,289,29,22
11760,95,123,299,319,28,20
11761,48,75,150,171,27,21
11762,75,98,123,141,23,18
11763,96,132,92,119,36,27
11764,137,193,188,230,56,42
11765,133,193,281,327,60,46
11766,181,223,123,155,42,32
11767,2,27,158,176,25,18
11768,10,44,247,272,34,25
11769,27,65,300,328,38,28
11770,128,161,115,139,33,24
11771,29,37,136,143,8,7
11772,30,37,148,153,7,5
11773,47,64,259,271,17,12
11774,3,28,177,195,25,18
11775,3,18,103,114,15,11
11776,10,27,20,32,17,12
11777,44,56,31,40,12,9
11778,113,169,226,268,56,42
11779,144,208,319,367,64,48
11780,163,217,74,115,54,41
11781,161,196,126,153,35,27
11782,29,42,73,83,13,10
11783,14,26,84,93,12,9
11784,2,12,141,148,10,7
11785,0,19,176,190,19,14
11786,29,49,242,256,20,14
11787,7,38,220,243,31,23
11788,6,19,283,293,13,10
11789,12,22,317,324,10,7
11790,49,73,308,327,24,19
11791,85,118,318,343,33,25
11792,117,153,294,321,36,27
11793,158,190,320,345,32,25
11794,146,186,249,279,40,30
11795,98,117,161,175,19,14
11796,131,148,136,149,17,13
11797,166,215,124,161,49,37
11798,102,116,241,251,14,10
11799,86,98,239,248,12,9
11800,24,71,305,340,47,35
11801,49,100,30,68,51,38
11802,10,29,108,122,19,14
11803,14,24,142,149,10,7
11804,11,35,157,175,24,18
11805,35,46,193,201,11,8
11806,105,124,47,62,19,15
11807,75,97,58,74,22,16
11808,49,60,91,100,11,9
11809,64,72,140,146,8,6
11810,61,68,126,131,7,5
11811,52,61,125,132,9,7
11812,53,66,106,116,13,10
11813,48,57,56,63,9,7
11814,121,148,329,350,27,21
11815,116,132,315,327,16,12
11816,96,120,279,296,24,17
11817,63,88,243,261,25,18
11818,170,173,295,297,3,2
11819,191,203,322,330,12,8
11820,148,180,296,320,32,24
11821,143,176,66,91,33,25
11822,94,110,113,125,16,12
11823,71,85,115,126,14,11
11824,81,93,147,156,12,9
11825,78,95,181,193,17,12
11826,66,74,181,187,8,6
11827,46,52,177,181,6,4
11828,52,58,162,167,6,5
11829,58,69,145,153,11,8
11830,61,70,108,114,9,6
11831,13,22,101,107,9,6
11832,28,37,110,117,9,7
11833,40,55,120,131,15,11
11834,95,111,104,115,16,11
11835,100,120,257,272,20,15
11836,41,62,165,180,21,15
11837,46,52,154,159,6,5
11838,120,136,135,148,16,13
11839,101,118,168,180,17,12
11840,103,112,156,162,9,6
11841,106,125,140,154,19,14
11842,139,169,56,78,30,22
11843,128,146,30,44,18,14
11844,144,164,8,23,20,15
11845,92,100,180,187,8,7
11846,77,84,213,218,7,5
11847,156,220,217,265,64,48
11848,217,231,306,316,14,10
11849,199,238,325,354,39,29
11850,92,144,266,305,52,39
11851,107,149,165,197,42,32
11852,120,196,3,60,76,57
11853,19,36,41,54,17,13
11854,24,39,62,73,15,11
11855,36,82,71,105,46,34
11856,113,141,122,143,28,21
11857,127,154,80,100,27,20
11858,68,82,47,57,14,10
11859,139,170,35,58,31,23
11860,63,85,291,307,22,16
11861,89,127,317,345,38,28
11862,131,155,285,303,24,18
11863,147,181,233,258,34,25
11864,173,220,279,314,47,35
11865,12,37,150,169,25,19
11866,18,55,30,57,37,27
11867,101,129,315,336,28,21
11868,124,158,265,290,34,25
11869,80,112,178,202,32,24
11870,44,62,170,183,18,13
11871,46,68,116,133,22,17
11872,112,144,149,174,32,25
11873,130,176,80,115,46,35
11874,89,112,118,135,23,17
11875,102,124,84,101,22,17
11876,107,193,221,286,86,65
11877,7,36,115,137,29,22
11878,10,53,235,267,43,32
11879,45,76,279,303,31,24
11880,34,48,202,212,14,10
11881,15,30,253,264,15,11
11882,31,41,309,317,10,8
11883,63,80,308,321,17,13
11884,67,94,131,152,27,21
11885,94,121,112,132,27,20
11886,123,182,168,212,59,44
11887,167,206,300,329,39,29
11888,194,221,141,161,27,20
11889,191,214,75,92,23,17
11890,183,213,21,43,30,22
11891,108,126,19,32,18,13
11892,32,46,64,74,14,10
11893,4,16,84,93,12,9
11894,18,29,106,113,11,7
11895,27,41,134,145,14,11
11896,7,16,177,184,9,7
11897,23,33,160,167,10,7
11898,157,168,327,336,11,9
11899,159,194,237,263,35,26
11900,137,149,173,182,12,9
11901,115,132,156,169,17,13
11902,107,130,123,140,23,17
11903,122,147,63,82,25,19
11904,124,167,11,43,43,32
11905,191,227,19,46,36,27
11906,84,95,288,297,11,9
11907,74,89,308,319,15,11
11908,72,83,295,303,11,8
11909,63,80,269,282,17,13
11910,49,63,254,265,14,11
11911,58,68,223,230,10,7
11912,36,46,205,213,10,8
11913,50,61,175,183,11,8
11914,8,23,155,166,15,11
11915,14,39,114,132,25,18
11916,7,32,68,86,25,18
11917,51,77,29,49,26,20
11918,44,53,288,295,9,7
11919,80,122,312,343,42,31
11920,141,169,313,334,28,21
11921,123,147,294,312,24,18
11922,115,134,63,78,19,15
11923,129,173,93,126,44,33
11924,142,180,176,205,38,29
11925,164,195,261,283,31,22
11926,159,208,291,328,49,37
11927,57,78,90,106,21,16
11928,61,80,41,55,19,14
11929,71,90,16,30,19,14
11930,51,53,43,45,2,2
11931,48,53,65,69,5,4
11932,39,55,70,81,16,11
11933,43,48,86,90,5,4
11934,39,46,92,98,7,6
11935,1,51,134,172,50,38
11936,29,52,183,201,23,18
11937,71,93,210,226,22,16
11938,46,83,253,281,37,28
11939,136,153,100,112,17,12
11940,122,138,121,133,16,12
11941,117,127,176,183,10,7
11942,138,151,201,211,13,10
11943,124,139,239,250,15,11
11944,130,158,266,287,28,21
11945,128,138,302,310,10,8
11946,120,132,194,202,12,8
11947,120,133,137,147,13,10
11948,146,163,136,149,17,13
11949,178,193,187,198,15,11
11950,177,198,248,263,21,15
11951,176,186,318,325,10,7
11952,151,162,318,326,11,8
11953,175,218,277,310,43,33
11954,88,101,52,62,13,10
11955,101,125,84,102,24,18
11956,115,153,119,147,38,28
11957,143,159,211,223,16,12
11958,123,169,245,280,46,35
11959,179,209,172,194,30,22
11960,50,62,107,116,12,9
11961,56,78,116,132,22,16
11962,58,76,181,194,18,13
11963,61,73,216,225,12,9
11964,128,139,57,66,11,9
11965,101,112,78,86,11,8
11966,89,98,102,108,9,6
11967,65,69,104,107,4,3
11968,66,88,114,131,22,17
11969,84,144,133,178,60,45
11970,121,151,197,219,30,22
11971,49,60,156,164,11,8
11972,22,35,342,352,13,10
11973,135,172,213,240,37,27
11974,110,168,186,229,58,43
11975,98,120,297,314,22,17
11976,160,205,284,318,45,34
11977,36,56,154,169,20,15
11978,36,55,177,191,19,14
11979,27,41,205,217,14,12
11980,27,46,289,303,19,14
11981,32,52,264,279,20,15
11982,24,35,234,242,11,8
11983,50,67,108,121,17,13
11984,54,81,56,77,27,21
11985,76,107,183,206,31,23
11986,129,174,70,104,45,34
11987,92,112,28,42,20,14
11988,7,43,13,40,36,27
11989,6,36,91,114,30,23
11990,4,34,141,163,30,22
11991,5,20,212,224,15,12
11992,1,32,251,274,31,23
11993,46,54,141,147,8,6
11994,54,66,161,170,12,9
11995,63,71,180,186,8,6
11996,127,182,265,306,55,41
11997,102,134,181,205,32,24
11998,107,124,143,156,17,13
11999,95,107,126,134,12,8
12000,131,149,122,136,18,14
12001,169,219,56,93,50,37
12002,87,115,238,259,28,21
12003,100,145,28,62,45,34
12004,162,187,6,24,25,18
12005,181,220,75,104,39,29
12006,125,163,134,162,38,28
12007,86,125,280,309,39,29
12008,57,88,306,330,31,24
12009,128,170,300,331,42,31
12010,36,70,66,92,34,26
12011,5,49,33,66,44,33
12012,4,29,102,121,25,19
12013,10,58,137,173,48,36
12014,15,30,200,211,15,11
12015,42,61,116,130,19,14
12016,42,48,102,106,6,4
12017,43,53,87,94,10,7
12018,51,66,49,61,15,12
12019,36,71,68,94,35,26
12020,5,27,39,56,22,17
12021,7,26,112,126,19,14
12022,3,34,145,168,31,23
12023,10,30,188,203,20,15
12024,12,35,244,262,23,18
12025,25,51,287,307,26,20
12026,59,83,318,335,24,17
12027,120,154,222,247,34,25
12028,117,142,287,305,25,18
12029,66,88,228,244,22,16
12030,99,129,77,99,30,22
12031,145,201,3,45,56,42
12032,162,187,65,83,25,18
12033,164,200,50,78,36,28
12034,131,170,82,111,39,29
12035,112,124,121,129,12,8
12036,78,98,126,141,20,15
12037,58,75,132,145,17,13
12038,41,62,156,172,21,16
12039,94,123,150,172,29,22
12040,161,193,185,209,32,24
12041,193,217,157,175,24,18
12042,155,185,155,177,30,22
12043,144,156,175,184,12,9
12044,173,208,234,260,35,26
12045,41,90,157,194,49,37
12046,130,149,31,45,19,14
12047,71,110,57,87,39,30
12048,107,150,92,124,43,32
12049,143,190,146,181,47,35
12050,141,154,135,145,13,10
12051,138,166,63,84,28,21
12052,93,111,69,83,18,14
12053,58,82,63,81,24,18
12054,39,46,83,88,7,5
12055,44,56,90,99,12,9
12056,37,44,58,63,7,5
12057,69,99,168,190,30,22
12058,83,108,238,257,25,19
12059,120,156,270,297,36,27
12060,156,218,296,342,62,46
12061,185,216,122,145,31,23
12062,100,124,105,124,24,19
12063,76,120,180,214,44,34
12064,94,135,110,141,41,31
12065,56,72,87,99,16,12
12066,26,44,97,110,18,13
12067,9,17,103,109,8,6
12068,3,21,131,144,18,13
12069,10,20,154,162,10,8
12070,19,29,183,191,10,8
12071,100,134,83,108,34,25
12072,117,135,133,147,18,14
12073,161,189,95,116,28,21
12074,176,203,151,172,27,21
12075,89,121,217,241,32,24
12076,81,98,185,198,17,13
12077,68,82,152,162,14,10
12078,34,48,119,129,14,10
12079,42,50,85,91,8,6
12080,43,54,54,62,11,8
12081,33,43,63,71,10,8
12082,37,46,38,45,9,7
12083,12,27,68,80,15,12
12084,9,33,103,121,24,18
12085,4,24,146,161,20,15
12086,6,34,203,224,28,21
12087,15,44,277,299,29,22
12088,24,72,297,333,48,36
12089,71,84,223,233,13,10
12090,60,78,197,211,18,14
12091,85,97,251,260,12,9
12092,77,104,264,284,27,20
12093,81,110,299,321,29,22
12094,101,118,321,334,17,13
12095,112,120,288,294,8,6
12096,120,142,260,276,22,16
12097,136,156,239,255,20,16
12098,150,164,187,198,14,11
12099,150,206,131,173,56,42
12100,77,95,149,163,18,14
12101,74,90,115,128,16,13
12102,51,68,82,95,17,13
12103,54,71,65,79,17,14
12104,68,84,36,48,16,12
12105,83,104,49,65,21,16
12106,97,118,67,83,21,16
12107,114,148,98,124,34,26
12108,132,149,250,262,17,12
12109,103,117,151,161,14,10
12110,117,135,132,146,18,14
12111,111,124,167,177,13,10
12112,123,145,93,110,22,17
12113,93,113,142,157,20,15
12114,54,68,120,130,14,10
12115,45,58,147,157,13,10
12116,60,84,180,198,24,18
12117,76,115,211,241,39,30
12118,117,154,276,304,37,28
12119,169,198,234,256,29,22
12120,173,206,172,196,33,24
12121,200,219,141,155,19,14
12122,200,230,105,127,30,22
12123,59,66,113,118,7,5
12124,68,94,121,140,26,19
12125,94,112,136,150,18,14
12126,123,173,165,202,50,37
12127,154,213,244,288,59,44
12128,4,27,43,60,23,17
12129,4,36,109,134,32,25
12130,21,37,255,267,16,12
12131,50,84,312,338,34,26
12132,22,35,167,177,13,10
12133,22,50,231,252,28,21
12134,49,71,298,314,22,16
12135,152,200,109,145,48,36
12136,7,34,174,194,27,20
12137,45,66,189,205,21,16
12138,85,129,181,214,44,33
12139,122,173,103,141,51,38
12140,144,186,55,86,42,31
12141,144,202,18,62,58,44
12142,139,210,294,347,71,53
12143,122,153,77,100,31,23
12144,159,208,44,80,49,36
12145,183,210,103,123,27,20
12146,149,168,165,180,19,15
12147,102,151,193,229,49,36
12148,92,131,154,183,39,29
12149,54,73,145,159,19,14
12150,64,76,171,180,12,9
12151,68,76,184,191,8,7
12152,68,79,291,299,11,8
12153,65,79,265,276,14,11
12154,61,76,248,259,15,11
12155,53,71,218,231,18,13
12156,63,83,192,207,20,15
12157,95,124,240,261,29,21
12158,112,149,303,331,37,28
12159,149,188,251,280,39,29
12160,181,218,190,218,37,28
12161,161,210,137,173,49,36
12162,44,68,32,50,24,18
12163,68,94,14,34,26,20
12164,148,192,70,103,44,33
12165,156,207,18,56,51,38
12166,40,66,143,162,26,19
12167,65,80,176,187,15,11
12168,68,93,208,227,25,19
12169,107,133,256,276,26,20
12170,105,139,263,289,34,26
12171,109,129,150,165,20,15
12172,136,159,207,224,23,17
12173,154,178,258,276,24,18
12174,67,93,66,85,26,19
12175,205,227,58,75,22,17
12176,175,197,117,133,22,16
12177,49,73,17,35,24,18
12178,52,81,160,181,29,21
12179,58,82,223,240,24,17
12180,89,112,260,277,23,17
12181,44,80,280,308,36,28
12182,46,66,96,112,20,16
12183,172,198,152,171,26,19
12184,199,221,287,304,22,17
12185,189,211,203,220,22,17
12186,113,140,189,209,27,20
12187,137,161,4,22,24,18
12188,58,85,38,59,27,21
12189,45,73,70,91,28,21
12190,34,66,107,131,32,24
12191,32,66,173,198,34,25
12192,135,171,112,138,36,26
12193,176,213,183,211,37,28
12194,159,193,250,275,34,25
12195,114,141,43,63,27,20
12196,171,213,46,77,42,31
12197,138,171,266,291,33,25
12198,110,151,96,126,41,30
12199,192,236,234,267,44,33
12200,161,183,137,154,22,17
12201,63,104,111,141,41,30
12202,58,87,170,191,29,21
12203,54,85,232,255,31,23
12204,60,81,276,292,21,16
12205,68,96,312,334,28,22
12206,64,91,24,44,27,20
12207,114,144,7,29,30,22
12208,157,195,41,70,38,29
12209,25,46,63,78,21,15
12210,34,55,136,152,21,16
12211,31,57,204,224,26,20
12212,107,139,170,194,32,24
12213,105,128,215,232,23,17
12214,117,149,260,284,32,24
12215,98,137,307,336,39,29
12216,88,122,80,106,34,26
12217,73,107,25,50,34,25
12218,155,187,88,112,32,24
12219,204,228,60,78,24,18
12220,36,80,166,198,44,32
12221,46,76,256,278,30,22
12222,93,122,98,119,29,21
12223,103,115,272,282,12,10
12224,60,83,257,274,23,17
12225,63,81,293,307,18,14
12226,56,78,132,149,22,17
12227,94,120,24,43,26,19
12228,189,215,100,120,26,20
12229,174,200,185,204,26,19
12230,36,61,46,64,25,18
12231,160,194,250,276,34,26
12232,94,127,183,208,33,25
12233,139,173,230,255,34,25
12234,151,183,127,151,32,24
12235,73,102,134,156,29,22
12236,32,66,94,119,34,25
12237,39,68,28,49,29,21
12238,162,192,29,51,30,22
12239,45,79,162,188,34,26
12240,28,73,195,229,45,34
12241,49,83,249,274,34,25
12242,58,90,291,314,32,23
12243,116,154,167,196,38,29
12244,183,210,270,290,27,20
12245,193,223,168,190,30,22
12246,49,87,244,272,38,28
12247,81,112,9,32,31,23
12248,33,53,93,108,20,15
12249,71,118,173,208,47,35
12250,139,178,109,138,39,29
12251,172,212,59,89,40,30
12252,186,218,320,344,32,24
12253,164,209,237,271,45,34
12254,30,61,117,140,31,23
12255,15,35,242,257,20,15
12256,32,49,293,305,17,12
12257,34,64,320,343,30,23
12258,102,138,159,185,36,26
12259,107,127,209,224,20,15
12260,104,133,270,291,29,21
12261,77,120,292,324,43,32
12262,55,76,77,93,21,16
12263,43,81,104,132,38,28
12264,71,104,25,49,33,24
12265,151,190,11,39,39,28
12266,204,229,58,76,25,18
12267,198,216,151,165,18,14
12268,187,223,220,247,36,27
12269,154,190,239,266,36,27
12270,30,56,191,211,26,20
12271,36,66,239,261,30,22
12272,146,188,303,335,42,32
12273,149,172,216,233,23,17
12274,183,209,61,80,26,19
12275,83,108,39,58,25,19
12276,57,85,89,110,28,21
12277,52,93,125,156,41,31
12278,54,84,171,193,30,22
12279,32,66,222,248,34,26
12280,142,178,97,124,36,27
12281,160,200,146,176,40,30
12282,30,69,262,292,39,30
12283,144,166,52,69,22,17
12284,103,147,132,165,44,33
12285,132,165,212,236,33,24
12286,47,61,158,168,14,10
12287,19,65,93,128,46,35
12288,38,71,46,71,33,25
12289,44,63,197,211,19,14
12290,34,84,228,265,50,37
12291,122,154,293,317,32,24
12292,190,211,187,203,21,16
12293,177,197,73,88,20,15
12294,203,228,47,66,25,19
12295,194,216,123,140,22,17
12296,113,139,9,28,26,19
12297,27,58,290,313,31,23
12298,105,144,96,125,39,29
12299,53,74,118,134,21,16
12300,41,69,69,90,28,21
12301,90,122,33,57,32,24
12302,110,138,159,180,28,21
12303,142,177,225,252,35,27
12304,84,116,257,281,32,24
12305,34,63,250,272,29,22
12306,49,72,295,312,23,17
12307,188,225,98,125,37,27
12308,167,216,279,316,49,37
12309,112,136,143,161,24,18
12310,204,225,61,77,21,16
12311,120,144,206,223,24,17
12312,79,110,237,260,31,23
12313,65,106,317,348,41,31
12314,139,165,291,311,26,20
12315,35,52,106,119,17,13
12316,53,81,54,75,28,21
12317,84,122,80,109,38,29
12318,61,83,161,178,22,17
12319,43,66,206,223,23,17
12320,140,184,11,44,44,33
12321,85,111,28,47,26,19
12322,105,134,81,102,29,21
12323,181,219,241,269,38,28
12324,102,134,264,288,32,24
12325,63,98,307,333,35,26
12326,58,81,222,239,23,17
12327,45,64,273,287,19,14
12328,33,58,151,169,25,18
12329,49,73,72,90,24,18
12330,132,154,48,66,22,18
12331,175,214,4,33,39,29
12332,173,199,92,111,26,19
12333,167,208,137,168,41,31
12334,180,215,302,328,35,26
12335,83,111,190,212,28,22
12336,109,134,50,68,25,18
12337,124,159,111,137,35,26
12338,115,150,166,192,35,26
12339,80,123,206,238,43,32
12340,55,97,272,303,42,31
12341,135,171,269,296,36,27
12342,161,196,226,253,35,27
12343,178,215,1,29,37,28
12344,139,159,18,33,20,15
12345,37,68,11,35,31,24
12346,38,71,44,69,33,25
12347,41,75,108,133,34,25
12348,34,65,209,232,31,23
12349,82,122,73,102,40,29
12350,185,214,63,85,29,22
12351,94,127,131,155,33,24
12352,58,102,189,223,44,34
12353,38,70,237,261,32,24
12354,143,183,300,330,40,30
12355,149,187,186,215,38,29
12356,126,173,223,259,47,36
12357,33,83,13,50,50,37
12358,127,161,15,41,34,26
12359,34,74,136,166,40,30
12360,154,203,277,314,49,37
12361,56,97,308,338,41,30
12362,34,53,259,273,19,14
12363,47,71,65,83,24,18
12364,34,63,108,130,29,22
12365,103,142,80,108,39,28
12366,173,205,10,33,32,23
12367,154,188,71,97,34,26
12368,35,72,144,172,37,28
12369,56,88,11,35,32,24
12370,134,174,72,102,40,30
12371,96,115,119,133,19,14
12372,86,113,153,173,27,20
12373,108,132,199,216,24,17
12374,108,151,242,275,43,33
12375,155,190,286,312,35,26
12376,182,213,175,199,31,24
12377,37,68,20,44,31,24
12378,25,47,88,104,22,16
12379,22,60,120,149,38,29
12380,46,73,215,234,27,19
12381,29,61,281,305,32,24
12382,88,120,295,319,32,24
12383,190,212,54,70,22,16
12384,112,149,18,45,37,27
12385,73,97,18,36,24,18
12386,66,92,62,81,26,19
12387,66,100,127,152,34,25
12388,68,89,198,214,21,16
12389,52,71,244,259,19,15
12390,57,79,269,286,22,17
12391,51,76,302,321,25,19
12392,98,131,301,326,33,25
12393,164,188,276,294,24,18
12394,154,188,155,180,34,25
12395,166,210,202,235,44,33
12396,171,200,50,71,29,21
12397,170,202,0,24,32,24
12398,134,162,101,121,28,20
12399,33,52,55,69,19,14
12400,29,47,229,243,18,14
12401,120,148,74,95,28,21
12402,107,132,128,147,25,19
12403,122,145,210,227,23,17
12404,133,151,246,260,18,14
12405,134,159,314,332,25,18
12406,83,111,294,314,28,20
12407,99,121,260,277,22,17
12408,71,98,208,228,27,20
12409,50,84,105,131,34,26
12410,56,89,57,82,33,25
12411,76,105,29,51,29,22
12412,171,196,159,178,25,19
12413,195,228,260,285,33,25
12414,173,206,61,86,33,25
12415,168,210,195,226,42,31
12416,39,63,250,269,24,19
12417,106,127,171,187,21,16
12418,112,140,126,147,28,21
12419,119,144,73,91,25,18
12420,39,61,93,109,22,16
12421,42,64,167,183,22,16
12422,54,88,258,284,34,26
12423,112,139,263,284,27,21
12424,104,135,298,321,31,23
12425,161,187,107,126,26,19
12426,147,184,47,75,37,28
12427,187,220,230,255,33,25
12428,170,208,297,325,38,28
12429,44,73,12,34,29,22
12430,49,71,46,63,22,17
12431,65,90,77,96,25,19
12432,58,92,116,141,34,25
12433,107,143,161,188,36,27
12434,148,173,212,231,25,19
12435,172,205,176,201,33,25
12436,188,210,109,125,22,16
12437,132,164,10,33,32,23
12438,49,90,110,141,41,31
12439,24,54,162,184,30,22
12440,45,68,302,320,23,18
12441,96,137,260,291,41,31
12442,178,212,47,72,34,25
12443,73,122,48,85,49,37
12444,149,172,115,132,23,17
12445,143,168,158,176,25,18
12446,78,109,178,201,31,23
12447,73,116,224,256,43,32
12448,79,128,261,297,49,36
12449,160,226,263,312,66,49
12450,93,117,31,50,24,19
12451,132,182,11,49,50,38
12452,134,156,242,258,22,16
12453,51,80,234,256,29,22
12454,74,95,89,105,21,16
12455,90,130,30,60,40,30
12456,177,212,45,72,35,27
12457,184,213,131,152,29,21
12458,181,210,200,221,29,21
12459,168,192,267,285,24,18
12460,36,85,139,176,49,37
12461,29,58,16,37,29,21
12462,34,60,291,310,26,19
12463,81,121,313,343,40,30
12464,140,175,163,189,35,26
12465,159,187,245,266,28,21
12466,152,186,303,328,34,25
12467,46,72,130,150,26,20
12468,46,66,189,204,20,15
12469,39,55,243,255,16,12
12470,39,68,278,300,29,22
12471,66,100,299,324,34,25
12472,108,131,266,283,23,17
12473,53,70,44,57,17,13
12474,78,100,21,37,22,16
12475,88,115,173,194,27,21
12476,145,178,86,110,33,24
12477,121,156,0,26,35,26
12478,90,113,18,35,23,17
12479,89,111,49,65,22,16
12480,77,110,93,118,33,25
12481,52,82,142,164,30,22
12482,53,85,189,213,32,24
12483,69,105,262,289,36,27
12484,57,84,298,318,27,20
12485,126,149,285,303,23,18
12486,136,169,231,256,33,25
12487,179,208,141,162,29,21
12488,203,225,206,223,22,17
12489,188,212,269,287,24,18
12490,105,134,135,158,29,23
12491,154,178,46,65,24,19
12492,22,51,42,64,29,22
12493,82,115,255,280,33,25
12494,70,91,190,206,21,16
12495,49,83,120,146,34,26
12496,111,135,139,157,24,18
12497,172,198,113,133,26,20
12498,186,212,73,92,26,19
12499,159,183,205,223,24,18
12500,156,194,255,284,38,29
12501,110,140,308,331,30,23
12502,79,106,31,51,27,20
12503,42,85,62,95,43,33
12504,112,144,80,104,32,24
12505,54,78,152,170,24,18
12506,32,52,76,91,20,15
12507,90,122,44,69,32,25
12508,133,153,108,123,20,15
12509,22,47,114,133,25,19
12510,21,47,195,215,26,20
12511,149,181,21,46,32,25
12512,183,222,130,159,39,29
12513,180,212,219,244,32,25
12514,146,205,267,310,59,43
12515,131,151,250,266,20,16
12516,58,93,241,267,35,26
12517,91,129,97,125,38,28
12518,65,83,61,75,18,14
12519,66,87,12,28,21,16
12520,39,55,99,110,16,11
12521,34,58,125,144,24,19
12522,56,78,166,183,22,17
12523,93,110,189,202,17,13
12524,122,151,282,304,29,22
12525,80,107,295,315,27,20
12526,24,50,299,318,26,19
12527,196,226,321,344,30,23
12528,134,166,144,167,32,23
12529,181,218,187,214,37,27
12530,103,158,20,61,55,41
12531,41,68,205,225,27,20
12532,66,110,270,302,44,32
12533,105,144,191,220,39,29
12534,39,71,65,89,32,24
12535,47,81,132,158,34,26
12536,99,135,33,61,36,28
12537,43,71,37,58,28,21
12538,41,73,135,159,32,24
12539,43,63,197,212,20,15
12540,44,71,252,272,27,20
12541,70,105,289,315,35,26
12542,128,159,256,279,31,23
12543,165,195,308,331,30,23
12544,168,193,205,224,25,19
12545,208,230,277,294,22,17
12546,114,144,144,167,30,23
12547,87,122,47,73,35,26
12548,125,156,295,318,31,23
12549,97,120,203,220,23,17
12550,29,49,258,273,20,15
12551,41,65,189,206,24,17
12552,48,69,135,151,21,16
12553,121,158,135,162,37,27
12554,178,212,135,160,34,25
12555,183,209,240,259,26,19
12556,203,221,270,284,18,14
12557,170,202,315,339,32,24
12558,124,161,46,74,37,28
12559,121,146,101,120,25,19
12560,61,82,113,129,21,16
12561,49,90,148,179,41,31
12562,54,80,227,246,26,19
12563,129,163,196,222,34,26
12564,143,170,279,299,27,20
12565,134,161,318,337,27,19
12566,95,130,295,321,35,26
12567,36,59,298,316,23,18
12568,30,63,12,37,33,25
12569,46,94,51,87,48,36
12570,165,186,121,137,21,16
12571,201,223,280,297,22,17
12572,200,227,171,191,27,20
12573,44,71,79,99,27,20
12574,83,113,66,88,30,22
12575,113,138,121,139,25,18
12576,119,144,204,222,25,18
12577,83,109,272,291,26,19
12578,139,160,256,272,21,16
12579,172,202,172,194,30,22
12580,198,227,75,96,29,21
12581,159,183,99,117,24,18
12582,28,63,197,223,35,26
12583,32,52,258,273,20,15
12584,32,73,305,336,41,31
12585,41,68,8,29,27,21
12586,31,48,126,139,17,13
12587,96,145,193,230,49,37
12588,92,121,65,87,29,22
12589,74,109,116,142,35,26
12590,137,173,105,132,36,27
12591,12,39,114,135,27,21
12592,15,39,173,191,24,18
12593,38,87,232,268,49,36
12594,92,127,289,315,35,26
12595,151,178,262,282,27,20
12596,184,209,218,237,25,19
12597,32,63,20,44,31,24
12598,148,206,17,61,58,44
12599,51,88,127,155,37,28
12600,58,90,203,227,32,24
12601,60,100,258,288,40,30
12602,23,61,53,81,38,28
12603,39,79,10,40,40,30
12604,106,138,49,73,32,24
12605,111,144,77,101,33,24
12606,159,199,159,189,40,30
12607,154,193,234,263,39,29
12608,162,176,41,51,14,10
12609,193,215,28,44,22,16
12610,161,178,89,102,17,13
12611,193,222,117,139,29,22
12612,137,163,113,133,26,20
12613,54,80,119,139,26,20
12614,75,93,165,178,18,13
12615,58,90,217,240,32,23
12616,54,85,290,314,31,24
12617,112,146,292,317,34,25
12618,134,165,64,87,31,23
12619,154,186,10,33,32,23
12620,152,178,325,344,26,19
12621,144,175,151,173,31,22
12622,134,198,187,235,64,48
12623,41,76,36,62,35,26
12624,45,63,104,117,18,13
12625,44,73,150,171,29,21
12626,97,124,179,199,27,20
12627,120,151,254,277,31,23
12628,145,182,303,331,37,28
12629,179,231,62,101,52,39
12630,29,58,289,311,29,22
12631,29,50,225,241,21,16
12632,46,87,195,226,41,31
12633,129,157,206,227,28,21
12634,156,189,165,190,33,25
12635,196,219,212,229,23,17
12636,112,146,30,56,34,26
12637,139,187,26,61,48,35
12638,100,122,75,91,22,16
12639,85,117,143,166,32,23
12640,160,187,139,159,27,20
12641,134,163,246,268,29,22
12642,105,126,319,335,21,16
12643,49,79,284,307,30,23
12644,29,54,109,128,25,19
12645,61,90,16,37,29,21
12646,38,62,59,77,24,18
12647,181,214,79,103,33,24
12648,178,212,306,331,34,25
12649,183,229,218,252,46,34
12650,34,71,169,197,37,28
12651,89,121,29,53,32,24
12652,136,173,37,65,37,28
12653,193,225,52,76,32,24
12654,110,142,128,152,32,24
12655,54,83,109,130,29,21
12656,44,75,162,186,31,24
12657,80,110,196,219,30,23
12658,116,152,251,278,36,27
12659,178,211,219,244,33,25
12660,23,60,30,58,37,28
12661,77,114,30,57,37,27
12662,127,159,79,103,32,24
12663,135,169,22,47,34,25
12664,193,224,84,107,31,23
12665,134,190,153,195,56,42
12666,34,56,240,257,22,17
12667,46,73,291,311,27,20
12668,85,119,304,330,34,26
12669,103,129,249,268,26,19
12670,153,210,232,274,57,42
12671,157,186,308,329,29,21
12672,35,73,76,104,38,28
12673,34,66,59,83,32,24
12674,24,52,114,135,28,21
12675,22,49,146,166,27,20
12676,63,88,102,121,25,19
12677,100,123,77,95,23,18
12678,149,188,105,134,39,29
12679,115,139,175,193,24,18
12680,132,161,221,242,29,21
12681,95,127,254,277,32,23
12682,124,149,295,313,25,18
12683,165,201,255,282,36,27
12684,183,215,295,319,32,24
12685,195,216,134,150,21,16
12686,38,77,0,29,39,29
12687,36,72,262,289,36,27
12688,66,96,163,186,30,23
12689,30,59,101,123,29,22
12690,44,76,21,45,32,24
12691,40,70,62,84,30,22
12692,77,102,97,116,25,19
12693,140,186,112,146,46,34
12694,83,125,209,240,42,31
12695,151,195,208,242,44,34
12696,176,199,258,275,23,17
12697,139,176,136,164,37,28
12698,161,181,49,64,20,15
12699,123,159,25,51,36,26
12700,69,109,26,56,40,30
12701,78,107,106,128,29,22
12702,76,112,222,250,36,28
12703,68,84,317,328,16,11
12704,34,49,238,249,15,11
12705,32,49,129,141,17,12
12706,117,175,189,233,58,44
12707,155,181,247,266,26,19
12708,63,90,164,184,27,20
12709,39,68,57,79,29,22
12710,62,89,89,110,27,21
12711,54,89,213,239,35,26
12712,90,121,261,284,31,23
12713,82,102,303,319,20,16
12714,204,229,327,346,25,19
12715,186,205,112,127,19,15
12716,183,212,17,39,29,22
12717,50,91,9,40,41,31
12718,102,124,212,228,22,16
12719,175,232,284,327,57,43
12720,105,147,161,193,42,32
12721,94,132,101,129,38,28
12722,80,113,35,60,33,25
12723,183,224,115,145,41,30
12724,25,46,111,127,21,16
12725,24,56,175,200,32,25
12726,24,58,233,259,34,26
12727,47,85,281,309,38,28
12728,24,61,46,73,37,27
12729,61,84,97,114,23,17
12730,72,96,159,177,24,18
12731,136,162,21,41,26,20
12732,171,205,52,79,34,27
12733,122,154,162,186,32,24
12734,108,146,104,133,38,29
12735,95,139,43,76,44,33
12736,58,81,139,157,23,18
12737,80,108,165,186,28,21
12738,38,60,211,227,22,16
12739,44,74,249,272,30,23
12740,44,73,305,327,29,22
12741,103,133,280,302,30,22
12742,158,193,307,333,35,26
12743,157,193,230,257,36,27
12744,190,222,156,180,32,24
12745,159,185,36,55,26,19
12746,128,163,8,34,35,26
12747,39,73,55,80,34,25
12748,46,89,89,121,43,32
12749,111,133,250,267,22,17
12750,80,115,72,99,35,27
12751,125,156,44,67,31,23
12752,155,181,116,135,26,19
12753,33,53,109,124,20,15
12754,29,55,196,216,26,20
12755,39,63,260,278,24,18
12756,83,102,295,309,19,14
12757,134,168,293,319,34,26
12758,182,217,265,291,35,26
12759,29,66,26,54,37,28
12760,97,139,183,215,42,32
12761,84,118,263,288,34,25
12762,51,88,117,145,37,28
12763,59,102,61,93,43,32
12764,133,160,35,55,27,20
12765,188,217,98,121,29,23
12766,149,183,137,163,34,26
12767,149,190,271,302,41,31
12768,29,63,314,339,34,25
12769,29,64,235,261,35,26
12770,21,46,47,66,25,19
12771,140,162,53,69,22,16
12772,67,100,102,127,33,25
12773,55,85,46,68,30,22
12774,43,70,161,181,27,20
12775,41,68,225,246,27,21
12776,44,81,271,299,37,28
12777,97,132,294,320,35,26
12778,123,156,219,244,33,25
12779,144,173,266,288,29,22
12780,193,222,273,295,29,22
12781,173,193,177,191,20,14
12782,168,198,116,137,30,21
12783,185,225,24,54,40,30
12784,163,208,15,48,45,33
12785,156,191,2,28,35,26
12786,113,137,99,117,24,18
12787,112,135,243,260,23,17
12788,131,144,285,295,13,10
12789,56,88,238,263,32,25
12790,46,73,158,179,27,21
12791,37,79,64,95,42,31
12792,110,131,162,178,21,16
12793,145,168,214,231,23,17
12794,170,195,262,282,25,20
12795,166,199,122,147,33,25
12796,34,68,300,326,34,26
12797,82,119,1,28,37,27
12798,116,140,91,109,24,18
12799,45,75,137,159,30,22
12800,55,74,63,77,19,14
12801,41,70,228,249,29,21
12802,127,155,247,268,28,21
12803,147,170,305,322,23,17
12804,173,198,144,163,25,19
12805,182,206,59,77,24,18
12806,18,37,314,328,19,14
12807,36,72,175,202,36,27
12808,101,122,185,201,21,16
12809,148,182,196,222,34,26
12810,132,155,251,269,23,18
12811,98,120,196,212,22,16
12812,61,85,247,265,24,18
12813,40,68,136,157,28,21
12814,44,78,90,116,34,26
12815,50,82,51,75,32,24
12816,95,116,26,42,21,16
12817,121,158,107,135,37,28
12818,161,189,161,183,28,22
12819,186,215,241,262,29,21
12820,98,131,302,327,33,25
12821,166,191,75,94,25,19
12822,35,68,195,220,33,25
12823,35,66,288,311,31,23
12824,36,64,5,25,28,20
12825,176,217,237,269,41,32
12826,109,146,273,301,37,28
12827,54,85,190,214,31,24
12828,47,78,235,258,31,23
12829,44,81,277,305,37,28
12830,54,95,90,122,41,32
12831,61,107,9,44,46,35
12832,141,175,44,69,34,25
12833,134,183,113,150,49,37
12834,66,119,136,176,53,40
12835,192,225,53,78,33,25
12836,50,83,124,148,33,24
12837,71,85,180,190,14,10
12838,44,61,68,80,17,12
12839,36,51,34,45,15,11
12840,32,46,177,188,14,11
12841,44,67,223,240,23,17
12842,132,151,47,61,19,14
12843,185,208,97,115,23,18
12844,90,119,28,49,29,21
12845,71,94,207,224,23,17
12846,66,85,266,280,19,14
12847,90,110,285,300,20,15
12848,47,72,294,313,25,19
12849,49,73,102,120,24,18
12850,46,78,27,51,32,24
12851,97,124,37,57,27,20
12852,141,167,29,49,26,20
12853,167,187,108,123,20,15
12854,171,202,149,172,31,23
12855,44,72,168,190,28,22
12856,34,52,205,218,18,13
12857,192,223,37,61,31,24
12858,113,153,160,190,40,30
12859,41,63,210,226,22,16
12860,70,88,290,304,18,14
12861,80,100,319,334,20,15
12862,36,61,255,275,25,20
12863,129,162,220,245,33,25
12864,191,213,138,155,22,17
12865,133,154,13,29,21,16
12866,94,127,48,73,33,25
12867,38,65,36,56,27,20
12868,36,73,95,122,37,27
12869,35,55,154,169,20,15
12870,68,90,144,161,22,17
12871,171,201,318,341,30,23
12872,125,152,278,298,27,20
12873,173,206,245,270,33,25
12874,60,105,52,85,45,33
12875,58,83,144,163,25,19
12876,50,84,218,244,34,26
12877,68,91,263,281,23,18
12878,67,96,307,328,29,21
12879,132,170,83,111,38,28
12880,172,199,160,181,27,21
12881,181,215,228,254,34,26
12882,24,56,112,136,32,24
12883,41,71,162,185,30,23
12884,56,89,235,260,33,25
12885,102,130,177,198,28,21
12886,117,151,131,156,34,25
12887,139,173,88,113,34,25
12888,84,113,47,69,29,22
12889,164,200,171,198,36,27
12890,144,187,257,290,43,33
12891,76,102,56,76,26,20
12892,58,83,133,151,25,18
12893,44,68,186,205,24,19
12894,93,107,174,185,14,11
12895,127,161,116,141,34,25
12896,153,183,202,224,30,22
12897,178,208,30,52,30,22
12898,88,121,226,251,33,25
12899,32,58,236,256,26,20
12900,24,48,266,284,24,18
12901,173,234,273,318,61,45
12902,48,68,19,34,20,15
12903,41,61,60,75,20,15
12904,35,52,102,115,17,13
12905,56,77,222,238,21,16
12906,51,72,262,278,21,16
12907,63,90,289,309,27,20
12908,52,90,311,340,38,29
12909,148,183,155,181,35,26
12910,78,122,127,159,44,32
12911,146,175,86,108,29,22
12912,150,183,37,62,33,25
12913,134,182,187,223,48,36
12914,69,98,194,215,29,21
12915,64,96,124,148,32,24
12916,78,108,87,109,30,22
12917,27,62,162,188,35,26
12918,27,66,217,246,39,29
12919,44,71,272,292,27,20
12920,83,112,299,322,29,23
12921,136,161,277,297,25,20
12922,133,168,41,67,35,26
12923,46,83,18,46,37,28
12924,26,55,67,89,29,22
12925,151,184,109,133,33,24
12926,186,229,140,172,43,32
12927,183,217,280,305,34,25
12928,38,63,84,102,25,18
12929,39,69,116,139,30,23
12930,28,51,201,218,23,17
12931,24,48,228,246,24,18
12932,189,224,45,71,35,26
12933,110,141,95,118,31,23
12934,63,99,31,58,36,27
12935,86,118,194,218,32,24
12936,131,172,218,249,41,31
12937,149,186,293,321,37,28
12938,147,200,143,182,53,39
12939,47,65,84,98,18,14
12940,39,61,130,146,22,16
12941,64,89,157,176,25,19
12942,87,117,199,221,30,22
12943,44,68,226,244,24,18
12944,40,69,282,304,29,22
12945,180,214,240,266,34,26
12946,180,213,319,344,33,25
12947,76,113,81,109,37,28
12948,128,161,108,132,33,24
12949,150,181,60,84,31,24
12950,159,206,148,184,47,36
12951,87,122,249,275,35,26
12952,58,84,16,35,26,19
12953,181,205,10,29,24,19
12954,131,151,285,300,20,15
12955,83,107,301,319,24,18
12956,62,90,259,281,28,22
12957,60,90,127,150,30,23
12958,72,97,78,97,25,19
12959,86,122,24,51,36,27
12960,139,173,47,73,34,26
12961,125,174,83,119,49,36
12962,171,200,141,163,29,22
12963,186,217,183,206,31,23
12964,153,183,225,248,30,23
12965,29,61,35,58,32,23
12966,39,63,195,214,24,19
12967,27,60,299,323,33,24
12968,107,137,169,191,30,22
12969,73,105,294,318,32,24
12970,68,122,167,208,54,41
12971,60,91,74,98,31,24
12972,122,142,119,134,20,15
12973,164,189,111,130,25,19
12974,203,225,59,75,22,16
12975,139,173,14,39,34,25
12976,64,95,23,46,31,23
12977,115,139,70,88,24,18
12978,40,66,138,157,26,19
12979,42,81,226,255,39,29
12980,134,157,228,245,23,17
12981,165,196,194,217,31,23
12982,171,204,290,315,33,25
12983,190,226,225,252,36,27
12984,185,210,156,174,25,18
12985,110,139,321,343,29,22
12986,86,107,260,276,21,16
12987,67,85,287,301,18,14
12988,40,66,250,269,26,19
12989,32,55,210,228,23,18
12990,49,79,121,144,30,23
12991,43,76,78,103,33,25
12992,86,113,62,82,27,20
12993,93,130,24,52,37,28
12994,150,178,52,72,28,20
12995,185,226,90,121,41,31
12996,148,171,154,172,23,18
12997,139,173,202,228,34,26
12998,156,185,246,268,29,22
12999,82,115,157,181,33,24
13000,115,144,99,120,29,21
13001,29,61,22,46,32,24
13002,89,110,267,283,21,16
13003,54,78,290,309,24,19
13004,102,129,187,207,27,20
13005,52,80,126,147,28,21
13006,45,78,166,191,33,25
13007,40,64,204,222,24,18
13008,46,77,75,98,31,23
13009,85,118,33,58,33,25
13010,113,140,85,105,27,20
13011,113,142,114,135,29,21
13012,168,200,99,123,32,24
13013,35,56,17,33,21,16
13014,149,175,25,45,26,20
13015,66,90,63,81,24,18
13016,71,98,98,118,27,20
13017,43,66,209,226,23,17
13018,48,72,258,276,24,18
13019,203,227,66,85,24,19
13020,140,173,195,220,33,25
13021,85,119,174,200,34,26
13022,100,132,307,332,32,25
13023,171,205,259,284,34,25
13024,36,71,127,153,35,26
13025,61,93,12,36,32,24
13026,115,155,88,118,40,30
13027,72,100,135,156,28,21
13028,45,78,219,244,33,25
13029,19,40,116,132,21,16
13030,23,43,150,165,20,15
13031,26,56,29,52,30,23
13032,54,80,71,90,26,19
13033,95,123,32,53,28,21
13034,107,139,186,210,32,24
13035,155,188,192,216,33,24
13036,41,83,290,321,42,31
13037,105,139,271,296,34,25
13038,159,186,279,300,27,21
13039,191,216,241,259,25,18
13040,183,213,130,153,30,23
13041,181,201,66,81,20,15
13042,12,34,255,271,22,16
13043,63,107,149,182,44,33
13044,95,151,205,247,56,42
13045,142,185,114,146,43,32
13046,158,215,163,206,57,43
13047,45,81,46,73,36,27
13048,27,70,99,131,43,32
13049,15,54,241,270,39,29
13050,51,93,289,321,42,32
13051,176,230,228,269,54,41
13052,142,183,28,58,41,30
13053,120,164,70,102,44,32
13054,67,107,225,255,40,30
13055,95,128,267,292,33,25
13056,38,75,278,306,37,28
13057,43,72,90,112,29,22
13058,83,105,28,44,22,16
13059,39,64,52,71,25,19
13060,32,54,167,183,22,16
13061,168,206,212,240,38,28
13062,148,187,313,343,39,30
13063,34,61,128,148,27,20
13064,39,66,212,232,27,20
13065,83,124,137,168,41,31
13066,113,145,219,243,32,24
13067,189,229,62,92,40,30
13068,154,187,159,184,33,25
13069,189,209,244,259,20,15
13070,135,170,270,296,35,26
13071,32,70,22,50,38,28
13072,193,218,55,74,25,19
13073,137,172,89,115,35,26
13074,123,147,128,146,24,18
13075,99,126,180,200,27,20
13076,109,139,252,275,30,23
13077,92,124,288,313,32,25
13078,53,82,191,213,29,22
13079,50,84,117,143,34,26
13080,54,89,46,72,35,26
13081,148,186,144,173,38,29
13082,170,210,216,246,40,30
13083,181,211,270,293,30,23
13084,46,71,44,63,25,19
13085,39,70,109,133,31,24
13086,42,64,181,197,22,16
13087,54,94,253,283,40,30
13088,36,80,295,327,44,32
13089,150,186,53,80,36,27
13090,159,195,175,202,36,27
13091,160,208,242,278,48,36
13092,86,120,40,65,34,25
13093,97,122,91,111,25,20
13094,48,85,111,139,37,28
13095,72,100,176,197,28,21
13096,112,138,189,209,26,20
13097,187,215,80,101,28,21
13098,151,196,136,170,45,34
13099,80,125,256,289,45,33
13100,98,127,307,328,29,21
13101,32,56,211,229,24,18
13102,54,84,42,64,30,22
13103,132,170,43,71,38,28
13104,129,149,252,267,20,15
13105,102,129,126,146,27,20
13106,115,139,75,93,24,18
13107,174,205,113,136,31,23
13108,168,188,167,182,20,15
13109,194,224,306,329,30,23
13110,87,116,311,333,29,22
13111,47,80,242,267,33,25
13112,41,69,80,101,28,21
13113,95,120,15,34,25,19
13114,174,196,16,33,22,17
13115,100,122,261,278,22,17
13116,171,195,221,239,24,18
13117,66,98,114,139,32,25
13118,30,55,82,101,25,19
13119,23,54,152,176,31,24
13120,44,79,196,223,35,27
13121,95,133,49,78,38,29
13122,138,179,92,123,41,31
13123,114,145,172,195,31,23
13124,183,222,134,163,39,29
13125,34,66,18,41,32,23
13126,46,80,299,326,34,27
13127,32,60,151,172,28,21
13128,37,56,212,226,19,14
13129,46,68,272,289,22,17
13130,127,152,145,165,25,20
13131,153,186,186,211,33,25
13132,135,163,6,27,28,21
13133,159,208,69,105,49,36
13134,22,49,75,95,27,20
13135,26,54,150,171,28,21
13136,112,140,159,180,28,21
13137,107,137,92,115,30,23
13138,89,120,47,70,31,23
13139,153,179,112,132,26,20
13140,107,137,285,307,30,22
13141,97,127,256,278,30,22
13142,24,58,272,298,34,26
13143,34,59,18,37,25,19
13144,129,169,14,44,40,30
13145,174,208,165,190,34,25
13146,132,171,237,267,39,30
13147,148,187,281,310,39,29
13148,126,167,320,351,41,31
13149,54,78,192,211,24,19
13150,112,146,152,178,34,26
13151,144,183,88,117,39,29
13152,176,207,168,191,31,23
13153,122,166,6,39,44,33
13154,105,142,109,137,37,28
13155,60,91,168,191,31,23
13156,85,120,193,218,35,25
13157,106,141,273,299,35,26
13158,44,83,238,267,39,29
13159,127,176,11,48,49,37
13160,56,102,68,103,46,35
13161,36,65,133,155,29,22
13162,32,63,209,233,31,24
13163,153,191,174,203,38,29
13164,194,229,246,272,35,26
13165,82,108,165,185,26,20
13166,40,58,110,124,18,14
13167,46,73,22,41,27,19
13168,44,69,258,276,25,18
13169,46,67,306,322,21,16
13170,39,69,203,226,30,23
13171,48,63,176,188,15,12
13172,109,131,240,257,22,17
13173,136,173,130,158,37,28
13174,181,211,238,260,30,22
13175,150,191,183,214,41,31
13176,160,195,40,67,35,27
13177,187,216,91,113,29,22
13178,22,44,61,78,22,17
13179,47,74,50,70,27,20
13180,44,90,312,347,46,35
13181,123,160,85,113,37,28
13182,90,122,131,155,32,24
13183,56,74,168,181,18,13
13184,49,83,212,237,34,25
13185,71,105,247,273,34,26
13186,122,154,259,283,32,24
13187,139,168,167,188,29,21
13188,171,200,215,237,29,22
13189,170,202,275,299,32,24
13190,196,234,60,89,38,29
13191,137,166,29,52,29,23
13192,49,80,32,55,31,23
13193,46,84,88,116,38,28
13194,110,156,109,143,46,34
13195,91,113,162,179,22,17
13196,28,57,94,116,29,22
13197,46,64,173,187,18,14
13198,71,100,305,327,29,22
13199,97,139,231,262,42,31
13200,186,227,227,258,41,31
13201,161,178,38,51,17,13
13202,99,130,69,92,31,23
13203,166,193,128,148,27,20
13204,106,144,55,83,38,28
13205,66,97,114,137,31,23
13206,77,112,183,209,35,26
13207,107,139,267,291,32,24
13208,127,171,216,249,44,33
13209,169,204,100,126,35,26
13210,34,52,25,38,18,13
13211,36,63,73,93,27,20
13212,24,47,175,192,23,17
13213,45,79,245,271,34,26
13214,66,97,295,319,31,24
13215,171,198,109,129,27,20
13216,114,138,119,137,24,18
13217,90,127,163,191,37,28
13218,97,129,210,234,32,24
13219,105,146,263,293,41,30
13220,166,199,207,232,33,25
13221,51,84,54,79,33,25
13222,161,188,25,45,27,20
13223,201,222,21,37,21,16
13224,212,229,62,74,17,12
13225,137,155,198,211,18,13
13226,79,100,314,329,21,15
13227,44,62,247,261,18,14
13228,32,54,176,193,22,17
13229,35,57,104,121,22,17
13230,56,84,121,142,28,21
13231,64,87,167,184,23,17
13232,79,117,190,218,38,28
13233,93,120,252,272,27,20
13234,137,164,147,167,27,20
13235,90,127,84,111,37,27
13236,78,115,52,79,37,27
13237,30,53,63,80,23,17
13238,132,154,59,75,22,16
13239,187,213,88,108,26,20
13240,163,199,233,260,36,27
13241,149,183,276,302,34,26
13242,144,183,23,51,39,28
13243,22,61,142,171,39,29
13244,70,109,188,217,39,29
13245,93,129,113,139,36,26
13246,144,159,153,164,15,11
13247,144,184,204,235,40,31
13248,185,222,113,140,37,27
13249,173,198,70,88,25,18
13250,41,70,68,90,29,22
13251,23,56,201,226,33,25
13252,23,48,267,286,25,19
13253,151,183,287,310,32,23
13254,136,166,4,27,30,23
13255,106,129,123,141,23,18
13256,68,90,44,61,22,17
13257,44,63,81,95,19,14
13258,49,78,123,145,29,22
13259,69,102,170,195,33,25
13260,62,98,229,256,36,27
13261,118,137,210,224,19,14
13262,150,177,170,190,27,20
13263,166,197,85,107,31,22
13264,197,226,123,145,29,22
13265,193,223,248,270,30,22
13266,172,206,278,303,34,25
13267,122,174,9,48,52,39
13268,102,129,74,94,27,20
13269,94,126,106,130,32,24
13270,153,184,130,154,31,24
13271,139,161,177,194,22,17
13272,105,132,207,228,27,21
13273,83,117,246,271,34,25
13274,56,90,161,187,34,26
13275,39,71,77,100,32,23
13276,46,69,242,260,23,18
13277,67,97,291,313,30,22
13278,132,168,293,320,36,27
13279,170,202,234,258,32,24
13280,179,215,175,202,36,27
13281,195,215,72,86,20,14
13282,183,222,95,124,39,29
13283,188,222,9,35,34,26
13284,90,127,45,73,37,28
13285,137,164,80,100,27,20
13286,91,133,188,220,42,32
13287,66,95,229,251,29,22
13288,54,81,288,309,27,21
13289,117,153,273,300,36,27
13290,148,178,220,243,30,23
13291,151,185,160,185,34,25
13292,165,201,115,142,36,27
13293,186,215,45,67,29,22
13294,41,80,133,161,39,28
13295,41,63,205,221,22,16
13296,179,217,266,295,38,29
13297,38,76,44,73,38,29
13298,83,115,97,121,32,24
13299,79,112,47,71,33,24
13300,96,128,115,139,32,24
13301,102,126,192,209,24,17
13302,57,83,221,241,26,20
13303,54,89,308,335,35,27
13304,119,142,283,301,23,18
13305,134,161,237,256,27,19
13306,154,187,162,187,33,25
13307,174,201,113,133,27,20
13308,85,95,27,35,10,8
13309,69,84,65,76,15,11
13310,107,139,76,100,32,24
13311,138,190,162,202,52,40
13312,49,79,234,256,30,22
13313,32,59,280,300,27,20
13314,113,139,278,297,26,19
13315,151,179,305,326,28,21
13316,185,212,251,271,27,20
13317,61,87,164,184,26,20
13318,29,63,83,108,34,25
13319,29,52,37,54,23,17
13320,160,208,55,91,48,36
13321,98,135,307,335,37,28
13322,74,117,149,181,43,32
13323,48,83,211,238,35,27
13324,41,71,266,288,30,22
13325,134,175,171,202,41,31
13326,47,71,49,67,24,18
13327,101,136,45,71,35,26
13328,167,195,63,85,28,22
13329,200,219,108,122,19,14
13330,169,217,224,259,48,35
13331,88,121,63,88,33,25
13332,49,78,116,137,29,21
13333,68,90,185,201,22,16
13334,100,123,215,233,23,18
13335,146,176,212,234,30,22
13336,131,159,151,173,28,22
13337,179,200,139,154,21,15
13338,198,215,256,269,17,13
13339,54,89,253,279,35,26
13340,84,117,305,330,33,25
13341,32,66,33,58,34,25
13342,35,75,122,152,40,30
13343,46,66,173,189,20,16
13344,105,127,126,143,22,17
13345,131,161,12,34,30,22
13346,93,119,48,67,26,19
13347,134,168,54,79,34,25
13348,165,189,106,124,24,18
13349,144,183,179,209,39,30
13350,149,183,279,304,34,25
13351,43,86,281,314,43,33
13352,112,135,308,325,23,17
13353,176,210,224,250,34,26
13354,205,223,134,148,18,14
13355,25,63,200,228,38,28
13356,134,166,251,275,32,24
13357,124,149,277,295,25,18
13358,71,102,301,325,31,24
13359,64,95,238,261,31,23
13360,71,89,139,153,18,14
13361,78,114,95,122,36,27
13362,102,135,47,72,33,25
13363,146,183,79,106,37,27
13364,176,206,137,159,30,22
13365,71,120,158,195,49,37
13366,163,183,200,215,20,15
13367,178,203,246,264,25,18
13368,32,61,47,69,29,22
13369,125,161,86,113,36,27
13370,122,145,169,186,23,17
13371,80,99,224,238,19,14
13372,63,100,265,292,37,27
13373,127,164,246,273,37,27
13374,97,139,34,66,42,32
13375,149,176,10,30,27,20
13376,178,208,72,95,30,23
13377,46,78,141,165,32,24
13378,29,63,214,239,34,25
13379,171,213,188,220,42,32
13380,183,212,268,290,29,22
13381,146,186,303,332,40,29
13382,122,166,212,245,44,33
13383,73,99,202,221,26,19
13384,120,161,31,62,41,31
13385,164,188,68,87,24,19
13386,47,78,72,95,31,23
13387,85,117,97,121,32,24
13388,37,64,131,152,27,21
13389,57,95,230,259,38,29
13390,65,99,294,320,34,26
13391,120,160,294,324,40,30
13392,172,208,244,271,36,27
13393,163,193,154,176,30,22
13394,176,225,193,229,49,36
13395,184,216,98,122,32,24
13396,205,224,61,75,19,14
13397,157,186,110,132,29,22
13398,74,108,80,106,34,26
13399,64,88,134,152,24,18
13400,53,78,199,218,25,19
13401,51,73,273,289,22,16
13402,84,121,274,301,37,27
13403,130,161,270,293,31,23
13404,192,212,295,310,20,15
13405,171,189,251,265,18,14
13406,173,208,186,212,35,26
13407,56,104,14,50,48,36
13408,140,190,14,51,50,37
13409,44,76,105,129,32,24
13410,53,86,166,191,33,25
13411,120,166,104,139,46,35
13412,195,232,131,159,37,28
13413,131,172,32,62,41,30
13414,136,165,3,25,29,22
13415,66,96,41,64,30,23
13416,36,67,72,95,31,23
13417,36,76,229,259,40,30
13418,117,148,212,235,31,23
13419,173,199,228,248,26,20
13420,21,51,282,304,30,22
13421,127,163,273,300,36,27
13422,174,198,299,317,24,18
13423,212,234,150,167,22,17
13424,105,127,50,67,22,17
13425,44,62,153,167,18,14
13426,30,51,258,274,21,16
13427,51,69,299,313,18,14
13428,148,171,310,327,23,17
13429,127,150,149,166,23,17
13430,123,143,210,225,20,15
13431,49,81,200,225,32,25
13432,125,151,56,75,26,19
13433,170,209,53,82,39,29
13434,174,206,137,161,32,24
13435,56,85,83,105,29,22
13436,160,202,202,233,42,31
13437,181,222,240,270,41,30
13438,61,105,83,116,44,33
13439,119,154,113,140,35,27
13440,171,205,137,163,34,26
13441,179,213,180,206,34,26
13442,66,110,10,43,44,33
13443,137,171,50,76,34,26
13444,164,195,276,299,31,23
13445,61,87,263,282,26,19
13446,66,86,308,324,20,16
13447,46,71,189,209,25,20
13448,152,209,215,257,57,42
13449,160,192,274,297,32,23
13450,116,164,96,133,48,37
13451,62,94,115,139,32,24
13452,49,75,167,187,26,20
13453,55,88,47,71,33,24
13454,117,158,33,64,41,31
13455,75,110,281,307,35,26
13456,61,93,18,42,32,24
13457,76,114,69,98,38,29
13458,72,105,133,157,33,24
13459,101,139,180,208,38,28
13460,139,179,138,168,40,30
13461,149,189,95,125,40,30
13462,188,217,66,89,29,23
13463,128,158,236,258,30,22
13464,42,73,200,223,31,23
13465,156,188,295,319,32,24
13466,173,208,230,257,35,27
13467,175,215,185,215,40,30
13468,32,66,154,179,34,25
13469,92,123,103,126,31,23
13470,96,137,63,93,41,30
13471,154,193,119,148,39,29
13472,115,168,160,200,53,40
13473,156,190,228,253,34,25
13474,38,71,39,64,33,25
13475,32,65,72,97,33,25
13476,63,92,127,149,29,22
13477,142,184,14,46,42,32
13478,141,191,54,92,50,38
13479,154,202,122,158,48,36
13480,172,195,198,215,23,17
13481,62,93,56,79,31,23
13482,39,91,96,135,52,39
13483,148,191,297,329,43,32
13484,142,168,235,255,26,20
13485,143,165,54,70,22,16
13486,116,146,78,100,30,22
13487,59,88,137,159,29,22
13488,76,99,212,229,23,17
13489,60,88,242,263,28,21
13490,54,79,296,315,25,19
13491,53,86,54,79,33,25
13492,141,172,125,148,31,23
13493,142,192,173,210,50,37
13494,181,212,71,95,31,24
13495,115,149,224,250,34,26
13496,36,62,185,204,26,19
13497,37,68,7,29,31,22
13498,132,149,250,263,17,13
13499,62,85,240,257,23,17
13500,83,119,168,195,36,27
13501,143,182,179,209,39,30
13502,46,78,69,93,32,24
13503,111,146,87,114,35,27
13504,168,210,104,135,42,31
13505,22,61,291,320,39,29
13506,93,122,293,315,29,22
13507,156,189,299,324,33,25
13508,27,60,164,188,33,24
13509,90,119,198,220,29,22
13510,85,134,235,272,49,37
13511,156,193,213,240,37,27
13512,52,90,121,150,38,29
13513,63,107,57,90,44,33
13514,127,166,24,54,39,30
13515,155,198,288,321,43,33
13516,31,58,249,270,27,21
13517,145,179,156,182,34,26
13518,181,219,23,51,38,28
13519,166,188,62,78,22,16
13520,96,132,95,122,36,27
13521,123,161,161,190,38,29
13522,85,111,207,227,26,20
13523,120,148,234,255,28,21
13524,85,110,280,298,25,18
13525,100,157,293,336,57,43
13526,164,183,247,262,19,15
13527,37,67,128,150,30,22
13528,28,71,23,55,43,32
13529,85,105,65,80,20,15
13530,119,145,74,94,26,20
13531,167,202,99,125,35,26
13532,205,229,60,78,24,18
13533,183,221,146,174,38,28
13534,185,216,192,216,31,24
13535,145,173,200,222,28,22
13536,32,71,219,248,39,29
13537,36,67,284,307,31,23
13538,34,71,319,347,37,28
13539,112,155,1,33,43,32
13540,132,153,247,263,21,16
13541,64,79,244,256,15,12
13542,120,145,266,284,25,18
13543,65,95,297,320,30,23
13544,85,113,198,220,28,22
13545,58,98,102,132,40,30
13546,83,130,134,169,47,35
13547,111,150,44,74,39,30
13548,148,182,97,122,34,25
13549,164,194,156,178,30,22
13550,166,200,212,238,34,26
13551,169,206,292,319,37,27
13552,167,204,1,29,37,28
13553,186,220,47,72,34,25
13554,46,94,15,51,48,36
13555,27,58,165,188,31,23
13556,25,39,263,273,14,10
13557,26,58,296,319,32,23
13558,106,173,245,295,67,50
13559,58,85,227,247,27,20
13560,21,61,103,133,40,30
13561,27,66,49,78,39,29
13562,80,107,96,116,27,20
13563,142,168,64,84,26,20
13564,160,192,16,40,32,24
13565,183,228,123,156,45,33
13566,157,193,160,187,36,27
13567,180,212,279,303,32,24
13568,57,90,319,344,33,25
13569,49,76,285,306,27,21
13570,27,44,257,269,17,12
13571,48,82,94,119,34,25
13572,65,102,155,183,37,28
13573,84,111,221,241,27,20
13574,73,118,258,292,45,34
13575,150,200,146,183,50,37
13576,132,174,25,57,42,32
13577,98,129,49,72,31,23
13578,44,72,23,44,28,21
13579,132,162,89,112,30,23
13580,157,184,233,253,27,20
13581,46,73,310,330,27,20
13582,31,58,216,236,27,20
13583,28,56,259,280,28,21
13584,127,152,305,324,25,19
13585,172,203,290,314,31,24
13586,193,220,198,218,27,20
13587,193,220,48,68,27,20
13588,183,220,94,121,37,27
13589,64,110,104,139,46,35
13590,44,68,55,73,24,18
13591,48,69,22,38,21,16
13592,37,66,178,200,29,22
13593,113,145,166,190,32,24
13594,110,145,230,256,35,26
13595,169,205,193,220,36,27
13596,167,199,86,110,32,24
13597,134,165,297,320,31,23
13598,170,199,41,63,29,22
13599,190,224,134,159,34,25
13600,53,83,215,238,30,23
13601,26,56,289,312,30,23
13602,25,52,95,115,27,20
13603,93,132,54,84,39,30
13604,56,95,119,148,39,29
13605,46,97,223,261,51,38
13606,71,107,303,331,36,28
13607,117,153,141,168,36,27
13608,148,193,268,302,45,34
13609,189,221,108,132,32,24
13610,88,123,295,322,35,27
13611,137,161,187,206,24,19
13612,172,190,148,162,18,14
13613,74,93,242,256,19,14
13614,52,87,158,184,35,26
13615,51,78,99,119,27,20
13616,110,132,129,145,22,16
13617,176,205,248,270,29,22
13618,187,213,295,315,26,20
13619,105,128,227,245,23,18
13620,164,205,52,82,41,30
13621,46,101,18,60,55,42
13622,90,145,159,200,55,41
13623,50,71,242,258,21,16
13624,71,110,265,294,39,29
13625,149,176,276,296,27,20
13626,173,201,189,210,28,21
13627,183,224,54,84,41,30
13628,61,102,34,65,41,31
13629,62,105,96,129,43,33
13630,27,59,166,190,32,24
13631,29,60,312,336,31,24
13632,117,164,302,338,47,36
13633,130,162,227,251,32,24
13634,29,63,205,230,34,25
13635,154,222,92,144,68,52
13636,142,166,102,120,24,18
13637,83,111,141,163,28,22
13638,82,120,188,217,38,29
13639,89,119,247,270,30,23
13640,78,119,301,332,41,31
13641,139,171,278,302,32,24
13642,159,195,238,265,36,27
13643,146,183,190,218,37,28
13644,159,196,151,179,37,28
13645,188,215,121,142,27,21
13646,55,95,48,78,40,30
13647,100,132,27,50,32,23
13648,148,185,17,45,37,28
13649,201,224,29,46,23,17
13650,209,225,64,76,16,12
13651,53,91,131,160,38,29
13652,68,120,217,256,52,39
13653,124,161,109,137,37,28
13654,149,194,170,204,45,34
13655,139,182,313,345,43,32
13656,56,98,24,56,42,32
13657,124,202,33,91,78,58
13658,29,70,112,143,41,31
13659,47,78,79,102,31,23
13660,88,119,71,94,31,23
13661,115,140,49,68,25,19
13662,161,178,150,163,17,13
13663,164,182,217,230,18,13
13664,180,214,124,150,34,26
13665,140,173,291,316,33,25
13666,100,142,246,277,42,31
13667,144,219,84,140,75,56
13668,47,78,78,101,31,23
13669,42,73,156,179,31,23
13670,66,100,223,250,34,27
13671,105,150,186,220,45,34
13672,148,181,247,271,33,24
13673,81,129,41,77,48,36
13674,137,171,7,33,34,26
13675,45,88,112,144,43,32
13676,168,209,298,329,41,31
13677,168,217,177,214,49,37
13678,140,177,192,220,37,28
13679,108,150,134,165,42,31
13680,80,118,89,118,38,29
13681,68,102,59,85,34,26
13682,49,76,168,188,27,20
13683,57,88,231,254,31,23
13684,68,115,257,292,47,35
13685,129,178,292,330,49,38
13686,154,196,245,277,42,32
13687,161,198,161,189,37,28
13688,173,206,119,144,33,25
13689,200,225,65,83,25,18
13690,34,82,19,55,48,36
13691,90,155,31,80,65,49
13692,74,110,134,161,36,27
13693,66,113,197,232,47,35
13694,118,173,249,290,55,41
13695,61,95,274,299,34,25
13696,23,54,242,265,31,23
13697,28,50,129,145,22,16
13698,33,69,67,94,36,27
13699,126,160,96,122,34,26
13700,155,205,191,229,50,38
13701,185,218,297,322,33,25
13702,53,117,67,115,64,48
13703,67,111,170,203,44,33
13704,92,140,205,241,48,36
13705,145,186,147,178,41,31
13706,166,209,264,296,43,32
13707,28,61,216,240,33,24
13708,27,63,320,347,36,27
13709,95,160,1,50,65,49
13710,132,163,238,261,31,23
13711,39,68,214,235,29,21
13712,66,91,258,277,25,19
13713,86,118,181,205,32,24
13714,78,122,108,141,44,33
13715,170,207,110,138,37,28
13716,164,186,165,182,22,17
13717,127,162,274,301,35,27
13718,60,80,301,317,20,16
13719,21,41,296,311,20,15
13720,30,51,134,149,21,15
13721,32,54,43,59,22,16
13722,115,158,18,50,43,32
13723,58,98,72,101,40,29
13724,58,90,147,171,32,24
13725,122,147,157,176,25,19
13726,145,168,130,147,23,17
13727,166,181,244,255,15,11
13728,149,180,69,93,31,24
13729,95,131,8,35,36,27
13730,25,48,129,146,23,17
13731,24,49,197,215,25,18
13732,147,182,189,216,35,27
13733,186,214,143,164,28,21
13734,183,227,312,345,44,33
13735,133,150,250,263,17,13
13736,129,154,274,293,25,19
13737,69,90,242,258,21,16
13738,72,95,175,192,23,17
13739,85,117,115,139,32,24
13740,126,169,71,104,43,33
13741,101,129,42,62,28,20
13742,59,79,78,93,20,15
13743,27,58,14,37,31,23
13744,165,195,140,163,30,23
13745,182,207,209,227,25,18
13746,183,214,308,331,31,23
13747,58,86,301,322,28,21
13748,19,52,269,293,33,24
13749,102,135,145,169,33,24
13750,60,99,57,86,39,29
13751,119,165,58,93,46,35
13752,149,181,132,157,32,25
13753,33,61,116,137,28,21
13754,36,77,243,274,41,31
13755,56,87,293,316,31,23
13756,165,202,25,52,37,27
13757,185,210,99,118,25,19
13758,127,154,240,261,27,21
13759,63,89,183,202,26,19
13760,50,84,240,266,34,26
13761,88,110,277,294,22,17
13762,106,140,316,342,34,26
13763,96,120,82,100,24,18
13764,167,195,216,236,28,20
13765,107,165,111,154,58,43
13766,51,79,93,114,28,21
13767,134,176,41,73,42,32
13768,183,212,161,183,29,22
13769,24,54,279,301,30,22
13770,31,55,127,146,24,19
13771,36,77,16,47,41,31
13772,201,225,238,255,24,17
13773,164,203,290,320,39,30
13774,102,147,167,201,45,34
13775,190,220,63,85,30,22
13776,72,110,201,229,38,28
13777,60,88,113,133,28,20
13778,113,148,92,118,35,26
13779,132,176,148,181,44,33
13780,150,188,206,235,38,29
13781,90,117,260,280,27,20
13782,129,166,282,309,37,27
13783,41,69,42,63,28,21
13784,119,169,30,67,50,37
13785,183,217,87,112,34,25
13786,49,84,94,121,35,27
13787,48,78,167,190,30,23
13788,56,90,236,261,34,25
13789,100,142,96,127,42,31
13790,88,131,30,62,43,32
13791,156,187,55,78,31,23
13792,173,196,168,186,23,18
13793,66,98,299,323,32,24
13794,29,56,36,56,27,20
13795,72,110,89,117,38,28
13796,81,105,158,176,24,18
13797,83,122,240,270,39,30
13798,112,145,278,302,33,24
13799,79,112,303,328,33,25
13800,110,147,174,202,37,28
13801,154,194,113,143,40,30
13802,24,56,107,131,32,24
13803,34,68,14,40,34,26
13804,166,195,216,238,29,22
13805,190,218,166,188,28,22
13806,33,68,57,83,35,26
13807,171,208,308,335,37,27
13808,86,145,242,286,59,44
13809,80,106,181,200,26,19
13810,101,147,106,140,46,34
13811,76,137,36,81,61,45
13812,39,66,118,138,27,20
13813,186,222,204,231,36,27
13814,96,134,300,329,38,29
13815,160,204,49,82,44,33
13816,59,95,48,75,36,27
13817,102,144,86,117,42,31
13818,151,204,60,99,53,39
13819,54,92,124,153,38,29
13820,50,68,180,194,18,14
13821,50,66,250,263,16,13
13822,49,74,288,307,25,19
13823,65,88,317,335,23,18
13824,47,78,94,117,31,23
13825,42,61,183,197,19,14
13826,58,78,147,163,20,16
13827,148,208,50,94,60,44
13828,151,185,304,329,34,25
13829,167,201,226,251,34,25
13830,33,63,312,335,30,23
13831,31,52,276,292,21,16
13832,26,54,234,255,28,21
13833,58,103,80,113,45,33
13834,31,59,144,165,28,21
13835,32,55,205,223,23,18
13836,85,122,209,237,37,28
13837,149,177,224,245,28,21
13838,161,193,128,152,32,24
13839,122,167,63,97,45,34
13840,58,83,23,41,25,18
13841,183,215,272,296,32,24
13842,42,71,304,326,29,22
13843,35,64,251,273,29,22
13844,134,164,8,31,30,23
13845,20,46,50,70,26,20
13846,54,78,135,153,24,18
13847,39,67,166,187,28,21
13848,40,69,229,251,29,22
13849,31,71,288,317,40,29
13850,97,130,210,235,33,25
13851,127,187,239,284,60,45
13852,137,174,139,167,37,28
13853,143,183,72,102,40,30
13854,27,50,84,101,23,17
13855,31,66,76,103,35,27
13856,69,102,132,157,33,25
13857,90,125,81,107,35,26
13858,129,164,123,150,35,27
13859,119,166,169,204,47,35
13860,168,198,233,255,30,22
13861,151,190,58,86,39,28
13862,117,187,21,73,70,52
13863,56,110,77,118,54,41
13864,119,198,146,205,79,59
13865,139,207,238,289,68,51
13866,58,100,265,296,42,31
13867,41,71,220,242,30,22
13868,39,76,171,199,37,28
13869,82,117,169,196,35,27
13870,80,114,227,252,34,25
13871,112,148,264,291,36,27
13872,138,168,99,121,30,22
13873,52,91,58,87,39,29
13874,111,157,13,48,46,35
13875,154,199,128,161,45,33
13876,189,215,236,256,26,20
13877,89,135,307,342,46,35
13878,109,154,196,230,45,34
13879,111,148,249,277,37,28
13880,127,166,80,109,39,29
13881,67,96,43,64,29,21
13882,42,64,99,116,22,17
13883,43,76,170,194,33,24
13884,54,85,257,280,31,23
13885,157,206,17,54,49,37
13886,170,198,134,155,28,21
13887,184,221,226,253,37,27
13888,30,66,297,325,36,28
13889,152,209,298,340,57,42
13890,76,98,120,137,22,17
13891,52,104,163,202,52,39
13892,98,135,215,243,37,28
13893,148,182,115,141,34,26
13894,163,195,191,215,32,24
13895,144,181,240,268,37,28
13896,56,86,310,332,30,22
13897,157,212,28,69,55,41
13898,110,145,49,75,35,26
13899,139,178,192,221,39,29
13900,103,143,235,265,40,30
13901,88,129,271,302,41,31
13902,61,85,103,120,24,17
13903,82,111,131,153,29,22
13904,171,222,125,162,51,37
13905,194,225,51,74,31,23
13906,164,200,7,34,36,27
13907,64,106,26,57,42,31
13908,48,100,180,219,52,39
13909,46,73,255,275,27,20
13910,154,212,260,303,58,43
13911,99,133,173,198,34,25
13912,79,126,237,273,47,36
13913,129,192,118,165,63,47
13914,142,191,62,100,49,38
13915,85,116,316,340,31,24
13916,40,61,250,266,21,16
13917,38,56,171,185,18,14
13918,68,101,195,220,33,25
13919,166,211,216,250,45,34
13920,190,227,284,312,37,28
13921,202,227,59,78,25,19
13922,132,174,119,150,42,31
13923,107,160,209,248,53,39
13924,141,187,246,281,46,35
13925,169,200,182,205,31,23
13926,43,94,278,317,51,39
13927,44,76,164,187,32,23
13928,43,73,91,113,30,22
13929,79,120,30,60,41,30
13930,178,212,309,335,34,26
13931,188,230,288,319,42,31
13932,151,193,187,219,42,32
13933,37,64,163,183,27,20
13934,52,68,252,265,16,13
13935,65,110,280,314,45,34
13936,124,159,145,171,35,26
13937,157,197,97,127,40,30
13938,43,73,47,70,30,23
13939,51,91,91,121,40,30
13940,181,224,22,55,43,33
13941,51,107,120,163,56,43
13942,61,98,210,239,37,29
13943,90,124,262,288,34,26
13944,132,175,193,226,43,33
13945,118,157,71,101,39,30
13946,41,95,42,82,54,40
13947,154,209,123,164,55,41
13948,45,98,80,120,53,40
13949,112,149,148,176,37,28
13950,126,166,186,216,40,30
13951,134,164,80,102,30,22
13952,127,164,18,46,37,28
13953,189,227,90,119,38,29
13954,189,224,146,172,35,26
13955,182,212,243,266,30,23
13956,146,176,274,297,30,23
13957,31,61,206,229,30,23
13958,39,68,283,305,29,22
13959,35,74,77,106,39,29
13960,103,146,53,85,43,32
13961,131,164,117,142,33,25
13962,180,198,175,189,18,14
13963,171,206,237,264,35,27
13964,197,224,115,135,27,20
13965,34,65,13,36,31,23
13966,27,51,207,225,24,18
13967,46,75,141,163,29,22
13968,66,90,179,197,24,18
13969,85,118,135,160,33,25
13970,63,104,297,327,41,30
13971,58,88,243,264,30,21
13972,49,85,113,140,36,27
13973,95,127,85,109,32,24
13974,51,80,38,59,29,21
13975,99,130,31,55,31,24
13976,140,169,22,44,29,22
13977,100,126,133,152,26,19
13978,145,175,162,185,30,23
13979,177,208,207,231,31,24
13980,157,198,282,313,41,31
13981,186,227,11,42,41,31
13982,127,152,117,135,25,18
13983,98,117,156,171,19,15
13984,68,112,95,127,44,32
13985,76,110,42,68,34,26
13986,73,120,195,231,47,36
13987,102,144,248,279,42,31
13988,103,142,291,320,39,29
13989,164,203,215,244,39,29
13990,161,200,157,186,39,29
13991,183,229,268,302,46,34
13992,28,68,250,281,40,31
13993,29,71,124,156,42,32
13994,160,192,173,197,32,24
13995,205,225,62,77,20,15
13996,139,168,34,55,29,21
13997,124,158,76,102,34,26
13998,141,173,111,135,32,24
13999,95,124,133,154,29,21
14000,81,110,193,214,29,21
14001,90,139,240,277,49,37
14002,153,200,257,293,47,36
14003,88,125,286,314,37,28
14004,39,68,142,164,29,22
14005,46,76,10,32,30,22
14006,59,107,61,97,48,36
14007,195,231,102,129,36,27
14008,198,233,210,237,35,27
14009,89,128,257,286,39,29
14010,107,132,187,205,25,18
14011,58,88,113,135,30,22
14012,102,139,63,91,37,28
14013,151,188,111,139,37,28
14014,166,195,207,229,29,22
14015,69,93,77,94,24,17
14016,102,122,122,137,20,15
14017,149,178,164,186,29,22
14018,154,195,253,284,41,31
14019,138,180,24,56,42,32
14020,85,139,137,177,54,40
14021,84,116,220,244,32,24
14022,127,158,251,274,31,23
14023,106,151,279,313,45,34
14024,33,49,148,159,16,11
14025,29,56,190,210,27,20
14026,23,46,23,40,23,17
14027,107,146,52,81,39,29
14028,166,194,85,106,28,21
14029,193,219,135,154,26,19
14030,184,205,216,232,21,16
14031,53,78,284,303,25,19
14032,67,88,320,336,21,16
14033,83,102,189,203,19,14
14034,51,68,222,235,17,13
14035,46,86,254,284,40,30
14036,124,161,235,263,37,28
14037,161,200,159,189,39,30
14038,134,166,74,98,32,24
14039,49,72,23,40,23,17
14040,90,131,10,40,41,30
14041,171,209,16,44,38,28
14042,182,226,228,261,44,33
14043,171,205,289,316,34,27
14044,102,127,321,340,25,19
14045,37,73,116,143,36,27
14046,32,67,53,79,35,26
14047,150,176,137,156,26,19
14048,85,110,184,202,25,18
14049,96,129,214,239,33,25
14050,98,128,283,305,30,22
14051,145,181,247,273,36,26
14052,178,207,206,227,29,21
14053,40,73,90,115,33,25
14054,34,58,196,214,24,18
14055,44,72,266,287,28,21
14056,51,78,32,53,27,21
14057,158,200,63,95,42,32
14058,205,229,281,299,24,18
14059,153,176,312,330,23,18
14060,97,139,249,281,42,32
14061,46,72,138,157,26,19
14062,39,76,178,205,37,27
14063,116,146,178,200,30,22
14064,168,212,131,164,44,33
14065,172,199,228,248,27,20
14066,24,41,29,41,17,12
14067,44,63,6,20,19,14
14068,85,122,10,37,37,27
14069,45,70,46,64,25,18
14070,171,200,62,83,29,21
14071,113,165,145,184,52,39
14072,92,136,211,244,44,33
14073,37,79,239,270,42,31
14074,34,65,158,181,31,23
14075,38,73,50,77,35,27
14076,91,134,46,78,43,32
14077,129,175,87,122,46,35
14078,176,196,189,204,20,15
14079,132,169,293,321,37,28
14080,43,95,297,336,52,39
14081,163,218,0,42,55,42
14082,198,230,248,272,32,24
14083,75,98,93,110,23,17
14084,46,54,82,88,8,6
14085,46,65,101,115,19,14
14086,49,66,140,153,17,13
14087,55,71,119,130,16,11
14088,74,91,143,156,17,13
14089,61,85,166,185,24,19
14090,41,71,227,250,30,23
14091,60,80,264,279,20,15
14092,60,81,13,29,21,16
14093,90,107,2,15,17,13
14094,136,159,15,32,23,17
14095,159,198,50,80,39,30
14096,171,208,268,296,37,28
14097,186,217,305,327,31,22
14098,166,198,120,144,32,24
14099,143,176,177,202,33,25
14100,96,127,195,217,31,22
14101,31,58,21,42,27,21
14102,91,122,67,91,31,24
14103,116,141,114,133,25,19
14104,169,200,74,97,31,23
14105,176,210,152,177,34,25
14106,78,116,199,227,38,28
14107,85,119,245,270,34,25
14108,33,55,264,280,22,16
14109,55,78,290,308,23,18
14110,56,90,31,56,34,25
14111,101,125,32,50,24,18
14112,156,181,205,224,25,19
14113,155,203,255,291,48,36
14114,132,164,325,349,32,24
14115,44,79,107,133,35,26
14116,39,60,63,78,21,15
14117,205,223,58,72,18,14
14118,146,176,120,142,30,22
14119,105,126,136,152,21,16
14120,67,101,73,99,34,26
14121,82,112,40,63,30,23
14122,57,78,138,154,21,16
14123,54,97,213,246,43,33
14124,117,167,199,236,50,37
14125,129,164,245,271,35,26
14126,93,122,278,299,29,21
14127,195,226,217,240,31,23
14128,175,210,147,174,35,27
14129,161,197,301,328,36,27
14130,31,58,161,181,27,20
14131,51,83,125,149,32,24
14132,148,183,260,286,35,26
14133,152,181,136,158,29,22
14134,156,190,39,64,34,25
14135,65,108,22,54,43,32
14136,171,207,193,219,36,26
14137,156,191,307,333,35,26
14138,95,147,113,152,52,39
14139,116,178,163,210,62,47
14140,71,110,205,234,39,29
14141,25,45,114,129,20,15
14142,29,49,147,163,20,16
14143,44,75,54,77,31,23
14144,159,176,42,55,17,13
14145,78,110,14,37,32,23
14146,175,203,259,280,28,21
14147,61,98,259,287,37,28
14148,191,227,78,104,36,26
14149,124,156,241,265,32,24
14150,89,128,179,209,39,30
14151,106,139,128,153,33,25
14152,51,78,264,285,27,21
14153,118,154,281,308,36,27
14154,153,205,106,145,52,39
14155,88,128,43,74,40,31
14156,164,216,186,225,52,39
14157,43,95,129,168,52,39
14158,53,93,207,237,40,30
14159,120,171,178,217,51,39
14160,115,171,65,107,56,42
14161,162,210,114,149,48,35
14162,27,72,276,309,45,33
14163,159,194,5,31,35,26
14164,68,124,113,154,56,41
14165,131,186,164,205,55,41
14166,33,68,178,204,35,26
14167,44,83,47,76,39,29
14168,117,184,40,91,67,51
14169,136,194,251,295,58,44
14170,34,61,252,271,27,19
14171,57,78,302,318,21,16
14172,49,81,12,36,32,24
14173,33,56,99,116,23,17
14174,151,185,106,131,34,25
14175,132,161,102,124,29,22
14176,83,114,302,325,31,23
14177,107,139,204,229,32,25
14178,50,85,239,265,35,26
14179,39,78,73,102,39,29
14180,41,73,133,157,32,24
14181,73,105,22,46,32,24
14182,181,207,104,123,26,19
14183,163,192,43,65,29,22
14184,119,151,160,184,32,24
14185,184,227,245,277,43,32
14186,100,140,245,275,40,30
14187,52,94,68,99,42,31
14188,108,132,101,119,24,18
14189,100,125,149,168,25,19
14190,138,166,124,146,28,22
14191,166,193,99,119,27,20
14192,127,159,20,43,32,23
14193,61,96,18,44,35,26
14194,175,214,152,181,39,29
14195,128,156,196,216,28,20
14196,110,150,285,315,40,30
14197,170,205,267,293,35,26
14198,127,149,251,267,22,16
14199,127,150,280,297,23,17
14200,65,90,246,265,25,19
14201,69,88,174,188,19,14
14202,98,129,160,183,31,23
14203,35,65,50,72,30,22
14204,46,71,97,116,25,19
14205,82,112,66,89,30,23
14206,109,142,28,53,33,25
14207,144,179,66,92,35,26
14208,160,193,128,152,33,24
14209,164,208,180,213,44,33
14210,63,102,289,319,39,30
14211,146,170,306,324,24,18
14212,173,212,263,292,39,29
14213,29,54,210,229,25,19
14214,171,215,25,58,44,33
14215,134,178,163,196,44,33
14216,46,71,156,174,25,18
14217,34,59,206,225,25,19
14218,31,54,293,310,23,17
14219,111,135,249,267,24,18
14220,132,163,279,302,31,23
14221,164,198,244,269,34,25
14222,166,199,67,92,33,25
14223,144,176,25,49,32,24
14224,25,50,103,122,25,19
14225,28,51,73,91,23,18
14226,24,43,246,261,19,15
14227,152,190,318,347,38,29
14228,91,127,188,214,36,26
14229,69,97,241,262,28,21
14230,55,102,296,331,47,35
14231,74,98,139,158,24,19
14232,90,131,103,133,41,30
14233,99,136,61,89,37,28
14234,129,165,21,48,36,27
14235,164,186,64,80,22,16
14236,164,199,135,162,35,27
14237,148,173,176,195,25,19
14238,137,186,246,282,49,36
14239,154,191,306,334,37,28
14240,31,60,174,196,29,22
14241,105,128,84,101,23,17
14242,88,105,127,139,17,12
14243,68,95,155,176,27,21
14244,90,117,210,230,27,20
14245,92,117,248,267,25,19
14246,93,128,286,312,35,26
14247,146,182,239,265,36,26
14248,146,187,167,197,41,30
14249,169,198,100,121,29,21
14250,40,66,236,255,26,19
14251,32,63,58,80,31,22
14252,75,102,8,29,27,21
14253,95,132,95,122,37,27
14254,34,56,210,227,22,17
14255,70,107,187,214,37,27
14256,116,151,175,201,35,26
14257,153,176,156,174,23,18
14258,176,213,90,119,37,29
14259,36,69,138,163,33,25
14260,34,70,260,287,36,27
14261,85,131,252,286,46,34
14262,154,196,254,286,42,32
14263,160,198,301,330,38,29
14264,39,68,63,85,29,22
14265,43,75,25,49,32,24
14266,171,208,28,56,37,28
14267,51,90,225,254,39,29
14268,66,99,172,197,33,25
14269,43,76,121,146,33,25
14270,123,169,144,179,46,35
14271,137,179,201,233,42,32
14272,159,188,250,272,29,22
14273,108,146,281,309,38,28
14274,49,85,50,78,36,28
14275,93,132,29,58,39,29
14276,134,165,18,41,31,23
14277,34,53,224,238,19,14
14278,47,68,242,258,21,16
14279,47,65,173,186,18,13
14280,39,73,143,168,34,25
14281,58,81,83,101,23,18
14282,71,100,48,70,29,22
14283,122,156,106,132,34,26
14284,142,168,64,83,26,19
14285,159,190,156,180,31,24
14286,132,158,190,209,26,19
14287,142,175,241,265,33,24
14288,117,156,260,290,39,30
14289,200,224,239,257,24,18
14290,178,199,309,325,21,16
14291,139,158,134,148,19,14
14292,137,164,111,132,27,21
14293,127,151,180,198,24,18
14294,89,115,216,236,26,20
14295,88,116,248,269,28,21
14296,97,116,309,323,19,14
14297,49,78,293,314,29,21
14298,44,70,227,246,26,19
14299,46,76,126,148,30,22
14300,54,85,66,89,31,23
14301,82,123,22,53,41,31
14302,156,193,42,70,37,28
14303,185,230,91,125,45,34
14304,188,210,158,176,22,18
14305,195,222,238,258,27,20
14306,200,234,285,310,34,25
14307,31,55,169,187,24,18
14308,49,81,116,140,32,24
14309,44,68,285,304,24,19
14310,98,123,282,301,25,19
14311,132,169,212,241,37,29
14312,139,156,149,161,17,12
14313,138,169,81,105,31,24
14314,173,195,52,68,22,16
14315,136,159,9,26,23,17
14316,198,221,172,190,23,18
14317,161,188,282,302,27,20
14318,83,110,165,185,27,20
14319,139,178,198,227,39,29
14320,100,123,234,252,23,18
14321,71,99,166,188,28,22
14322,70,99,130,152,29,22
14323,59,88,72,94,29,22
14324,102,127,67,86,25,19
14325,135,149,93,103,14,10
14326,137,159,121,137,22,16
14327,165,194,104,125,29,21
14328,173,200,163,184,27,21
14329,152,190,267,295,38,28
14330,82,108,298,317,26,19
14331,48,68,245,260,20,15
14332,18,54,157,184,36,27
14333,204,225,63,79,21,16
14334,151,171,38,52,20,14
14335,48,75,26,47,27,21
14336,50,69,176,190,19,14
14337,80,102,200,217,22,17
14338,93,120,153,173,27,20
14339,120,159,202,232,39,30
14340,94,128,242,268,34,26
14341,139,195,99,141,56,42
14342,104,149,9,44,45,35
14343,178,220,28,59,42,31
14344,181,224,178,210,43,32
14345,176,215,262,291,39,29
14346,117,156,290,318,39,28
14347,47,83,291,318,36,27
14348,39,68,228,250,29,22
14349,42,68,64,84,26,20
14350,50,77,98,118,27,20
14351,44,76,6,30,32,24
14352,40,69,148,170,29,22
14353,71,99,192,213,28,21
14354,89,107,240,254,18,14
14355,88,105,281,294,17,13
14356,97,127,302,325,30,23
14357,132,158,270,289,26,19
14358,150,176,166,185,26,19
14359,198,222,279,297,24,18
14360,176,198,194,211,22,17
14361,164,190,111,130,26,19
14362,171,203,29,53,32,24
14363,38,70,22,46,32,24
14364,56,83,79,100,27,21
14365,91,115,126,143,24,17
14366,30,58,261,282,28,21
14367,45,72,312,333,27,21
14368,95,134,138,166,39,28
14369,88,128,77,107,40,30
14370,61,100,170,200,39,30
14371,99,130,224,248,31,24
14372,142,188,159,194,46,35
14373,165,195,215,237,30,22
14374,151,190,307,336,39,29
14375,54,80,41,61,26,20
14376,42,77,93,119,35,26
14377,135,181,10,44,46,34
14378,167,213,52,87,46,35
14379,32,70,232,261,38,29
14380,111,143,274,298,32,24
14381,83,136,110,150,53,40
14382,62,95,209,234,33,25
14383,107,157,203,241,50,38
14384,170,198,237,258,28,21
14385,111,146,258,284,35,26
14386,36,79,245,277,43,32
14387,42,66,175,193,24,18
14388,109,137,37,58,28,21
14389,154,189,69,95,35,26
14390,164,192,133,154,28,21
14391,168,200,286,310,32,24
14392,39,72,46,71,33,25
14393,132,151,249,264,19,15
14394,122,144,275,292,22,17
14395,89,105,244,256,16,12
14396,90,108,194,208,18,14
14397,85,107,138,154,22,16
14398,73,100,73,92,27,19
14399,108,141,22,47,33,25
14400,149,174,88,107,25,19
14401,150,182,139,163,32,24
14402,154,194,194,224,40,30
14403,40,67,275,295,27,20
14404,115,165,304,341,50,37
14405,43,67,12,30,24,18
14406,40,62,59,75,22,16
14407,172,203,38,61,31,23
14408,69,88,193,208,19,15
14409,112,137,192,210,25,18
14410,159,181,206,222,22,16
14411,166,210,85,118,44,33
14412,41,65,124,142,24,18
14413,51,68,175,188,17,13
14414,57,88,12,35,31,23
14415,115,146,19,43,31,24
14416,169,204,33,59,35,26
14417,47,79,264,288,32,24
14418,85,129,290,322,44,32
14419,144,168,58,76,24,18
14420,51,79,69,90,28,21
14421,68,88,26,41,20,15
14422,105,126,28,44,21,16
14423,142,175,20,45,33,25
14424,50,77,124,144,27,20
14425,37,68,183,206,31,23
14426,51,76,238,256,25,18
14427,86,116,308,331,30,23
14428,122,139,274,287,17,13
14429,166,183,315,327,17,12
14430,176,195,250,265,19,15
14431,201,225,277,295,24,18
14432,166,197,189,212,31,23
14433,136,164,113,134,28,21
14434,188,211,111,128,23,17
14435,118,142,175,192,24,17
14436,95,127,246,270,32,24
14437,91,115,157,175,24,18
14438,207,227,59,75,20,16
14439,159,190,94,118,31,24
14440,98,129,111,134,31,23
14441,92,110,172,186,18,14
14442,90,110,203,218,20,15
14443,110,139,229,250,29,21
14444,88,107,274,288,19,14
14445,102,141,288,317,39,29
14446,48,69,205,221,21,16
14447,39,66,128,148,27,20
14448,43,77,77,102,34,25
14449,63,103,43,73,40,30
14450,139,183,161,194,44,33
14451,164,211,213,248,47,35
14452,171,203,259,283,32,24
14453,34,56,280,297,22,17
14454,34,56,166,182,22,16
14455,39,66,129,148,27,19
14456,39,71,190,213,32,23
14457,57,81,248,266,24,18
14458,143,186,169,201,43,32
14459,166,203,226,254,37,28
14460,164,207,264,296,43,32
14461,161,193,83,107,32,24
14462,159,190,34,58,31,24
14463,30,55,36,54,25,18
14464,35,66,73,95,31,22
14465,161,192,121,145,31,24
14466,129,149,308,323,20,15
14467,73,89,314,326,16,12
14468,34,56,296,312,22,16
14469,29,51,238,255,22,17
14470,200,222,29,45,22,16
14471,213,235,113,129,22,16
14472,58,89,179,202,31,23
14473,62,79,229,242,17,13
14474,43,62,269,283,19,14
14475,106,132,263,282,26,19
14476,80,101,319,335,21,16
14477,32,49,312,325,17,13
14478,92,116,104,122,24,18
14479,126,151,71,90,25,19
14480,130,162,120,143,32,23
14481,172,203,52,75,31,23
14482,23,61,80,108,38,28
14483,24,41,225,238,17,13
14484,141,185,194,227,44,33
14485,85,106,264,280,21,16
14486,84,108,227,245,24,18
14487,69,88,188,203,19,15
14488,52,83,125,148,31,23
14489,71,103,80,104,32,24
14490,95,132,22,49,37,27
14491,154,188,15,41,34,26
14492,200,232,130,153,32,23
14493,144,156,304,313,12,9
14494,100,119,302,316,19,14
14495,43,62,225,239,19,14
14496,160,189,199,220,29,21
14497,124,144,183,198,20,15
14498,133,157,232,251,24,19
14499,102,135,36,61,33,25
14500,61,88,117,137,27,20
14501,56,87,166,189,31,23
14502,61,76,212,223,15,11
14503,53,71,250,264,18,14
14504,69,84,288,299,15,11
14505,94,119,290,308,25,18
14506,107,134,224,244,27,20
14507,119,150,162,185,31,23
14508,128,161,106,130,33,24
14509,32,66,13,38,34,25
14510,176,216,122,152,40,30
14511,185,226,177,208,41,31
14512,145,186,270,301,41,31
14513,39,70,83,106,31,23
14514,64,90,130,150,26,20
14515,67,90,189,207,23,18
14516,113,147,90,115,34,25
14517,134,176,165,196,42,31
14518,107,143,258,286,36,28
14519,53,77,292,310,24,18
14520,142,184,26,58,42,32
14521,48,93,9,43,45,34
14522,179,219,119,149,40,30
14523,107,137,7,30,30,23
14524,55,85,58,80,30,22
14525,105,146,63,94,41,31
14526,153,195,103,135,42,32
14527,54,84,134,156,30,22
14528,64,95,244,267,31,23
14529,127,150,245,263,23,18
14530,126,154,277,298,28,21
14531,82,120,291,319,38,28
14532,172,204,240,264,32,24
14533,176,207,174,198,31,24
14534,176,200,285,304,24,19
14535,46,73,199,220,27,21
14536,144,208,267,315,64,48
14537,173,227,310,350,54,40
14538,59,108,61,97,49,36
14539,68,98,113,135,30,22
14540,49,71,217,234,22,17
14541,45,80,256,282,35,26
14542,66,97,300,322,31,22
14543,132,164,99,123,32,24
14544,132,169,5,33,37,28
14545,176,205,55,76,29,21
14546,127,156,152,174,29,22
14547,34,64,178,200,30,22
14548,142,181,191,220,39,29
14549,187,217,122,145,30,23
14550,40,74,19,44,34,25
14551,95,134,223,252,39,29
14552,83,122,130,160,39,30
14553,49,90,200,232,41,32
14554,77,110,256,281,33,25
14555,120,174,277,318,54,41
14556,71,110,44,74,39,30
14557,149,186,45,72,37,27
14558,204,232,239,261,28,22
14559,142,176,154,179,34,25
14560,138,173,208,234,35,26
14561,173,209,91,117,36,26
14562,32,66,117,143,34,26
14563,32,57,31,50,25,19
14564,66,103,63,91,37,28
14565,58,85,108,128,27,20
14566,95,124,169,191,29,22
14567,80,98,216,229,18,13
14568,35,58,267,285,23,18
14569,87,120,292,317,33,25
14570,153,190,277,305,37,28
14571,156,188,200,224,32,24
14572,203,227,267,286,24,19
14573,171,196,90,109,25,19
14574,160,199,125,155,39,30
14575,165,198,15,40,33,25
14576,56,89,13,37,33,24
14577,36,66,159,181,30,22
14578,39,66,233,253,27,20
14579,97,132,232,259,35,27
14580,132,180,252,288,48,36
14581,113,143,152,174,30,22
14582,83,106,199,217,23,18
14583,94,132,44,73,38,29
14584,149,183,69,94,34,25
14585,174,208,105,130,34,25
14586,111,134,116,133,23,17
14587,35,66,72,96,31,24
14588,51,80,123,145,29,22
14589,32,48,196,208,16,12
14590,45,66,253,269,21,16
14591,168,200,197,221,32,24
14592,129,153,290,308,24,18
14593,88,106,306,319,18,13
14594,90,106,214,226,16,12
14595,108,122,154,164,14,10
14596,132,154,119,136,22,17
14597,61,91,33,56,30,23
14598,140,184,4,37,44,33
14599,179,207,76,96,28,20
14600,179,218,123,153,39,30
14601,90,118,249,271,28,22
14602,39,64,184,203,25,19
14603,41,75,97,122,34,25
14604,45,61,258,270,16,12
14605,154,203,235,272,49,37
14606,72,96,128,146,24,18
14607,63,98,47,74,35,27
14608,29,54,161,179,25,18
14609,29,51,243,260,22,17
14610,24,46,308,325,22,17
14611,58,76,323,336,18,13
14612,154,190,304,331,36,27
14613,113,134,126,141,21,15
14614,80,100,165,180,20,15
14615,85,110,210,229,25,19
14616,92,118,250,270,26,20
14617,52,73,270,286,21,16
14618,27,51,308,326,24,18
14619,28,52,230,248,24,18
14620,25,46,175,191,21,16
14621,24,47,112,129,23,17
14622,34,61,67,87,27,20
14623,65,99,50,75,34,25
14624,117,144,70,91,27,21
14625,183,208,76,95,25,19
14626,164,195,112,135,31,23
14627,159,190,155,179,31,24
14628,161,200,213,242,39,29
14629,154,188,277,302,34,25
14630,64,94,99,121,30,22
14631,107,140,299,324,33,25
14632,181,208,323,343,27,20
14633,183,227,14,47,44,33
14634,114,143,166,188,29,22
14635,188,214,147,167,26,20
14636,193,211,194,208,18,14
14637,58,81,130,147,23,17
14638,49,76,101,121,27,20
14639,58,83,60,79,25,19
14640,101,120,70,85,19,15
14641,164,206,219,250,42,31
14642,168,195,267,287,27,20
14643,137,158,308,324,21,16
14644,182,222,60,91,40,31
14645,197,217,111,126,20,15
14646,51,74,242,260,23,18
14647,101,135,220,245,34,25
14648,35,56,291,306,21,15
14649,43,66,307,324,23,17
14650,29,52,177,194,23,17
14651,24,51,133,153,27,20
14652,132,176,150,183,44,33
14653,121,160,87,116,39,29
14654,191,215,104,121,24,17
14655,58,83,128,146,25,18
14656,65,89,172,190,24,18
14657,80,110,222,245,30,23
14658,110,143,249,274,33,25
14659,166,198,253,277,32,24
14660,75,101,274,294,26,20
14661,71,107,11,39,36,28
14662,123,163,28,58,40,30
14663,195,222,47,67,27,20
14664,187,224,187,215,37,28
14665,32,54,63,80,22,17
14666,32,54,14,30,22,16
14667,32,55,199,216,23,17
14668,54,79,327,346,25,19
14669,137,172,31,57,35,26
14670,166,186,67,81,20,14
14671,93,123,96,119,30,23
14672,49,74,36,55,25,19
14673,49,72,106,123,23,17
14674,61,93,173,198,32,25
14675,102,137,131,157,35,26
14676,107,143,193,220,36,27
14677,73,97,221,238,24,17
14678,73,104,287,310,31,23
14679,118,139,276,291,21,15
14680,145,161,293,305,16,12
14681,178,205,246,267,27,21
14682,24,54,259,282,30,23
14683,26,46,177,191,20,14
14684,156,196,136,167,40,31
14685,174,213,174,204,39,30
14686,192,211,113,127,19,14
14687,194,224,47,70,30,23
14688,144,172,83,104,28,21
14689,146,169,157,175,23,18
14690,169,195,200,219,26,19
14691,170,205,238,265,35,27
14692,169,192,299,316,23,17
14693,29,49,132,148,20,16
14694,35,61,57,77,26,20
14695,72,98,81,101,26,20
14696,41,69,225,246,28,21
14697,56,78,302,319,22,17
14698,79,110,173,196,31,23
14699,86,111,237,256,25,19
14700,122,142,249,264,20,15
14701,129,151,183,199,22,16
14702,85,110,78,96,25,18
14703,116,141,67,85,25,18
14704,149,178,80,102,29,22
14705,161,194,115,140,33,25
14706,200,225,71,90,25,19
14707,57,85,131,152,28,21
14708,22,49,92,112,27,20
14709,40,61,15,31,21,16
14710,71,94,25,42,23,17
14711,109,127,28,42,18,14
14712,116,142,139,158,26,19
14713,165,195,203,225,30,22
14714,117,147,302,324,30,22
14715,68,94,296,316,26,20
14716,89,112,328,345,23,17
14717,28,48,324,339,20,15
14718,14,44,218,240,30,22
14719,41,66,253,272,25,19
14720,150,191,254,285,41,31
14721,192,232,300,330,40,30
14722,80,116,135,162,36,27
14723,82,131,203,239,49,36
14724,154,186,183,207,32,24
14725,99,143,265,298,44,33
14726,47,77,276,299,30,23
14727,1,34,102,127,33,25
14728,39,102,56,104,63,48
14729,120,149,67,88,29,21
14730,164,194,34,57,30,23
14731,183,208,93,112,25,19
14732,90,109,109,123,19,14
14733,100,133,48,73,33,25
14734,144,187,52,85,43,33
14735,97,127,143,166,30,23
14736,66,87,168,183,21,15
14737,62,90,209,230,28,21
14738,71,96,252,271,25,19
14739,117,168,227,265,51,38
14740,171,195,267,285,24,18
14741,44,68,39,58,24,19
14742,51,82,84,107,31,23
14743,110,142,56,80,32,24
14744,136,154,250,263,18,13
14745,124,161,323,350,37,27
14746,57,75,307,321,18,14
14747,58,101,103,135,43,32
14748,132,171,97,127,39,30
14749,151,193,138,169,42,31
14750,42,81,189,218,39,29
14751,57,90,243,267,33,24
14752,50,78,35,56,28,21
14753,154,196,18,49,42,31
14754,185,218,69,94,33,25
14755,179,217,199,227,38,28
14756,166,219,255,295,53,40
14757,75,97,179,196,22,17
14758,63,100,209,237,37,28
14759,21,51,117,139,30,22
14760,32,57,165,184,25,19
14761,66,95,273,295,29,22
14762,109,139,268,290,30,22
14763,144,176,209,232,32,23
14764,141,168,125,146,27,21
14765,119,148,82,104,29,22
14766,149,176,42,63,27,21
14767,178,206,106,127,28,21
14768,186,212,163,183,26,20
14769,190,216,274,294,26,20
14770,42,78,60,88,36,28
14771,38,81,13,46,43,33
14772,102,134,203,227,32,24
14773,107,134,240,260,27,20
14774,139,163,177,195,24,18
14775,140,177,113,140,37,27
14776,128,158,32,55,30,23
14777,176,199,62,79,23,17
14778,73,109,63,90,36,27
14779,51,83,113,136,32,23
14780,45,72,168,188,27,20
14781,48,66,241,254,18,13
14782,58,98,300,330,40,30
14783,114,135,305,321,21,16
14784,144,175,279,302,31,23
14785,168,203,236,262,35,26
14786,195,218,177,195,23,18
14787,111,148,201,229,37,28
14788,134,158,239,257,24,18
14789,109,137,65,86,28,21
14790,73,102,95,117,29,22
14791,47,71,156,174,24,18
14792,42,62,211,226,20,15
14793,57,92,243,269,35,26
14794,117,153,276,303,36,27
14795,178,205,260,280,27,20
14796,171,200,126,147,29,21
14797,166,192,29,48,26,19
14798,27,55,301,322,28,21
14799,29,62,16,41,33,25
14800,86,116,24,46,30,22
14801,135,170,23,49,35,26
14802,104,116,74,84,12,10
14803,83,104,49,65,21,16
14804,112,131,141,155,19,14
14805,93,110,171,183,17,12
14806,110,124,241,252,14,11
14807,113,138,209,228,25,19
14808,87,108,282,298,21,16
14809,83,100,318,331,17,13
14810,56,70,238,249,14,11
14811,42,64,144,160,22,16
14812,34,62,93,114,28,21
14813,100,124,92,110,24,18
14814,138,167,90,112,29,22
14815,186,221,133,159,35,26
14816,178,203,229,248,25,19
14817,203,227,64,81,24,17
14818,83,108,171,190,25,19
14819,102,117,123,134,15,11
14820,83,120,79,107,37,28
14821,129,170,54,84,41,30
14822,152,188,122,149,36,27
14823,136,171,8,34,35,26
14824,37,66,129,150,29,21
14825,24,62,205,234,38,29
14826,92,121,235,257,29,22
14827,141,173,253,278,32,25
14828,170,209,223,253,39,30
14829,181,215,288,313,34,25
14830,21,48,314,334,27,20
14831,43,76,257,282,33,25
14832,31,58,68,89,27,21
14833,59,81,34,50,22,16
14834,99,132,33,58,33,25
14835,58,83,125,145,25,20
14836,88,107,161,176,19,15
14837,125,159,136,161,34,25
14838,144,179,199,225,35,26
14839,89,119,251,273,30,22
14840,117,163,281,315,46,34
14841,179,208,271,293,29,22
14842,183,214,128,151,31,23
14843,194,220,100,120,26,20
14844,203,221,74,88,18,14
14845,66,97,88,111,31,23
14846,89,115,60,80,26,20
14847,87,116,28,50,29,22
14848,36,57,194,210,21,16
14849,44,76,237,261,32,24
14850,102,127,223,243,25,20
14851,123,154,255,278,31,23
14852,151,199,197,233,48,36
14853,136,179,151,184,43,33
14854,144,168,109,126,24,17
14855,159,186,76,96,27,20
14856,165,195,39,62,30,23
14857,154,195,302,333,41,31
14858,29,46,126,140,17,14
14859,34,57,99,116,23,17
14860,32,64,43,67,32,24
14861,86,115,286,307,29,21
14862,41,73,321,345,32,24
14863,47,76,48,69,29,21
14864,56,86,96,119,30,23
14865,64,97,158,183,33,25
14866,78,110,235,259,32,24
14867,83,112,288,310,29,22
14868,48,68,303,318,20,15
14869,32,52,200,215,20,15
14870,24,44,90,106,20,16
14871,181,208,241,262,27,21
14872,188,214,149,169,26,20
14873,191,215,87,104,24,17
14874,176,210,29,55,34,26
14875,76,103,22,42,27,20
14876,124,158,221,246,34,25
14877,164,192,288,310,28,22
14878,95,134,76,106,39,30
14879,48,73,132,151,25,19
14880,44,68,92,110,24,18
14881,52,73,61,77,21,16
14882,132,161,132,155,29,23
14883,124,167,172,204,43,32
14884,158,180,230,246,22,16
14885,171,204,273,297,33,24
14886,167,188,48,64,21,16
14887,192,215,143,160,23,17
14888,83,122,6,36,39,30
14889,73,97,208,226,24,18
14890,80,105,250,268,25,18
14891,113,139,272,292,26,20
14892,130,151,302,318,21,16
14893,153,195,223,254,42,31
14894,107,151,175,208,44,33
14895,54,86,136,161,32,25
14896,41,71,79,102,30,23
14897,55,86,36,59,31,23
14898,105,137,23,47,32,24
14899,151,180,57,79,29,22
14900,164,200,21,49,36,28
14901,177,212,126,153,35,27
14902,184,220,172,199,36,27
14903,184,214,280,302,30,22
14904,41,68,275,295,27,20
14905,27,49,226,243,22,17
14906,23,53,157,179,30,22
14907,48,81,120,145,33,25
14908,59,92,158,183,33,25
14909,85,104,210,224,19,14
14910,93,117,241,259,24,18
14911,104,126,282,299,22,17
14912,135,162,261,281,27,20
14913,138,166,218,239,28,21
14914,106,138,151,175,32,24
14915,112,143,91,115,31,24
14916,137,164,54,74,27,20
14917,90,117,54,74,27,20
14918,162,196,99,124,34,25
14919,179,213,170,195,34,25
14920,196,216,256,271,20,15
14921,187,214,306,326,27,20
14922,51,79,305,326,28,21
14923,30,55,250,269,25,19
14924,28,58,195,218,30,23
14925,107,150,11,42,43,31
14926,100,139,47,77,39,30
14927,94,124,81,103,30,22
14928,47,73,94,114,26,20
14929,84,112,130,150,28,20
14930,133,166,115,139,33,24
14931,157,180,154,171,23,17
14932,146,192,182,217,46,35
14933,166,192,304,324,26,20
14934,166,199,237,262,33,25
14935,171,207,60,87,36,27
14936,39,64,29,47,25,18
14937,22,56,188,213,34,25
14938,43,78,257,283,35,26
14939,53,96,291,323,43,32
14940,102,132,180,203,30,23
14941,89,107,247,260,18,13
14942,120,156,260,287,36,27
14943,154,177,227,244,23,17
14944,153,186,140,165,33,25
14945,93,122,80,102,29,22
14946,129,164,65,91,35,26
14947,190,211,102,118,21,16
14948,199,220,196,212,21,16
14949,176,210,4,29,34,25
14950,105,143,2,31,38,29
14951,31,66,48,74,35,26
14952,29,62,110,135,33,25
14953,45,77,151,175,32,24
14954,40,68,210,231,28,21
14955,27,58,275,299,31,24
14956,60,89,314,336,29,22
14957,63,93,155,177,30,22
14958,58,84,204,223,26,19
14959,78,114,121,148,36,27
14960,84,115,55,79,31,24
14961,140,184,99,132,44,33
14962,141,183,145,176,42,31
14963,117,152,179,206,35,27
14964,151,183,215,239,32,24
14965,149,175,266,285,26,19
14966,95,119,264,282,24,18
14967,35,64,232,254,29,22
14968,24,69,275,309,45,34
14969,24,52,28,49,28,21
14970,39,63,87,105,24,18
14971,134,173,4,32,39,28
14972,160,196,44,71,36,27
14973,193,231,235,264,38,29
14974,185,206,285,301,21,16
14975,201,229,157,177,28,20
14976,107,139,51,75,32,24
14977,98,120,110,126,22,16
14978,57,81,152,170,24,18
14979,67,101,187,212,34,25
14980,70,94,218,236,24,18
14981,82,113,13,36,31,23
14982,54,78,57,75,24,18
14983,40,62,101,118,22,17
14984,134,166,143,167,32,24
14985,134,171,187,214,37,27
14986,127,152,239,258,25,19
14987,89,102,273,283,13,10
14988,178,212,35,60,34,25
14989,176,204,93,114,28,21
14990,159,194,275,302,35,27
14991,142,168,317,337,26,20
14992,62,96,325,351,34,26
14993,35,61,301,320,26,19
14994,22,49,239,259,27,20
14995,18,46,176,197,28,21
14996,196,230,131,156,34,25
14997,190,225,217,243,35,26
14998,73,92,205,219,19,14
14999,90,112,262,279,22,17
15000,136,164,236,257,28,21
15001,188,215,166,187,27,21
15002,85,119,28,53,34,25
15003,95,127,61,85,32,24
15004,29,54,47,65,25,18
15005,27,61,106,132,34,26
15006,32,52,155,170,20,15
15007,41,68,213,233,27,20
15008,56,83,292,313,27,21
15009,114,138,323,341,24,18
15010,175,214,274,303,39,29
15011,181,208,93,113,27,20
15012,190,218,54,75,28,21
15013,167,198,166,189,31,23
15014,127,142,180,192,15,12
15015,105,132,111,131,27,20
15016,127,142,89,100,15,11
15017,58,77,164,177,19,13
15018,90,110,199,214,20,15
15019,87,113,242,261,26,19
15020,119,157,270,299,38,29
15021,91,116,296,315,25,19
15022,36,58,300,316,22,16
15023,24,54,241,263,30,22
15024,20,41,80,96,21,16
15025,34,63,28,50,29,22
15026,71,88,61,74,17,13
15027,171,205,72,97,34,25
15028,197,223,141,161,26,20
15029,193,221,251,272,28,21
15030,191,217,300,319,26,19
15031,48,68,98,113,20,15
15032,49,82,135,159,33,24
15033,100,139,176,205,39,29
15034,66,82,201,213,16,12
15035,39,60,215,230,21,15
15036,110,142,129,152,32,23
15037,135,181,78,112,46,34
15038,165,192,196,216,27,20
15039,142,171,248,269,29,21
15040,193,209,278,290,16,12
15041,63,104,234,265,41,31
15042,35,67,29,53,32,24
15043,155,193,22,51,38,29
15044,193,220,70,91,27,21
15045,183,215,151,175,32,24
15046,63,89,86,105,26,19
15047,55,84,132,154,29,22
15048,115,151,80,107,36,27
15049,57,82,31,50,25,19
15050,143,178,119,146,35,27
15051,155,198,168,201,43,33
15052,78,95,221,233,17,12
15053,66,93,261,280,27,19
15054,84,106,299,316,22,17
15055,122,149,309,330,27,21
15056,159,190,31,54,31,23
15057,46,68,175,192,22,17
15058,32,63,286,309,31,23
15059,58,78,319,334,20,15
15060,32,50,98,111,18,13
15061,122,164,212,244,42,32
15062,80,111,241,264,31,23
15063,63,96,299,323,33,24
15064,60,85,192,211,25,19
15065,61,88,157,177,27,20
15066,61,80,109,123,19,14
15067,131,157,134,154,26,20
15068,171,190,147,161,19,14
15069,114,137,162,180,23,18
15070,110,140,187,209,30,22
15071,127,151,38,57,24,19
15072,164,184,57,73,20,16
15073,186,215,107,129,29,22
15074,191,214,190,207,23,17
15075,183,205,256,273,22,17
15076,124,166,258,290,42,32
15077,147,182,293,319,35,26
15078,50,73,25,42,23,17
15079,48,85,59,87,37,28
15080,31,66,236,263,35,27
15081,32,52,293,308,20,15
15082,122,145,281,298,23,17
15083,86,107,292,307,21,15
15084,96,121,90,108,25,18
15085,65,98,51,76,33,25
15086,115,147,39,64,32,25
15087,50,83,139,164,33,25
15088,49,78,189,210,29,21
15089,49,77,253,274,28,21
15090,32,58,296,315,26,19
15091,155,183,97,118,28,21
15092,168,205,146,174,37,28
15093,186,214,207,229,28,22
15094,177,215,259,288,38,29
15095,187,210,307,324,23,17
15096,29,56,87,108,27,21
15097,159,206,8,44,47,36
15098,131,149,252,265,18,13
15099,66,98,108,132,32,24
15100,52,78,62,81,26,19
15101,62,90,16,37,28,21
15102,134,164,97,119,30,22
15103,153,181,156,178,28,22
15104,42,64,184,200,22,16
15105,51,76,227,245,25,18
15106,57,83,278,297,26,19
15107,189,227,302,330,38,28
15108,181,212,222,246,31,24
15109,75,98,67,84,23,17
15110,53,85,120,144,32,24
15111,52,76,167,185,24,18
15112,39,67,83,105,28,22
15113,102,139,17,44,37,27
15114,186,215,42,64,29,22
15115,180,203,99,117,23,18
15116,147,176,148,169,29,21
15117,133,176,182,214,43,32
15118,111,146,280,307,35,27
15119,55,77,310,326,22,16
15120,178,212,242,267,34,25
15121,180,215,294,320,35,26
15122,32,67,17,44,35,27
15123,14,49,96,122,35,26
15124,55,83,133,154,28,21
15125,69,92,180,197,23,17
15126,84,116,214,238,32,24
15127,109,131,115,132,22,17
15128,126,147,165,181,21,16
15129,110,152,38,70,42,32
15130,167,196,81,103,29,22
15131,173,200,177,197,27,20
15132,97,149,255,294,52,39
15133,48,77,275,297,29,22
15134,129,178,300,337,49,37
15135,180,208,259,280,28,21
15136,29,73,11,44,44,33
15137,63,89,67,86,26,19
15138,166,204,16,44,38,28
15139,49,72,160,177,23,17
15140,100,132,139,163,32,24
15141,112,133,86,102,21,16
15142,84,110,30,50,26,20
15143,126,156,30,53,30,23
15144,155,183,75,97,28,22
15145,161,186,148,166,25,18
15146,130,165,207,233,35,26
15147,133,159,263,283,26,20
15148,142,170,298,319,28,21
15149,183,210,260,280,27,20
15150,39,70,193,216,31,23
15151,34,59,246,265,25,19
15152,39,63,301,319,24,18
15153,186,212,101,121,26,20
15154,197,228,180,204,31,24
15155,28,55,55,75,27,20
15156,42,59,133,146,17,13
15157,174,202,15,36,28,21
15158,51,76,160,179,25,19
15159,71,98,221,241,27,20
15160,76,112,279,306,36,27
15161,118,151,229,253,33,24
15162,132,164,175,200,32,25
15163,94,117,100,118,23,18
15164,65,101,36,63,36,27
15165,120,142,47,63,22,16
15166,172,212,62,93,40,31
15167,182,210,131,152,28,21
15168,190,212,205,221,22,16
15169,135,161,125,145,26,20
15170,34,63,114,136,29,22
15171,102,129,28,48,27,20
15172,134,154,19,33,20,14
15173,47,74,81,101,27,20
15174,83,104,77,92,21,15
15175,50,73,111,129,23,18
15176,33,44,167,175,11,8
15177,39,58,203,217,19,14
15178,39,54,242,253,15,11
15179,73,95,214,230,22,16
15180,122,162,247,277,40,30
15181,47,73,300,319,26,19
15182,31,45,331,341,14,10
15183,34,53,32,46,19,14
15184,57,82,14,32,25,18
15185,115,140,69,88,25,19
15186,158,200,62,94,42,32
15187,155,185,138,160,30,22
15188,149,176,182,203,27,21
15189,110,134,215,233,24,18
15190,169,203,257,282,34,25
15191,142,174,282,306,32,24
15192,151,192,319,349,41,30
15193,101,123,97,113,22,16
15194,171,215,104,137,44,33
15195,96,126,130,152,30,22
15196,188,213,204,222,25,18
15197,29,58,128,150,29,22
15198,112,142,42,65,30,23
15199,71,101,16,39,30,23
15200,38,62,58,76,24,18
15201,28,55,104,124,27,20
15202,30,49,135,148,19,13
15203,41,64,154,171,23,17
15204,44,68,186,204,24,18
15205,38,50,230,239,12,9
15206,34,54,258,273,20,15
15207,40,66,291,310,26,19
15208,52,71,313,326,19,13
15209,125,145,204,219,20,15
15210,135,161,166,185,26,19
15211,203,230,76,96,27,20
15212,177,195,103,116,18,13
15213,128,169,66,97,41,31
15214,133,156,109,127,23,18
15215,91,122,103,126,31,23
15216,161,190,150,172,29,22
15217,176,202,195,215,26,20
15218,167,198,240,263,31,23
15219,127,154,268,288,27,20
15220,91,120,92,114,29,22
15221,68,101,180,204,33,24
15222,61,99,141,170,38,29
15223,58,78,91,106,20,15
15224,63,98,35,62,35,27
15225,128,158,32,54,30,22
15226,168,209,45,76,41,31
15227,165,204,146,175,39,29
15228,144,187,229,261,43,32
15229,159,186,295,315,27,20
15230,52,73,151,166,21,15
15231,47,73,198,218,26,20
15232,98,129,161,185,31,24
15233,118,142,223,241,24,18
15234,138,164,113,133,26,20
15235,167,198,47,71,31,24
15236,183,208,154,173,25,19
15237,166,191,203,222,25,19
15238,168,201,271,296,33,25
15239,43,85,250,282,42,32
15240,39,66,55,75,27,20
15241,38,71,102,127,33,25
15242,67,88,88,104,21,16
15243,76,112,113,140,36,27
15244,129,156,136,157,27,21
15245,88,107,170,185,19,15
15246,34,61,208,229,27,21
15247,74,106,223,247,32,24
15248,111,132,251,267,21,16
15249,122,144,288,304,22,16
15250,152,184,309,333,32,24
15251,174,201,110,130,27,20
15252,183,212,64,87,29,23
15253,114,137,40,58,23,18
15254,51,76,26,44,25,18
15255,38,63,137,156,25,19
15256,50,66,182,194,16,12
15257,142,178,186,213,36,27
15258,135,176,217,247,41,30
15259,178,203,262,282,25,20
15260,206,230,210,228,24,18
15261,198,225,65,85,27,20
15262,156,178,32,49,22,17
15263,129,148,79,93,19,14
15264,110,137,115,135,27,20
15265,132,166,161,187,34,26
15266,116,139,206,223,23,17
15267,134,153,261,276,19,15
15268,67,101,278,303,34,25
15269,112,143,293,316,31,23
15270,57,77,224,239,20,15
15271,54,75,175,191,21,16
15272,54,77,114,131,23,17
15273,50,79,40,62,29,22
15274,148,176,101,122,28,21
15275,187,205,262,275,18,13
15276,182,212,186,209,30,23
15277,119,140,78,94,21,16
15278,120,166,119,154,46,35
15279,142,169,207,228,27,21
15280,127,159,231,255,32,24
15281,111,141,282,304,30,22
15282,64,81,87,100,17,13
15283,30,68,107,135,38,28
15284,67,88,150,165,21,15
15285,71,83,199,208,12,9
15286,99,119,185,200,20,15
15287,56,76,240,255,20,15
15288,150,178,179,200,28,21
15289,183,215,23,47,32,24
15290,195,214,75,90,19,15
15291,195,215,133,147,20,14
15292,202,226,279,297,24,18
15293,164,182,290,304,18,14
15294,179,214,302,328,35,26
15295,185,208,204,222,23,18
15296,33,61,206,227,28,21
15297,81,103,43,60,22,17
15298,47,66,95,109,19,14
15299,56,74,141,155,18,14
15300,72,94,168,184,22,16
15301,67,97,193,215,30,22
15302,117,143,182,201,26,19
15303,124,156,137,161,32,24
15304,144,166,106,122,22,16
15305,166,205,198,227,39,29
15306,149,188,276,305,39,29
15307,78,111,250,274,33,24
15308,44,61,267,280,17,13
15309,27,47,47,63,20,16
15310,39,55,200,212,16,12
15311,115,155,218,248,40,30
15312,40,65,328,347,25,19
15313,19,44,306,325,25,19
15314,56,75,294,308,19,14
15315,11,36,246,265,25,19
15316,10,26,194,206,16,12
15317,10,30,158,173,20,15
15318,167,198,38,61,31,23
15319,192,226,69,95,34,26
15320,80,107,195,215,27,20
15321,97,136,142,171,39,29
15322,48,72,98,116,24,18
15323,51,71,151,166,20,15
15324,39,54,211,222,15,11
15325,42,63,256,271,21,15
15326,129,164,50,75,35,25
15327,164,191,77,98,27,21
15328,155,191,112,139,36,27
15329,152,181,188,210,29,22
15330,130,172,214,245,42,31
15331,205,228,87,104,23,17
15332,72,100,26,47,28,21
15333,51,87,51,78,36,27
15334,115,166,255,294,51,39
15335,102,117,87,98,15,11
15336,77,100,127,144,23,17
15337,67,88,183,199,21,16
15338,76,95,241,256,19,15
15339,90,120,294,316,30,22
15340,43,68,295,313,25,18
15341,35,56,225,241,21,16
15342,37,63,101,120,26,19
15343,51,82,59,83,31,24
15344,153,190,86,113,37,27
15345,186,212,47,67,26,20
15346,141,178,217,245,37,28
15347,181,208,255,275,27,20
15348,198,220,174,191,22,17
15349,191,219,118,138,28,20
15350,90,117,175,196,27,21
15351,204,230,241,261,26,20
15352,131,168,180,208,37,28
15353,107,146,279,308,39,29
15354,50,79,255,277,29,22
15355,63,103,57,87,40,30
15356,131,164,58,82,33,24
15357,119,168,121,159,49,38
15358,47,78,134,157,31,23
15359,97,139,4,35,42,31
15360,171,213,22,54,42,32
15361,189,218,74,96,29,22
15362,189,223,141,166,34,25
15363,54,90,161,188,36,27
15364,77,122,206,239,45,33
15365,127,149,259,275,22,16
15366,138,172,158,184,34,26
15367,98,132,77,103,34,26
15368,177,211,130,156,34,26
15369,188,217,260,282,29,22
15370,172,214,203,234,42,31
15371,24,61,14,42,37,28
15372,19,57,62,91,38,29
15373,16,46,124,146,30,22
15374,28,61,250,275,33,25
15375,51,98,286,322,47,36
15376,135,177,300,332,42,32
15377,171,211,64,94,40,30
15378,198,221,18,35,23,17
15379,71,87,65,77,16,12
15380,98,120,105,122,22,17
15381,137,165,107,129,28,22
15382,144,171,71,91,27,20
15383,37,56,134,148,19,14
15384,93,116,148,165,23,17
15385,144,178,194,220,34,26
15386,154,186,238,261,32,23
15387,195,224,233,255,29,22
15388,106,146,265,296,40,31
15389,174,202,114,135,28,21
15390,178,217,40,69,39,29
15391,30,55,68,86,25,18
15392,31,68,210,239,37,29
15393,51,78,275,295,27,20
15394,51,89,317,345,38,28
15395,145,190,304,338,45,34
15396,65,100,133,160,35,27
15397,67,93,193,213,26,20
15398,79,115,234,260,36,26
15399,99,139,270,300,40,30
15400,87,132,54,88,45,34
15401,138,191,24,64,53,40
15402,140,185,125,158,45,33
15403,164,210,172,206,46,34
15404,26,59,236,261,33,25
15405,29,56,170,190,27,20
15406,26,61,72,98,35,26
15407,136,165,208,230,29,22
15408,101,130,160,182,29,22
15409,107,146,91,121,39,30
15410,34,63,113,135,29,22
15411,91,110,69,83,19,14
15412,115,166,29,67,51,38
15413,167,190,155,172,23,17
15414,155,185,196,219,30,23
15415,165,205,252,282,40,30
15416,162,195,313,338,33,25
15417,47,85,82,110,38,28
15418,39,74,9,35,35,26
15419,183,217,40,66,34,26
15420,177,230,109,148,53,39
15421,63,97,203,229,34,26
15422,122,168,113,148,46,35
15423,102,135,195,220,33,25
15424,81,102,181,197,21,16
15425,49,82,117,142,33,25
15426,50,72,82,99,22,17
15427,24,51,46,66,27,20
15428,68,94,30,49,26,19
15429,140,163,58,75,23,17
15430,196,217,54,70,21,16
15431,180,206,130,150,26,20
15432,187,220,83,108,33,25
15433,165,215,206,243,50,37
15434,168,200,260,285,32,25
15435,67,96,253,274,29,21
15436,54,78,284,302,24,18
15437,40,66,195,215,26,20
15438,29,45,159,171,16,12
15439,98,120,274,291,22,17
15440,90,110,66,82,20,16
15441,111,138,43,64,27,21
15442,55,83,45,66,28,21
15443,41,76,108,134,35,26
15444,56,81,164,183,25,19
15445,90,109,221,235,19,14
15446,93,126,263,288,33,25
15447,130,158,206,226,28,20
15448,111,142,151,173,31,22
15449,110,144,108,133,34,25
15450,151,192,106,136,41,30
15451,174,198,161,180,24,19
15452,181,203,202,219,22,17
15453,160,198,249,277,38,28
15454,18,42,262,280,24,18
15455,42,71,294,316,29,22
15456,142,175,302,326,33,24
15457,44,76,325,349,32,24
15458,134,159,248,266,25,18
15459,110,137,204,224,27,20
15460,102,129,166,186,27,20
15461,95,124,109,130,29,21
15462,139,166,92,112,27,20
15463,166,196,127,150,30,23
15464,55,90,240,266,35,26
15465,87,120,270,294,33,24
15466,36,56,77,91,20,14
15467,41,74,106,131,33,25
15468,57,91,153,178,34,25
15469,173,210,216,244,37,28
15470,102,135,303,328,33,25
15471,65,95,161,183,30,22
15472,56,81,211,230,25,19
15473,73,98,246,264,25,18
15474,127,156,253,275,29,22
15475,117,147,175,197,30,22
15476,147,184,125,153,37,28
15477,180,205,68,87,25,19
15478,163,213,209,247,50,38
15479,57,95,106,135,38,29
15480,65,93,176,197,28,21
15481,73,115,208,239,42,31
15482,103,136,249,274,33,25
15483,127,163,163,190,36,27
15484,146,172,122,142,26,20
15485,131,171,66,96,40,30
15486,81,113,49,73,32,24
15487,34,58,270,288,24,18
15488,72,120,284,321,48,37
15489,144,190,279,313,46,34
15490,164,196,237,262,32,25
15491,162,197,205,231,35,26
15492,173,215,29,60,42,31
15493,103,119,192,204,16,12
15494,73,93,219,233,20,14
15495,72,96,249,267,24,18
15496,67,91,305,323,24,18
15497,105,131,281,301,26,20
15498,131,159,253,274,28,21
15499,158,183,216,235,25,19
15500,129,161,34,58,32,24
15501,70,98,54,75,28,21
15502,90,129,84,113,39,29
15503,53,79,139,159,26,20
15504,169,203,93,118,34,25
15505,175,219,136,169,44,33
15506,181,205,183,201,24,18
15507,153,191,140,169,38,29
15508,119,137,116,130,18,14
15509,112,132,84,99,20,15
15510,68,88,131,145,20,14
15511,72,101,172,194,29,22
15512,95,120,221,239,25,18
15513,98,125,265,286,27,21
15514,96,121,302,320,25,18
15515,58,78,296,310,20,14
15516,34,53,259,274,19,15
15517,35,59,213,231,24,18
15518,32,57,143,162,25,19
15519,43,70,102,122,27,20
15520,47,80,63,88,33,25
15521,56,82,42,62,26,20
15522,90,128,20,49,38,29
15523,138,174,151,178,36,27
15524,151,186,202,228,35,26
15525,169,193,248,266,24,18
15526,165,193,100,121,28,21
15527,134,185,34,72,51,38
15528,37,58,48,64,21,16
15529,43,63,122,138,20,16
15530,46,65,185,200,19,15
15531,51,71,232,247,20,15
15532,46,82,273,300,36,27
15533,95,126,288,311,31,23
15534,175,230,24,66,55,42
15535,95,127,83,107,32,24
15536,33,75,38,70,42,32
15537,54,88,93,119,34,26
15538,69,112,147,179,43,32
15539,63,86,288,305,23,17
15540,95,122,256,276,27,20
15541,101,131,22,44,30,22
15542,149,192,98,130,43,32
15543,135,181,160,194,46,34
15544,149,205,221,264,56,43
15545,107,147,288,318,40,30
15546,99,143,155,188,44,33
15547,54,87,197,221,33,24
15548,93,131,234,263,38,29
15549,113,156,263,295,43,32
15550,158,193,211,237,35,26
15551,147,176,102,124,29,22
15552,80,118,48,76,38,28
15553,48,76,77,98,28,21
15554,58,102,127,159,44,32
15555,34,58,157,175,24,18
15556,24,59,244,270,35,26
15557,45,80,290,316,35,26
15558,120,150,310,332,30,22
15559,164,199,28,55,35,27
15560,190,227,95,124,37,29
15561,171,205,153,178,34,25
15562,132,151,251,266,19,15
15563,197,223,313,333,26,20
15564,88,115,297,318,27,21
15565,12,35,72,89,23,17
15566,16,39,127,145,23,18
15567,36,60,159,177,24,18
15568,36,61,208,227,25,19
15569,56,88,233,257,32,24
15570,104,128,181,199,24,18
15571,61,105,40,73,44,33
15572,114,145,81,105,31,24
15573,154,180,116,135,26,19
15574,178,207,74,96,29,22
15575,153,196,183,215,43,32
15576,136,171,284,311,35,27
15577,111,142,48,71,31,23
15578,110,136,96,116,26,20
15579,51,77,107,126,26,19
15580,46,73,138,158,27,20
15581,38,63,197,216,25,19
15582,46,73,237,257,27,20
15583,44,68,293,311,24,18
15584,85,115,286,308,30,22
15585,136,173,265,293,37,28
15586,180,208,255,275,28,20
15587,178,211,308,333,33,25
15588,171,203,62,86,32,24
15589,156,196,121,151,40,30
15590,127,182,171,213,55,42
15591,38,75,62,90,37,28
15592,73,105,90,113,32,23
15593,68,98,132,154,30,22
15594,152,195,139,171,43,32
15595,140,178,79,107,38,28
15596,62,106,31,64,44,33
15597,41,73,163,187,32,24
15598,55,90,238,264,35,26
15599,32,58,269,288,26,19
15600,46,75,294,316,29,22
15601,146,183,13,41,37,28
15602,107,136,229,251,29,22
15603,92,117,210,229,25,19
15604,42,72,161,183,30,22
15605,39,68,208,230,29,22
15606,36,64,257,278,28,21
15607,44,73,302,323,29,21
15608,41,78,58,85,37,27
15609,83,120,35,63,37,28
15610,128,169,74,105,41,31
15611,154,188,128,154,34,26
15612,154,199,185,219,45,34
15613,159,203,238,271,44,33
15614,147,185,292,320,38,28
15615,178,205,22,42,27,20
15616,102,139,147,174,37,27
15617,98,129,51,73,31,22
15618,137,164,119,139,27,20
15619,120,157,152,179,37,27
15620,85,121,195,221,36,26
15621,159,189,230,253,30,23
15622,186,217,152,176,31,24
15623,172,201,271,293,29,22
15624,75,99,254,272,24,18
15625,46,66,172,187,20,15
15626,43,71,285,306,28,21
15627,96,129,203,227,33,24
15628,81,105,247,265,24,18
15629,115,146,274,297,31,23
15630,61,103,61,93,42,32
15631,118,171,73,112,53,39
15632,61,100,121,150,39,29
15633,38,67,177,198,29,21
15634,175,229,179,220,54,41
15635,168,196,258,279,28,21
15636,137,168,146,170,31,24
15637,159,194,228,255,35,27
15638,57,83,172,191,26,19
15639,45,61,135,147,16,12
15640,50,66,100,112,16,12
15641,41,59,62,76,18,14
15642,34,54,33,47,20,14
15643,137,165,12,34,28,22
15644,147,185,53,81,38,28
15645,152,186,100,125,34,25
15646,200,225,144,162,25,18
15647,53,73,240,255,20,15
15648,43,61,298,311,18,13
15649,80,95,285,296,15,11
15650,27,49,256,273,22,17
15651,180,208,198,219,28,21
15652,152,188,309,336,36,27
15653,195,217,18,34,22,16
15654,201,227,269,288,26,19
15655,100,127,190,210,27,20
15656,74,102,230,251,28,21
15657,80,116,267,293,36,26
15658,39,63,198,216,24,18
15659,30,58,134,155,28,21
15660,35,61,90,110,26,20
15661,63,107,49,82,44,33
15662,122,148,32,52,26,20
15663,150,176,58,77,26,19
15664,176,198,97,113,22,16
15665,176,205,148,169,29,21
15666,161,190,205,227,29,22
15667,155,183,255,275,28,20
15668,95,132,311,338,37,27
15669,51,80,304,326,29,22
15670,39,58,283,297,19,14
15671,30,51,241,257,21,16
15672,198,226,276,297,28,21
15673,159,194,296,322,35,26
15674,93,115,294,310,22,16
15675,63,83,215,230,20,15
15676,48,76,184,204,28,20
15677,46,72,131,151,26,20
15678,96,137,64,94,41,30
15679,178,214,102,129,36,27
15680,173,193,186,202,20,16
15681,153,176,259,276,23,17
15682,132,162,291,313,30,22
15683,27,63,55,83,36,28
15684,76,127,92,131,51,39
15685,117,151,150,176,34,26
15686,122,146,203,221,24,18
15687,129,164,17,42,35,25
15688,65,95,169,191,30,22
15689,42,73,226,249,31,23
15690,43,66,253,271,23,18
15691,105,156,210,248,51,38
15692,118,139,261,277,21,16
15693,142,175,94,119,33,25
15694,61,95,57,84,34,27
15695,70,98,114,136,28,22
15696,128,175,46,81,47,35
15697,168,205,149,178,37,29
15698,178,221,230,262,43,32
15699,126,164,297,325,38,28
15700,51,90,290,319,39,29
15701,37,84,16,51,47,35
15702,79,112,74,99,33,25
15703,94,122,146,167,28,21
15704,80,115,194,221,35,27
15705,148,193,187,221,45,34
15706,136,173,237,266,37,29
15707,151,183,295,319,32,24
15708,171,224,65,105,53,40
15709,39,73,108,133,34,25
15710,36,57,176,192,21,16
15711,29,46,230,243,17,13
15712,37,78,30,61,41,31
15713,100,144,19,51,44,32
15714,23,56,297,321,33,24
15715,117,149,129,153,32,24
15716,112,149,105,133,37,28
15717,58,84,63,82,26,19
15718,88,123,39,65,35,26
15719,66,101,172,198,35,26
15720,80,111,243,266,31,23
15721,124,170,241,276,46,35
15722,84,120,293,320,36,27
15723,146,196,175,213,50,38
15724,183,222,88,118,39,30
15725,34,62,254,275,28,21
15726,32,61,94,116,29,22
15727,56,82,129,148,26,19
15728,70,95,189,209,25,20
15729,68,96,216,236,28,20
15730,80,106,274,293,26,19
15731,127,153,261,281,26,20
15732,119,149,183,206,30,23
15733,106,144,98,126,38,28
15734,56,82,70,90,26,20
15735,47,66,153,167,19,14
15736,29,47,223,236,18,13
15737,120,167,24,59,47,35
15738,165,190,75,94,25,19
15739,175,210,144,170,35,26
15740,190,224,242,268,34,26
15741,34,63,10,33,29,23
15742,89,119,302,324,30,22
15743,84,114,259,282,30,23
15744,66,93,218,239,27,21
15745,54,79,171,190,25,19
15746,54,82,133,154,28,21
15747,39,78,40,70,39,30
15748,80,100,90,105,20,15
15749,108,137,135,157,29,22
15750,122,149,216,237,27,21
15751,149,196,176,212,47,36
15752,152,203,266,304,51,38
15753,88,119,185,208,31,23
15754,173,198,157,176,25,19
15755,156,175,114,128,19,14
15756,175,200,68,87,25,19
15757,120,142,29,45,22,16
15758,89,111,63,79,22,16
15759,71,100,106,128,29,22
15760,60,92,145,169,32,24
15761,56,91,187,213,35,26
15762,107,140,209,234,33,25
15763,75,105,246,268,30,22
15764,117,154,259,287,37,28
15765,155,183,183,205,28,22
15766,160,190,141,164,30,23
15767,161,199,91,120,38,29
15768,41,82,293,324,41,31
15769,29,49,247,263,20,16
15770,31,46,188,200,15,12
15771,160,194,301,327,34,26
15772,75,106,216,239,31,23
15773,75,107,151,175,32,24
15774,113,151,171,200,38,29
15775,84,127,260,293,43,33
15776,155,179,250,268,24,18
15777,122,164,112,144,42,32
15778,61,83,75,91,22,16
15779,43,75,127,151,32,24
15780,96,125,82,104,29,22
15781,133,184,51,89,51,38
15782,56,82,16,35,26,19
15783,38,70,270,294,32,24
15784,159,191,300,324,32,24
15785,173,201,141,163,28,22
15786,194,225,192,215,31,23
15787,27,49,212,229,22,17
15788,109,138,202,224,29,22
15789,147,171,235,252,24,17
15790,151,181,281,303,30,22
15791,146,164,97,111,18,14
15792,151,186,34,61,35,27
15793,102,128,35,54,26,19
15794,64,89,93,112,25,19
15795,49,77,150,171,28,21
15796,54,79,234,253,25,19
15797,55,91,290,318,36,28
15798,45,68,109,126,23,17
15799,61,90,144,165,29,21
15800,105,137,85,109,32,24
15801,134,161,46,67,27,21
15802,149,173,145,163,24,18
15803,107,134,228,248,27,20
15804,71,95,257,275,24,18
15805,60,92,286,310,32,24
15806,46,66,199,214,20,15
15807,105,133,173,195,28,22
15808,157,191,200,226,34,26
15809,162,193,267,290,31,23
15810,115,141,311,330,26,19
15811,48,76,326,347,28,21
15812,37,51,252,262,14,10
15813,106,135,5,27,29,22
15814,69,106,145,173,37,28
15815,73,98,205,224,25,19
15816,80,106,246,265,26,19
15817,44,81,281,309,37,28
15818,38,55,235,248,17,13
15819,27,43,172,184,16,12
15820,80,120,44,73,40,29
15821,128,165,29,57,37,28
15822,160,195,74,100,35,26
15823,138,187,110,147,49,37
15824,42,88,72,107,46,35
15825,103,122,191,205,19,14
15826,88,98,194,201,10,7
15827,68,83,203,215,15,12
15828,57,82,224,243,25,19
15829,61,78,245,257,17,12
15830,70,90,274,289,20,15
15831,70,95,307,325,25,18
15832,122,154,291,314,32,23
15833,144,161,251,263,17,12
15834,145,172,138,158,27,20
15835,123,149,96,116,26,20
15836,127,164,39,67,37,28
15837,88,110,40,57,22,17
15838,71,95,73,91,24,18
15839,76,111,103,130,35,27
15840,68,100,128,152,32,24
15841,42,68,173,192,26,19
15842,166,202,168,195,36,27
15843,178,211,197,221,33,24
15844,190,209,69,83,19,14
15845,127,140,163,173,13,10
15846,117,127,250,258,10,8
15847,87,102,190,201,15,11
15848,56,71,197,208,15,11
15849,58,72,160,171,14,11
15850,47,65,23,37,18,14
15851,49,71,53,69,22,16
15852,85,103,79,92,18,13
15853,115,142,59,79,27,20
15854,146,172,84,103,26,19
15855,158,184,116,136,26,20
15856,174,203,155,176,29,21
15857,177,198,228,244,21,16
15858,168,192,257,274,24,17
15859,152,174,281,297,22,16
15860,137,152,254,266,15,12
15861,40,61,258,274,21,16
15862,45,62,295,308,17,13
15863,51,70,313,327,19,14
15864,198,222,62,80,24,18
15865,110,136,133,152,26,19
15866,36,53,110,122,17,12
15867,54,73,138,152,19,14
15868,30,42,179,188,12,9
15869,29,50,208,224,21,16
15870,51,66,239,251,15,12
15871,73,87,103,113,14,10
15872,70,90,129,144,20,15
15873,83,107,164,181,24,17
15874,127,145,130,143,18,13
15875,134,163,90,111,29,21
15876,144,169,177,196,25,19
15877,126,149,221,239,23,18
15878,99,120,242,258,21,16
15879,79,103,269,287,24,18
15880,49,62,285,296,13,11
15881,57,83,183,203,26,20
15882,37,75,217,245,38,28
15883,142,166,288,306,24,18
15884,166,200,238,263,34,25
15885,192,218,158,178,26,20
15886,188,217,117,139,29,22
15887,203,226,70,88,23,18
15888,97,127,46,68,30,22
15889,120,154,68,93,34,25
15890,139,158,15,29,19,14
15891,69,89,99,113,20,14
15892,73,101,126,147,28,21
15893,117,145,130,151,28,21
15894,159,187,116,137,28,21
15895,188,212,77,95,24,18
15896,212,234,125,141,22,16
15897,173,190,154,167,17,13
15898,129,148,170,184,19,14
15899,91,115,200,218,24,18
15900,66,87,160,176,21,16
15901,46,76,193,215,30,22
15902,47,72,224,242,25,18
15903,94,121,231,252,27,21
15904,146,176,234,256,30,22
15905,168,195,263,283,27,20
15906,182,216,185,210,34,25
15907,86,114,286,307,28,21
15908,49,76,40,61,27,21
15909,95,124,11,33,29,22
15910,138,159,5,21,21,16
15911,95,126,42,65,31,23
15912,61,83,75,92,22,17
15913,47,70,108,125,23,17
15914,45,63,146,160,18,14
15915,56,73,190,202,17,12
15916,106,129,165,182,23,17
15917,137,163,216,235,26,19
15918,168,188,138,152,20,14
15919,173,204,265,289,31,24
15920,41,66,274,292,25,18
15921,41,62,217,233,21,16
15922,92,114,216,233,22,17
15923,93,117,82,101,24,19
15924,154,173,33,48,19,15
15925,177,195,100,114,18,14
15926,171,198,133,153,27,20
15927,134,153,175,189,19,14
15928,87,110,193,211,23,18
15929,81,102,239,255,21,16
15930,86,105,303,317,19,14
15931,118,146,307,328,28,21
15932,49,68,82,97,19,15
15933,61,85,25,43,24,18
15934,105,134,16,38,29,22
15935,192,212,205,221,20,16
15936,184,203,249,263,19,14
15937,175,195,302,317,20,15
15938,149,171,237,254,22,17
15939,137,158,198,214,21,16
15940,39,66,151,171,27,20
15941,102,127,155,174,25,19
15942,197,220,158,176,23,18
15943,208,224,67,79,16,12
15944,58,78,86,101,20,15
15945,81,104,117,134,23,17
15946,100,127,155,176,27,21
15947,125,150,268,286,25,18
15948,129,152,304,321,23,17
15949,66,88,257,273,22,16
15950,68,87,303,318,19,15
15951,147,190,224,256,43,32
15952,180,203,174,191,23,17
15953,171,198,119,139,27,20
15954,149,186,43,71,37,28
15955,129,155,95,115,26,20
15956,41,73,164,188,32,24
15957,41,91,203,241,50,38
15958,103,125,49,66,22,17
15959,17,46,293,314,29,21
15960,108,135,83,103,27,20
15961,98,122,126,144,24,18
15962,98,124,178,198,26,20
15963,78,104,209,228,26,19
15964,76,105,246,268,29,22
15965,24,56,107,131,32,24
15966,48,67,158,172,19,14
15967,44,71,190,210,27,20
15968,39,67,246,267,28,21
15969,88,117,290,311,29,21
15970,144,190,272,306,46,34
15971,154,183,228,249,29,21
15972,159,190,160,184,31,24
15973,176,198,102,119,22,17
15974,186,212,45,65,26,20
15975,56,87,15,38,31,23
15976,37,55,67,81,18,14
15977,73,98,70,88,25,18
15978,38,70,308,332,32,24
15979,121,139,212,226,18,14
15980,110,128,179,192,18,13
15981,104,123,136,150,19,14
15982,94,110,189,201,16,12
15983,88,109,237,253,21,16
15984,107,131,270,288,24,18
15985,103,121,299,312,18,13
15986,71,88,299,311,17,12
15987,47,66,267,281,19,14
15988,49,66,225,238,17,13
15989,41,74,178,203,33,25
15990,46,63,139,152,17,13
15991,37,66,59,81,29,22
15992,60,83,102,120,23,18
15993,79,105,41,60,26,19
15994,110,128,33,46,18,13
15995,191,215,23,40,24,17
15996,197,220,59,76,23,17
15997,199,234,88,115,35,27
15998,200,223,135,153,23,18
15999,208,230,174,190,22,16
16000,203,220,209,222,17,13
16001,192,216,261,279,24,18
16002,200,227,294,314,27,20
16003,100,127,89,109,27,20
16004,208,226,63,77,18,14
16005,143,172,199,220,29,21
16006,130,153,244,261,23,17
16007,107,124,265,279,17,14
16008,65,80,227,238,15,11
16009,58,94,126,153,36,27
16010,112,152,136,166,40,30
16011,66,88,63,79,22,16
16012,90,120,42,64,30,22
16013,132,154,20,36,22,16
16014,177,193,114,126,16,12
16015,173,201,145,166,28,21
16016,198,221,178,195,23,17
16017,181,205,221,239,24,18
16018,49,78,170,191,29,21
16019,49,71,248,264,22,16
16020,72,105,289,314,33,25
16021,132,164,297,321,32,24
16022,176,197,270,285,21,15
16023,193,215,315,331,22,16
16024,32,58,11,31,26,20
16025,56,84,116,137,28,21
16026,78,99,160,176,21,16
16027,69,98,221,243,29,22
16028,109,133,189,207,24,18
16029,169,190,226,242,21,16
16030,191,205,257,267,14,10
16031,165,186,164,180,21,16
16032,152,183,78,101,31,23
16033,138,159,31,46,21,15
16034,68,93,26,44,25,18
16035,61,87,69,88,26,19
16036,46,89,292,324,43,32
16037,112,149,288,316,37,28
16038,178,205,307,327,27,20
16039,196,229,238,262,33,24
16040,197,226,52,74,29,22
16041,129,159,63,85,30,22
16042,101,133,100,124,32,24
16043,95,124,150,172,29,22
16044,106,129,216,233,23,17
16045,76,107,235,258,31,23
16046,96,115,273,288,19,15
16047,132,156,243,261,24,18
16048,153,191,204,233,38,29
16049,172,200,174,194,28,20
16050,179,202,144,161,23,17
16051,176,202,111,130,26,19
16052,43,73,88,111,30,23
16053,38,63,141,160,25,19
16054,46,68,190,207,22,17
16055,37,63,265,284,26,19
16056,53,93,307,337,40,30
16057,117,151,299,324,34,25
16058,174,202,282,302,28,20
16059,43,73,19,41,30,22
16060,87,116,20,42,29,22
16061,144,173,196,217,29,21
16062,136,164,22,43,28,21
16063,67,98,78,101,31,23
16064,80,105,31,50,25,19
16065,133,154,129,145,21,16
16066,76,98,157,174,22,17
16067,72,94,212,228,22,16
16068,71,98,239,258,27,19
16069,81,108,304,324,27,20
16070,119,140,281,297,21,16
16071,143,171,260,281,28,21
16072,178,193,295,306,15,11
16073,183,220,233,260,37,27
16074,184,210,164,184,26,20
16075,132,156,150,168,24,18
16076,32,65,262,286,33,24
16077,32,63,126,150,31,24
16078,23,49,59,79,26,20
16079,44,76,185,210,32,25
16080,181,224,87,119,43,32
16081,206,223,64,77,17,13
16082,115,140,159,178,25,19
16083,151,183,195,219,32,24
16084,68,108,203,233,40,30
16085,58,94,149,176,36,27
16086,61,92,108,132,31,24
16087,69,98,73,95,29,22
16088,124,164,62,93,40,31
16089,100,120,42,58,20,16
16090,67,94,258,279,27,21
16091,114,143,275,297,29,22
16092,38,54,305,317,16,12
16093,23,49,278,297,26,19
16094,27,41,202,213,14,11
16095,182,218,7,34,36,27
16096,182,210,86,107,28,21
16097,161,200,117,146,39,29
16098,131,152,10,26,21,16
16099,32,49,70,83,17,13
16100,32,51,103,117,19,14
16101,54,76,35,51,22,16
16102,178,205,291,310,27,19
16103,203,225,62,79,22,17
16104,115,146,75,98,31,23
16105,139,167,28,49,28,21
16106,174,193,93,107,19,14
16107,102,127,129,148,25,19
16108,85,103,210,223,18,13
16109,137,166,195,217,29,22
16110,113,140,261,281,27,20
16111,98,127,286,308,29,22
16112,156,193,266,294,37,28
16113,170,192,316,333,22,17
16114,56,76,257,273,20,16
16115,33,60,164,184,27,20
16116,37,65,93,113,28,20
16117,46,80,33,58,34,25
16118,77,105,152,172,28,20
16119,183,220,131,159,37,28
16120,34,69,300,326,35,26
16121,31,64,214,239,33,25
16122,68,101,183,208,33,25
16123,100,125,248,267,25,19
16124,129,158,177,199,29,22
16125,80,106,138,158,26,20
16126,32,61,70,91,29,21
16127,13,37,115,133,24,18
16128,31,44,147,157,13,10
16129,46,59,124,133,13,9
16130,33,47,34,45,14,11
16131,50,83,288,313,33,25
16132,19,39,255,270,20,15
16133,15,39,173,191,24,18
16134,144,178,294,320,34,26
16135,179,214,219,245,35,26
16136,58,97,156,185,39,29
16137,66,98,222,246,32,24
16138,88,128,262,292,40,30
16139,124,188,136,184,64,48
16140,163,191,229,251,28,22
16141,114,145,80,103,31,23
16142,41,66,84,102,25,18
16143,66,88,106,122,22,16
16144,28,48,189,204,20,15
16145,173,205,33,57,32,24
16146,176,210,76,102,34,26
16147,71,88,215,227,17,12
16148,100,119,252,265,19,13
16149,107,130,274,291,23,17
16150,66,85,278,292,19,14
16151,63,83,322,336,20,14
16152,150,178,165,186,28,21
16153,68,107,36,66,39,30
16154,85,116,99,123,31,24
16155,30,56,107,126,26,19
16156,36,58,147,164,22,17
16157,25,50,60,79,25,19
16158,145,178,32,56,33,24
16159,156,190,88,113,34,25
16160,88,118,165,188,30,23
16161,154,195,203,234,41,31
16162,155,184,256,278,29,22
16163,140,180,307,337,40,30
16164,109,138,52,74,29,22
16165,124,152,89,110,28,21
16166,76,95,108,121,19,13
16167,62,79,149,162,17,13
16168,51,76,171,190,25,19
16169,59,80,229,244,21,15
16170,74,93,289,302,19,13
16171,107,139,271,296,32,25
16172,143,171,293,314,28,21
16173,172,196,255,273,24,18
16174,171,195,198,216,24,18
16175,166,197,142,165,31,23
16176,178,199,99,115,21,16
16177,163,201,34,63,38,29
16178,45,78,27,52,33,25
16179,49,71,82,98,22,16
16180,34,51,132,145,17,13
16181,80,105,86,104,25,18
16182,118,154,53,80,36,27
16183,140,167,109,130,27,21
16184,86,110,228,245,24,17
16185,53,87,174,200,34,26
16186,41,63,245,261,22,16
16187,64,80,273,284,16,11
16188,94,127,275,300,33,25
16189,55,79,118,136,24,18
16190,47,77,27,50,30,23
16191,134,172,16,45,38,29
16192,191,222,68,91,31,23
16193,205,225,168,183,20,15
16194,152,181,224,246,29,22
16195,134,161,308,328,27,20
16196,81,105,325,344,24,19
16197,128,159,26,49,31,23
16198,127,166,61,90,39,29
16199,101,123,102,118,22,16
16200,75,97,147,164,22,17
16201,66,86,189,204,20,15
16202,85,108,212,229,23,17
16203,75,95,242,257,20,15
16204,69,95,271,290,26,19
16205,65,92,307,328,27,21
16206,105,132,298,318,27,20
16207,141,171,319,342,30,23
16208,159,180,282,298,21,16
16209,138,158,260,275,20,15
16210,173,203,228,250,30,22
16211,199,217,283,296,18,13
16212,179,203,143,160,24,17
16213,120,149,157,180,29,23
16214,176,210,76,102,34,26
16215,56,100,31,63,44,32
16216,50,75,85,104,25,19
16217,50,74,133,151,24,18
16218,33,58,157,177,25,20
16219,36,56,238,253,20,15
16220,153,176,164,181,23,17
16221,134,166,201,225,32,24
16222,104,121,254,267,17,13
16223,51,80,210,232,29,22
16224,47,70,168,185,23,17
16225,43,70,106,127,27,21
16226,51,89,59,87,38,28
16227,106,136,95,117,30,22
16228,104,127,144,161,23,17
16229,137,168,250,274,31,24
16230,88,110,300,316,22,16
16231,56,78,283,299,22,16
16232,36,56,243,258,20,15
16233,25,50,126,145,25,19
16234,22,40,44,58,18,14
16235,64,93,12,34,29,22
16236,142,178,19,47,36,28
16237,97,122,147,166,25,19
16238,86,105,202,217,19,15
16239,78,119,239,270,41,31
16240,159,189,214,237,30,23
16241,34,58,162,180,24,18
16242,44,69,108,128,25,20
16243,87,127,74,104,40,30
16244,188,210,117,133,22,16
16245,190,217,224,244,27,20
16246,149,176,104,124,27,20
16247,176,212,44,71,36,27
16248,146,164,38,51,18,13
16249,66,95,28,50,29,22
16250,144,190,34,68,46,34
16251,96,122,146,165,26,19
16252,95,119,162,180,24,18
16253,71,93,196,213,22,17
16254,73,93,243,258,20,15
16255,80,102,265,281,22,16
16256,51,82,104,128,31,24
16257,51,78,64,84,27,20
16258,83,119,17,43,36,26
16259,171,215,148,181,44,33
16260,178,202,242,260,24,18
16261,159,196,277,304,37,27
16262,168,198,313,336,30,23
16263,90,122,167,190,32,23
16264,111,157,197,232,46,35
16265,132,167,248,274,35,26
16266,63,90,263,283,27,20
16267,49,82,218,243,33,25
16268,64,94,132,154,30,22
16269,79,128,37,74,49,37
16270,126,160,142,168,34,26
16271,151,186,95,121,35,26
16272,183,212,190,211,29,21
16273,188,228,256,286,40,30
16274,36,72,65,92,36,27
16275,98,137,192,222,39,30
16276,122,146,245,263,24,18
16277,96,120,279,296,24,17
16278,46,68,259,275,22,16
16279,51,78,224,245,27,21
16280,54,68,176,187,14,11
16281,59,95,108,135,36,27
16282,105,146,77,108,41,31
16283,159,182,70,87,23,17
16284,161,186,130,150,25,20
16285,169,200,186,209,31,23
16286,168,194,257,276,26,19
16287,80,125,15,49,45,34
16288,41,66,58,77,25,19
16289,58,85,137,157,27,20
16290,110,134,126,144,24,18
16291,134,163,164,185,29,21
16292,158,199,277,308,41,31
16293,58,98,309,339,40,30
16294,52,79,262,282,27,20
16295,32,63,202,225,31,23
16296,24,46,100,116,22,16
16297,29,54,14,32,25,18
16298,73,107,72,97,34,25
16299,141,174,49,74,33,25
16300,159,196,13,41,37,28
16301,178,217,132,161,39,29
16302,190,220,193,215,30,22
16303,133,181,223,259,48,36
16304,56,83,223,243,27,20
16305,83,116,149,174,33,25
16306,139,165,165,185,26,20
16307,142,158,128,140,16,12
16308,149,181,79,103,32,24
16309,39,63,142,160,24,18
16310,39,63,195,213,24,18
16311,151,186,230,256,35,26
16312,180,213,263,288,33,25
16313,173,201,14,35,28,21
16314,137,176,300,329,39,29
16315,43,82,252,282,39,30
16316,91,139,53,89,48,36
16317,143,185,106,137,42,31
16318,93,120,114,134,27,20
16319,62,89,149,169,27,20
16320,61,95,200,225,34,25
16321,80,106,262,282,26,20
16322,123,163,278,308,40,30
16323,151,191,223,253,40,30
16324,184,211,172,192,27,20
16325,211,225,268,278,14,10
16326,58,83,303,322,25,19
16327,13,46,189,214,33,25
16328,36,72,86,113,36,27
16329,17,52,10,36,35,26
16330,104,139,115,141,35,26
16331,88,123,176,203,35,27
16332,120,163,223,255,43,32
16333,164,195,147,170,31,23
16334,144,168,54,73,24,19
16335,44,104,17,62,60,45
16336,51,73,177,194,22,17
16337,54,81,231,251,27,20
16338,107,142,282,308,35,26
16339,176,208,275,299,32,24
16340,198,229,56,79,31,23
16341,128,163,252,278,35,26
16342,146,183,159,187,37,28
16343,160,189,109,130,29,21
16344,125,164,22,51,39,29
16345,98,135,82,110,37,28
16346,86,119,119,143,33,24
16347,79,121,152,183,42,31
16348,68,108,202,233,40,31
16349,76,116,240,270,40,30
16350,47,84,176,204,37,28
16351,84,118,218,244,34,26
16352,140,174,222,248,34,26
16353,159,196,257,285,37,28
16354,171,200,171,193,29,22
16355,115,144,100,123,29,23
16356,121,143,149,165,22,16
16357,62,85,263,280,23,17
16358,105,151,11,45,46,34
16359,111,137,269,288,26,19
16360,127,173,292,327,46,35
16361,170,206,60,88,36,28
16362,114,159,80,113,45,33
16363,124,144,166,181,20,15
16364,79,96,160,173,17,13
16365,68,89,207,223,21,16
16366,30,63,230,254,33,24
16367,47,68,276,291,21,15
16368,66,100,297,323,34,26
16369,160,201,303,334,41,31
16370,132,150,240,253,18,13
16371,159,192,124,148,33,24
16372,198,226,59,79,28,20
16373,63,90,34,53,27,19
16374,53,76,67,84,23,17
16375,44,67,211,228,23,17
16376,86,109,241,258,23,17
16377,97,124,156,177,27,21
16378,126,166,187,217,40,30
16379,120,142,120,137,22,17
16380,63,88,113,131,25,18
16381,37,63,308,327,26,19
16382,92,111,281,296,19,15
16383,126,149,282,299,23,17
16384,146,172,241,261,26,20
16385,182,201,212,227,19,15
16386,188,204,164,176,16,12
16387,189,211,116,133,22,17
16388,158,212,64,105,54,41
16389,27,54,44,64,27,20
16390,145,198,272,312,53,40
16391,188,230,234,265,42,31
16392,90,144,78,119,54,41
16393,72,98,150,169,26,19
16394,39,80,204,235,41,31
16395,102,134,179,202,32,23
16396,113,150,236,264,37,28
16397,161,178,175,189,17,14
16398,178,201,115,132,23,17
16399,96,120,134,152,24,18
16400,78,105,195,216,27,21
16401,80,106,238,258,26,20
16402,73,97,318,335,24,17
16403,100,131,272,295,31,23
16404,134,161,288,307,27,19
16405,49,74,272,291,25,19
16406,32,53,227,243,21,16
16407,34,56,176,193,22,17
16408,41,63,128,145,22,17
16409,44,66,99,116,22,17
16410,81,107,90,109,26,19
16411,99,137,59,87,38,28
16412,151,188,47,74,37,27
16413,130,156,250,269,26,19
16414,144,168,320,338,24,18
16415,178,208,5,28,30,23
16416,161,191,111,133,30,22
16417,45,72,48,69,27,21
16418,63,103,17,47,40,30
16419,74,104,107,129,30,22
16420,107,151,149,181,44,32
16421,121,156,201,228,35,27
16422,86,129,258,290,43,32
16423,140,186,267,302,46,35
16424,179,217,174,202,38,28
16425,168,199,114,137,31,23
16426,139,167,71,92,28,21
16427,39,73,214,239,34,25
16428,41,82,150,180,41,30
16429,84,121,119,147,37,28
16430,60,100,192,222,40,30
16431,129,176,192,227,47,35
16432,147,193,256,290,46,34
16433,72,105,254,279,33,25
16434,142,183,80,111,41,31
16435,168,194,136,156,26,20
16436,72,100,75,96,28,21
16437,117,172,32,73,55,41
16438,35,56,165,181,21,16
16439,38,63,244,262,25,18
16440,139,163,62,80,24,18
16441,138,178,106,137,40,31
16442,56,78,124,141,22,17
16443,49,71,218,234,22,16
16444,63,93,257,280,30,23
16445,93,122,292,313,29,21
16446,52,71,303,317,19,14
16447,41,61,59,74,20,15
16448,78,115,4,32,37,28
16449,137,168,8,31,31,23
16450,183,205,44,60,22,16
16451,203,225,158,175,22,17
16452,31,58,98,118,27,20
16453,68,100,239,262,32,23
16454,63,95,170,195,32,25
16455,87,110,121,138,23,17
16456,103,136,84,108,33,24
16457,149,176,149,170,27,21
16458,137,174,203,231,37,28
16459,143,188,258,292,45,34
16460,150,195,44,78,45,34
16461,51,80,62,83,29,21
16462,34,60,142,162,26,20
16463,193,218,95,114,25,19
16464,198,217,162,176,19,14
16465,51,79,199,220,28,21
16466,131,149,253,267,18,14
16467,127,151,280,298,24,18
16468,172,191,249,263,19,14
16469,177,198,211,227,21,16
16470,146,168,136,153,22,17
16471,88,111,104,122,23,18
16472,54,91,141,169,37,28
16473,54,86,189,213,32,24
16474,54,76,236,253,22,17
16475,51,83,275,299,32,24
16476,75,105,302,325,30,23
16477,41,70,30,52,29,22
16478,63,90,67,88,27,21
16479,155,183,42,62,28,20
16480,134,146,100,109,12,9
16481,183,212,74,97,29,23
16482,198,222,125,143,24,18
16483,125,161,185,212,36,27
16484,175,200,293,312,25,19
16485,32,50,98,112,18,14
16486,190,218,145,166,28,21
16487,149,178,175,196,29,21
16488,101,133,143,167,32,24
16489,100,136,90,117,36,27
16490,128,153,36,54,25,18
16491,51,80,121,143,29,22
16492,49,76,183,202,27,19
16493,60,83,45,62,23,17
16494,41,73,84,108,32,24
16495,41,67,250,270,26,20
16496,74,105,288,311,31,23
16497,156,192,279,306,36,27
16498,174,199,224,242,25,18
16499,98,142,141,174,44,33
16500,93,126,198,223,33,25
16501,54,78,224,242,24,18
16502,102,136,237,262,34,25
16503,155,176,239,255,21,16
16504,172,205,163,187,33,24
16505,147,178,89,112,31,23
16506,102,137,25,51,35,26
16507,63,89,85,104,26,19
16508,104,129,99,118,25,19
16509,44,63,133,148,19,15
16510,41,71,179,201,30,22
16511,189,217,244,266,28,22
16512,173,199,289,309,26,20
16513,39,68,274,295,29,21
16514,163,186,37,54,23,17
16515,20,46,29,49,26,20
16516,83,107,105,124,24,19
16517,78,114,145,172,36,27
16518,80,110,192,215,30,23
16519,108,151,220,253,43,33
16520,159,182,282,299,23,17
16521,173,201,194,214,28,20
16522,169,195,128,147,26,19
16523,189,215,64,84,26,20
16524,68,90,25,42,22,17
16525,63,85,66,83,22,17
16526,45,72,104,124,27,20
16527,37,59,176,193,22,17
16528,40,68,276,297,28,21
16529,93,112,294,309,19,15
16530,122,143,282,298,21,16
16531,161,195,303,329,34,26
16532,143,168,159,178,25,19
16533,151,178,10,30,27,20
16534,102,133,165,188,31,23
16535,109,144,228,254,35,26
16536,134,161,300,321,27,21
16537,166,189,223,240,23,17
16538,162,191,113,135,29,22
16539,91,125,78,104,34,26
16540,44,71,102,122,27,20
16541,40,67,165,186,27,21
16542,54,74,231,245,20,14
16543,168,197,53,75,29,22
16544,64,90,328,347,26,19
16545,51,73,294,310,22,16
16546,44,62,261,275,18,14
16547,24,43,219,233,19,14
16548,68,90,187,204,22,17
16549,73,96,136,154,23,18
16550,31,56,40,59,25,19
16551,57,78,9,25,21,16
16552,134,152,11,25,18,14
16553,109,136,190,210,27,20
16554,120,146,242,262,26,20
16555,129,156,31,51,27,20
16556,166,195,54,77,29,23
16557,159,185,127,146,26,19
16558,159,184,157,176,25,19
16559,75,102,106,126,27,20
16560,95,115,71,87,20,16
16561,33,58,165,183,25,18
16562,43,68,227,245,25,18
16563,63,102,264,293,39,29
16564,127,160,287,312,33,25
16565,181,210,277,299,29,22
16566,67,93,85,104,26,19
16567,93,127,122,147,34,25
16568,115,139,169,187,24,18
16569,148,178,130,153,30,23
16570,140,170,62,84,30,22
16571,155,178,196,213,23,17
16572,159,192,226,251,33,25
16573,96,125,253,275,29,22
16574,72,91,217,231,19,14
16575,48,71,116,134,23,18
16576,26,44,64,77,18,13
16577,35,73,28,57,38,29
16578,87,120,23,48,33,25
16579,156,195,15,45,39,30
16580,182,213,276,299,31,23
16581,66,91,136,155,25,19
16582,97,131,173,198,34,25
16583,97,139,213,245,42,32
16584,170,191,188,204,21,16
16585,152,178,138,157,26,19
16586,143,165,105,121,22,16
16587,110,136,74,94,26,20
16588,65,82,118,131,17,13
16589,39,65,217,236,26,19
16590,34,61,185,205,27,20
16591,31,47,69,81,16,12
16592,70,107,39,68,37,29
16593,127,158,30,54,31,24
16594,157,199,266,298,42,32
16595,72,107,96,123,35,27
16596,60,90,156,179,30,23
16597,57,84,206,226,27,20
16598,98,139,223,253,41,30
16599,142,169,191,212,27,21
16600,149,180,139,162,31,23
16601,145,176,77,100,31,23
16602,88,129,29,60,41,31
16603,47,65,62,75,18,13
16604,186,218,54,78,32,24
16605,153,181,312,333,28,21
16606,53,64,271,279,11,8
16607,29,46,179,193,17,14
16608,162,184,64,81,22,17
16609,107,140,186,210,33,24
16610,127,165,209,237,38,28
16611,108,135,254,274,27,20
16612,134,164,146,168,30,22
16613,97,124,117,138,27,21
16614,100,131,65,88,31,23
16615,110,135,27,46,25,19
16616,80,103,44,61,23,17
16617,144,167,25,42,23,17
16618,44,68,174,192,24,18
16619,58,93,239,265,35,26
16620,134,183,270,306,49,36
16621,191,213,228,244,22,16
16622,80,110,144,166,30,22
16623,128,154,123,143,26,20
16624,151,175,181,199,24,18
16625,164,183,219,233,19,14
16626,145,174,270,291,29,21
16627,180,208,305,326,28,21
16628,34,54,190,205,20,15
16629,42,67,237,256,25,19
16630,54,81,287,308,27,21
16631,46,66,121,136,20,15
16632,39,59,46,62,20,16
16633,55,70,91,102,15,11
16634,120,150,39,61,30,22
16635,164,191,70,91,27,21
16636,164,188,35,53,24,18
16637,184,213,132,154,29,22
16638,116,137,193,208,21,15
16639,134,146,246,255,12,9
16640,192,220,248,269,28,21
16641,83,117,166,192,34,26
16642,110,142,220,243,32,23
16643,149,178,143,164,29,21
16644,104,135,79,102,31,23
16645,46,73,100,120,27,20
16646,39,69,179,202,30,23
16647,49,76,254,273,27,19
16648,113,142,264,286,29,22
16649,164,201,227,256,37,29
16650,166,193,63,83,27,20
16651,78,109,32,55,31,23
16652,75,111,311,338,36,27
16653,101,122,62,78,21,16
16654,109,140,101,125,31,24
16655,67,93,127,147,26,20
16656,80,109,232,254,29,22
16657,107,134,261,281,27,20
16658,108,143,205,231,35,26
16659,135,167,176,200,32,24
16660,64,88,183,201,24,18
16661,35,46,216,224,11,8
16662,146,186,48,78,40,30
16663,168,195,114,135,27,21
16664,71,98,92,112,27,20
16665,31,48,141,154,17,13
16666,36,62,293,313,26,20
16667,149,176,77,97,27,20
16668,124,153,136,157,29,21
16669,120,151,174,198,31,24
16670,117,145,217,238,28,21
16671,160,190,261,284,30,23
16672,64,95,266,288,31,22
16673,54,83,210,232,29,22
16674,44,74,140,163,30,23
16675,51,79,96,116,28,20
16676,60,90,53,76,30,23
16677,100,121,87,103,21,16
16678,188,222,109,134,34,25
16679,186,215,182,203,29,21
16680,124,157,279,304,33,25
16681,49,78,307,329,29,22
16682,29,61,0,24,32,24
16683,132,166,305,330,34,25
16684,137,154,252,265,17,13
16685,119,142,200,218,23,18
16686,98,123,148,167,25,19
16687,105,132,88,108,27,20
16688,80,103,65,82,23,17
16689,51,79,124,146,28,22
16690,61,82,171,187,21,16
16691,78,101,220,238,23,18
16692,84,111,263,283,27,20
16693,80,102,308,324,22,16
16694,154,188,173,199,34,26
16695,167,195,111,132,28,21
16696,165,195,47,70,30,23
16697,78,105,22,42,27,20
16698,29,56,60,81,27,21
16699,177,206,228,250,29,22
16700,186,212,301,321,26,20
16701,209,232,326,343,23,17
16702,39,68,200,221,29,21
16703,40,75,265,291,35,26
16704,29,52,303,320,23,17
16705,134,159,20,40,25,20
16706,85,107,93,110,22,17
16707,119,144,124,143,25,19
16708,139,164,182,201,25,19
16709,131,152,232,248,21,16
16710,98,115,244,256,17,12
16711,47,66,237,251,19,14
16712,41,59,193,207,18,14
16713,36,55,152,166,19,14
16714,43,63,94,109,20,15
16715,54,74,41,56,20,15
16716,190,212,82,99,22,17
16717,176,214,137,166,38,29
16718,191,220,240,262,29,22
16719,140,168,290,311,28,21
16720,109,132,302,319,23,17
16721,41,60,296,309,19,13
16722,93,122,164,185,29,21
16723,134,151,252,265,17,13
16724,44,70,154,174,26,20
16725,119,139,184,200,20,16
16726,105,129,100,118,24,18
16727,73,91,116,130,18,14
16728,59,83,195,213,24,18
16729,74,93,253,267,19,14
16730,169,195,187,207,26,20
16731,171,207,108,135,36,27
16732,171,195,79,97,24,18
16733,78,109,40,63,31,23
16734,25,54,74,95,29,21
16735,34,68,161,186,34,25
16736,34,50,241,252,16,11
16737,41,64,288,306,23,18
16738,110,144,287,313,34,26
16739,137,165,225,246,28,21
16740,158,184,273,293,26,20
16741,154,182,111,132,28,21
16742,115,135,84,99,20,15
16743,80,98,95,109,18,14
16744,73,102,35,56,29,21
16745,144,181,36,63,37,27
16746,195,217,123,139,22,16
16747,129,147,300,313,18,13
16748,48,73,286,305,25,19
16749,47,72,219,238,25,19
16750,79,123,133,166,44,33
16751,98,134,204,231,36,27
16752,110,147,243,271,37,28
16753,149,171,211,228,22,17
16754,146,181,145,171,35,26
16755,115,149,55,80,34,25
16756,58,90,57,81,32,24
16757,44,76,220,244,32,24
16758,67,95,273,294,28,21
16759,188,222,242,267,34,25
16760,83,122,40,70,39,30
16761,61,90,102,124,29,22
16762,49,71,133,149,22,16
16763,36,63,174,194,27,20
16764,56,93,200,227,37,27
16765,107,140,163,188,33,25
16766,124,149,234,253,25,19
16767,159,196,90,118,37,28
16768,176,217,142,173,41,31
16769,178,196,227,241,18,14
16770,153,179,308,328,26,20
16771,190,225,29,55,35,26
16772,44,62,254,268,18,14
16773,27,45,216,230,18,14
16774,89,121,260,284,32,24
16775,35,61,52,72,26,20
16776,193,220,265,286,27,21
16777,56,98,146,178,42,32
16778,90,113,200,217,23,17
16779,78,100,224,242,22,18
16780,59,77,183,196,18,13
16781,98,142,125,158,44,33
16782,125,157,85,109,32,24
16783,171,193,120,137,22,17
16784,63,88,75,94,25,19
16785,73,112,22,51,39,29
16786,133,156,30,48,23,18
16787,37,61,117,135,24,18
16788,139,185,176,211,46,35
16789,162,188,242,261,26,19
16790,175,207,274,298,32,24
16791,144,171,307,328,27,21
16792,59,78,319,333,19,14
16793,48,66,280,294,18,14
16794,34,67,60,85,33,25
16795,67,88,111,126,21,15
16796,95,124,157,179,29,22
16797,107,133,194,214,26,20
16798,113,134,242,258,21,16
16799,119,137,270,283,18,13
16800,158,178,257,272,20,15
16801,155,177,191,207,22,16
16802,154,183,128,150,29,22
16803,153,177,75,93,24,18
16804,76,117,3,34,41,31
16805,100,131,58,81,31,23
16806,46,73,158,179,27,21
16807,61,84,213,230,23,17
16808,54,78,270,288,24,18
16809,62,89,297,317,27,20
16810,144,189,290,325,45,35
16811,93,112,256,271,19,15
16812,110,134,59,77,24,18
16813,149,171,88,105,22,17
16814,172,195,215,232,23,17
16815,147,171,171,189,24,18
16816,182,206,125,143,24,18
16817,106,121,310,321,15,11
16818,78,88,273,281,10,8
16819,56,68,324,333,12,9
16820,78,111,328,352,33,24
16821,95,123,325,346,28,21
16822,149,166,176,189,17,13
16823,102,114,127,135,12,8
16824,37,50,191,201,13,10
16825,46,54,128,133,8,5
16826,31,42,148,156,11,8
16827,54,58,109,113,4,4
16828,59,67,60,66,8,6
16829,27,39,44,54,12,10
16830,105,142,35,63,37,28
16831,147,171,62,80,24,18
16832,164,181,107,120,17,13
16833,100,119,99,113,19,14
16834,71,89,147,160,18,13
16835,41,51,198,205,10,7
16836,40,51,135,143,11,8
16837,41,53,77,86,12,9
16838,36,58,33,49,22,16
16839,83,98,16,28,15,12
16840,121,136,22,33,15,11
16841,149,156,22,27,7,5
16842,112,123,165,173,11,8
16843,142,161,125,139,19,14
16844,155,172,180,193,17,13
16845,174,183,109,116,9,7
16846,168,194,31,50,26,19
16847,146,173,292,313,27,21
16848,139,168,207,229,29,22
16849,132,153,243,259,21,16
16850,105,128,143,161,23,18
16851,27,47,166,181,20,15
16852,12,34,266,282,22,16
16853,31,54,306,323,23,17
16854,99,131,93,117,32,24
16855,122,139,186,199,17,13
16856,96,122,244,263,26,19
16857,70,87,203,216,17,13
16858,86,100,129,140,14,11
16859,118,137,132,146,19,14
16860,153,166,152,161,13,9
16861,168,181,186,195,13,9
16862,142,162,304,319,20,15
16863,49,74,310,329,25,19
16864,113,130,274,287,17,13
16865,142,156,268,278,14,10
16866,36,56,255,269,20,14
16867,97,112,222,234,15,12
16868,100,124,166,184,24,18
16869,122,142,106,121,20,15
16870,84,95,127,135,11,8
16871,67,81,147,158,14,11
16872,48,71,170,187,23,17
16873,32,43,198,207,11,9
16874,30,48,131,145,18,14
16875,38,50,88,97,12,9
16876,48,56,55,61,8,6
16877,68,78,21,29,10,8
16878,69,80,38,46,11,8
16879,98,113,21,32,15,11
16880,127,139,26,34,12,8
16881,144,163,44,58,19,14
16882,159,167,85,91,8,6
16883,164,177,204,214,13,10
16884,121,130,267,274,9,7
16885,108,123,283,294,15,11
16886,68,90,266,282,22,16
16887,76,90,230,241,14,11
16888,58,70,192,201,12,9
16889,41,54,222,231,13,9
16890,44,62,237,250,18,13
16891,54,65,164,173,11,9
16892,66,76,104,111,10,7
16893,82,93,113,122,11,9
16894,101,115,63,74,14,11
16895,86,95,34,41,9,7
16896,66,78,62,71,12,9
16897,38,49,101,109,11,8
16898,102,120,146,159,18,13
16899,144,158,68,79,14,11
16900,80,98,200,212,18,12
16901,97,126,136,158,29,22
16902,134,144,118,126,10,8
16903,114,122,79,86,8,7
16904,101,125,35,53,24,18
16905,150,168,37,50,18,13
16906,174,195,115,131,21,16
16907,179,188,182,188,9,6
16908,175,188,245,255,13,10
16909,159,178,307,321,19,14
16910,98,116,318,332,18,14
16911,64,82,294,307,18,13
16912,39,58,242,256,19,14
16913,49,62,197,207,13,10
16914,44,58,142,153,14,11
16915,37,51,89,99,14,10
16916,36,51,49,60,15,11
16917,10,21,148,156,11,8
16918,20,39,167,181,19,14
16919,24,34,204,212,10,8
16920,19,33,295,305,14,10
16921,31,49,330,344,18,14
16922,139,188,116,153,49,37
16923,123,141,204,218,18,14
16924,95,109,277,287,14,10
16925,94,112,257,270,18,13
16926,93,102,155,162,9,7
16927,78,98,178,192,20,14
16928,82,97,79,90,15,11
16929,49,68,91,104,19,13
16930,12,25,73,83,13,10
16931,17,32,216,227,15,11
16932,13,32,271,285,19,14
16933,53,71,289,303,18,14
16934,80,98,323,336,18,13
16935,32,45,95,105,13,10
16936,29,41,88,96,12,8
16937,53,61,62,68,8,6
16938,66,73,96,102,7,6
16939,62,78,125,138,16,13
16940,78,86,152,158,8,6
16941,17,24,233,238,7,5
16942,14,24,261,269,10,8
16943,5,16,102,111,11,9
16944,15,18,72,74,3,2
16945,36,49,45,55,13,10
16946,74,88,35,45,14,10
16947,95,100,72,76,5,4
16948,105,110,106,109,5,3
16949,115,123,184,190,8,6
16950,129,136,161,166,7,5
16951,151,159,259,265,8,6
16952,88,105,285,298,17,13
16953,61,73,97,106,12,9
16954,61,71,51,58,10,7
16955,50,65,58,70,15,12
16956,73,84,66,74,11,8
16957,89,108,85,100,19,15
16958,124,134,94,101,10,7
16959,157,168,149,157,11,8
16960,159,176,71,84,17,13
16961,189,197,266,272,8,6
16962,144,168,286,304,24,18
16963,140,153,247,256,13,9
16964,160,176,203,215,16,12
16965,179,195,158,170,16,12
16966,195,206,88,97,11,9
16967,174,196,49,66,22,17
16968,179,198,28,42,19,14
16969,27,44,297,311,17,14
16970,23,48,242,261,25,19
16971,49,61,176,186,12,10
16972,132,172,45,75,40,30
16973,92,125,32,57,33,25
16974,37,60,178,195,23,17
16975,41,54,79,89,13,10
16976,93,107,161,173,14,12
16977,98,114,182,193,16,11
16978,127,146,225,239,19,14
16979,131,146,256,268,15,12
16980,181,191,272,280,10,8
16981,132,150,309,323,18,14
16982,63,78,335,345,15,10
16983,29,46,202,215,17,13
16984,32,42,139,147,10,8
16985,48,62,117,128,14,11
16986,142,155,168,177,13,9
16987,161,171,115,123,10,8
16988,178,210,178,203,32,25
16989,210,227,138,150,17,12
16990,201,218,73,86,17,13
16991,164,181,26,39,17,13
16992,177,196,249,264,19,15
16993,179,203,286,304,24,18
16994,41,58,276,288,17,12
16995,33,49,226,238,16,12
16996,28,44,4,15,16,11
16997,93,105,207,216,12,9
16998,71,83,242,252,12,10
16999,51,66,217,229,15,12
17000,71,80,190,197,9,7
17001,93,101,156,162,8,6
17002,71,83,140,150,12,10
17003,113,131,130,143,18,13
17004,130,146,165,177,16,12
17005,151,172,207,223,21,16
17006,42,54,274,283,12,9
17007,33,43,300,308,10,8
17008,25,34,260,266,9,6
17009,19,22,193,195,3,2
17010,17,24,139,144,7,5
17011,27,36,93,99,9,6
17012,50,62,47,56,12,9
17013,95,113,44,58,18,14
17014,135,144,29,36,9,7
17015,164,181,46,59,17,13
17016,87,99,18,27,12,9
17017,45,61,21,33,16,12
17018,163,174,233,242,11,9
17019,173,181,255,261,8,6
17020,191,203,336,345,12,9
17021,157,175,135,149,18,14
17022,132,151,157,170,19,13
17023,204,216,62,71,12,9
17024,153,168,110,121,15,11
17025,115,125,101,108,10,7
17026,65,77,119,128,12,9
17027,54,75,139,154,21,15
17028,61,75,188,199,14,11
17029,61,73,249,259,12,10
17030,63,75,310,319,12,9
17031,32,37,309,313,5,4
17032,14,33,272,286,19,14
17033,12,32,159,174,20,15
17034,24,38,222,232,14,10
17035,21,31,65,72,10,7
17036,41,56,39,51,15,12
17037,51,66,76,87,15,11
17038,87,99,40,49,12,9
17039,100,120,118,132,20,14
17040,137,150,68,78,13,10
17041,164,171,86,92,7,6
17042,178,189,103,111,11,8
17043,195,206,120,128,11,8
17044,207,221,32,42,14,10
17045,205,213,81,87,8,6
17046,91,98,108,113,7,5
17047,49,68,192,206,19,14
17048,34,56,137,154,22,17
17049,53,71,253,266,18,13
17050,13,32,20,34,19,14
17051,19,30,241,249,11,8
17052,29,52,296,313,23,17
17053,68,92,292,310,24,18
17054,116,140,310,328,24,18
17055,139,154,259,271,15,12
17056,105,115,157,164,10,7
17057,89,116,197,218,27,21
17058,90,103,236,246,13,10
17059,149,161,241,250,12,9
17060,162,173,203,211,11,8
17061,176,186,173,181,10,8
17062,148,159,138,146,11,8
17063,180,199,135,149,19,14
17064,28,50,95,111,22,16
17065,36,73,35,62,37,27
17066,14,32,205,217,18,12
17067,20,39,162,176,19,14
17068,22,37,278,290,15,12
17069,48,52,223,226,4,3
17070,68,76,264,270,8,6
17071,72,79,313,318,7,5
17072,110,127,313,326,17,13
17073,151,195,308,341,44,33
17074,149,176,264,285,27,21
17075,135,151,133,145,16,12
17076,201,238,82,110,37,28
17077,93,105,79,88,12,9
17078,128,145,12,24,17,12
17079,119,134,205,217,15,12
17080,102,125,283,300,23,17
17081,76,95,329,343,19,14
17082,53,74,302,318,21,16
17083,64,84,275,290,20,15
17084,36,47,278,286,11,8
17085,46,54,214,220,8,6
17086,61,73,226,235,12,9
17087,74,83,241,248,9,7
17088,88,93,156,160,5,4
17089,86,100,109,119,14,10
17090,100,107,131,136,7,5
17091,54,68,139,149,14,10
17092,47,60,105,114,13,9
17093,51,61,70,77,10,7
17094,74,88,45,55,14,10
17095,121,140,48,63,19,15
17096,133,139,89,93,6,4
17097,154,160,77,81,6,4
17098,164,173,183,190,9,7
17099,135,149,252,262,14,10
17100,158,168,287,295,10,8
17101,131,144,325,334,13,9
17102,14,35,219,234,21,15
17103,11,24,129,139,13,10
17104,14,28,55,66,14,11
17105,10,28,81,94,18,13
17106,14,24,178,186,10,8
17107,120,142,216,233,22,17
17108,53,94,152,182,41,30
17109,69,93,215,234,24,19
17110,118,140,140,156,22,16
17111,123,138,187,198,15,11
17112,112,128,276,288,16,12
17113,78,100,317,333,22,16
17114,69,92,281,298,23,17
17115,51,60,301,307,9,6
17116,25,40,282,293,15,11
17117,24,51,204,224,27,20
17118,23,36,125,135,13,10
17119,38,64,44,64,26,20
17120,56,78,97,114,22,17
17121,91,113,34,50,22,16
17122,106,120,82,92,14,10
17123,142,160,54,67,18,13
17124,143,153,109,116,10,7
17125,178,210,48,73,32,25
17126,171,196,231,250,25,19
17127,151,172,183,199,21,16
17128,147,168,290,306,21,16
17129,148,175,335,355,27,20
17130,66,78,56,65,12,9
17131,51,77,103,123,26,20
17132,92,110,126,140,18,14
17133,110,120,21,29,10,8
17134,144,159,68,80,15,12
17135,158,173,92,104,15,12
17136,197,209,64,73,12,9
17137,203,218,91,103,15,12
17138,195,213,189,202,18,13
17139,190,212,232,248,22,16
17140,171,185,306,316,14,10
17141,133,157,128,146,24,18
17142,36,60,225,243,24,18
17143,39,55,260,272,16,12
17144,36,50,306,316,14,10
17145,17,35,137,150,18,13
17146,21,38,165,178,17,13
17147,39,61,41,57,22,16
17148,28,47,65,80,19,15
17149,12,27,96,108,15,12
17150,19,43,4,22,24,18
17151,73,90,13,26,17,13
17152,115,128,37,47,13,10
17153,154,168,23,33,14,10
17154,129,146,218,231,17,13
17155,118,139,239,255,21,16
17156,114,154,334,364,40,30
17157,88,103,301,312,15,11
17158,112,129,230,243,17,13
17159,57,71,229,239,14,10
17160,68,86,209,222,18,13
17161,99,110,152,161,11,9
17162,83,95,162,172,12,10
17163,85,100,142,153,15,11
17164,102,115,115,124,13,9
17165,137,159,82,98,22,16
17166,212,234,85,101,22,16
17167,200,217,149,162,17,13
17168,7,29,75,92,22,17
17169,29,40,46,55,11,9
17170,2,16,175,186,14,11
17171,14,28,136,146,14,10
17172,44,56,132,141,12,9
17173,77,87,190,198,10,8
17174,115,134,187,202,19,15
17175,139,162,157,175,23,18
17176,167,197,204,226,30,22
17177,185,208,248,266,23,18
17178,3,31,290,311,28,21
17179,7,35,224,246,28,22
17180,32,44,263,272,12,9
17181,51,64,308,317,13,9
17182,76,82,327,332,6,5
17183,85,94,238,244,9,6
17184,111,131,258,273,20,15
17185,109,132,290,308,23,18
17186,105,133,186,206,28,20
17187,61,82,143,159,21,16
17188,57,76,112,126,19,14
17189,54,78,23,41,24,18
17190,55,77,57,74,22,17
17191,69,86,77,90,17,13
17192,92,115,97,114,23,17
17193,124,166,117,148,42,31
17194,170,183,207,216,13,9
17195,183,209,44,64,26,20
17196,200,222,109,125,22,16
17197,200,223,214,232,23,18
17198,169,191,255,271,22,16
17199,159,188,288,310,29,22
17200,121,135,319,329,14,10
17201,14,42,213,233,28,20
17202,22,37,110,121,15,11
17203,21,34,72,82,13,10
17204,99,134,6,32,35,26
17205,49,78,146,168,29,22
17206,46,77,166,189,31,23
17207,59,75,207,218,16,11
17208,63,75,229,238,12,9
17209,53,64,261,270,11,9
17210,93,111,201,215,18,14
17211,114,128,238,249,14,11
17212,119,138,125,139,19,14
17213,156,178,58,74,22,16
17214,156,183,176,196,27,20
17215,176,195,252,266,19,14
17216,97,116,46,60,19,14
17217,73,101,62,82,28,20
17218,75,88,97,106,13,9
17219,129,145,88,100,16,12
17220,169,193,102,120,24,18
17221,171,182,20,28,11,8
17222,151,181,317,339,30,22
17223,142,164,258,274,22,16
17224,154,187,216,241,33,25
17225,105,126,171,187,21,16
17226,81,97,133,144,16,11
17227,22,40,65,78,18,13
17228,20,50,92,114,30,22
17229,39,68,29,52,29,23
17230,17,55,282,311,38,29
17231,102,123,131,146,21,15
17232,98,124,164,183,26,19
17233,173,195,111,128,22,17
17234,213,226,68,77,13,9
17235,209,220,156,165,11,9
17236,200,214,200,211,14,11
17237,192,205,254,264,13,10
17238,190,204,293,304,14,11
17239,160,173,209,219,13,10
17240,146,166,261,276,20,15
17241,152,166,129,139,14,10
17242,120,137,225,237,17,12
17243,60,71,142,151,11,9
17244,41,51,175,182,10,7
17245,26,47,50,66,21,16
17246,39,64,84,103,25,19
17247,22,34,116,126,12,10
17248,12,34,251,267,22,16
17249,39,55,273,285,16,12
17250,37,51,307,318,14,11
17251,13,35,185,201,22,16
17252,43,61,208,221,18,13
17253,24,41,137,149,17,12
17254,111,132,74,90,21,16
17255,90,120,137,160,30,23
17256,92,118,190,209,26,19
17257,69,83,206,216,14,10
17258,53,68,242,253,15,11
17259,41,47,295,299,6,4
17260,18,35,110,123,17,13
17261,43,70,4,25,27,21
17262,114,130,12,24,16,12
17263,161,179,31,45,18,14
17264,187,200,75,84,13,9
17265,188,198,160,167,10,7
17266,186,212,223,243,26,20
17267,183,207,314,332,24,18
17268,146,170,193,211,24,18
17269,115,149,228,254,34,26
17270,66,89,67,84,23,17
17271,73,88,124,136,15,12
17272,84,101,197,210,17,13
17273,115,124,40,47,9,7
17274,118,132,114,125,14,11
17275,200,225,108,127,25,19
17276,170,219,213,250,49,37
17277,153,177,292,310,24,18
17278,136,154,253,267,18,14
17279,132,146,206,217,14,11
17280,138,151,166,176,13,10
17281,93,105,171,180,12,9
17282,38,48,228,235,10,7
17283,34,76,297,329,42,32
17284,91,109,314,328,18,14
17285,28,38,269,276,10,7
17286,19,34,194,205,15,11
17287,15,30,125,136,15,11
17288,10,29,62,76,19,14
17289,20,29,29,36,9,7
17290,34,49,88,99,15,11
17291,46,54,20,27,8,7
17292,85,102,109,122,17,13
17293,107,134,215,235,27,20
17294,109,123,167,177,14,10
17295,117,132,301,312,15,11
17296,177,210,259,284,33,25
17297,66,90,184,203,24,19
17298,83,97,153,164,14,11
17299,44,57,165,175,13,10
17300,38,48,195,203,10,8
17301,33,41,238,244,8,6
17302,12,24,201,210,12,9
17303,58,75,210,223,17,13
17304,98,117,217,232,19,15
17305,123,134,173,182,11,9
17306,146,154,197,203,8,6
17307,142,155,136,146,13,10
17308,173,184,165,173,11,8
17309,107,119,131,140,12,9
17310,60,71,143,151,11,8
17311,25,38,125,135,13,10
17312,32,48,87,99,16,12
17313,21,30,154,161,9,7
17314,115,126,195,203,11,8
17315,139,155,214,226,16,12
17316,139,149,258,266,10,8
17317,168,183,236,247,15,11
17318,200,212,265,274,12,9
17319,200,211,207,216,11,9
17320,180,189,122,129,9,7
17321,123,145,108,124,22,16
17322,154,164,98,106,10,8
17323,149,172,66,84,23,18
17324,69,99,118,141,30,23
17325,51,66,63,74,15,11
17326,122,139,194,207,17,13
17327,139,165,235,255,26,20
17328,150,175,316,335,25,19
17329,55,76,234,250,21,16
17330,47,78,257,280,31,23
17331,27,54,170,190,27,20
17332,25,56,93,116,31,23
17333,49,73,34,53,24,19
17334,66,85,73,87,19,14
17335,105,122,80,93,17,13
17336,98,112,105,116,14,11
17337,151,176,77,95,25,18
17338,151,174,163,181,23,18
17339,200,226,115,135,26,20
17340,177,208,22,45,31,23
17341,186,212,164,184,26,20
17342,195,224,207,229,29,22
17343,201,214,262,272,13,10
17344,203,218,303,314,15,11
17345,88,105,250,263,17,13
17346,46,63,294,306,17,12
17347,38,71,314,339,33,25
17348,14,29,257,268,15,11
17349,17,32,208,219,15,11
17350,56,76,187,201,20,14
17351,56,77,130,146,21,16
17352,76,88,161,170,12,9
17353,112,135,163,180,23,17
17354,62,83,66,82,21,16
17355,36,54,122,135,18,13
17356,33,44,74,83,11,9
17357,46,93,22,58,47,36
17358,124,151,35,55,27,20
17359,107,125,67,80,18,13
17360,96,112,91,104,16,13
17361,68,90,113,129,22,16
17362,66,84,136,150,18,14
17363,122,139,106,119,17,13
17364,148,171,104,122,23,18
17365,158,181,193,210,23,17
17366,135,171,237,264,36,27
17367,112,132,282,296,20,14
17368,96,117,226,242,21,16
17369,76,95,212,227,19,15
17370,37,45,213,219,8,6
17371,24,39,286,297,15,11
17372,24,46,311,328,22,17
17373,51,66,314,326,15,12
17374,163,185,284,300,22,16
17375,176,205,320,342,29,22
17376,193,205,174,183,12,9
17377,182,210,64,85,28,21
17378,94,113,15,29,19,14
17379,86,121,89,115,35,26
17380,106,129,148,165,23,17
17381,111,128,184,197,17,13
17382,94,105,220,228,11,8
17383,52,64,178,187,12,9
17384,47,59,211,220,12,9
17385,31,42,225,234,11,9
17386,13,33,184,199,20,15
17387,19,33,49,59,14,10
17388,33,45,77,86,12,9
17389,53,83,36,58,30,22
17390,93,112,22,36,19,14
17391,137,158,36,52,21,16
17392,156,171,72,83,15,11
17393,156,172,125,138,16,13
17394,161,177,156,168,16,12
17395,159,180,196,212,21,16
17396,139,179,223,254,40,31
17397,149,184,296,323,35,27
17398,108,139,279,303,31,24
17399,107,125,244,257,18,13
17400,80,98,245,259,18,14
17401,55,71,250,262,16,12
17402,201,218,96,109,17,13
17403,142,167,35,55,25,20
17404,131,154,77,94,23,17
17405,88,107,105,120,19,15
17406,57,76,81,94,19,13
17407,17,37,101,116,20,15
17408,24,54,163,186,30,23
17409,49,66,126,140,17,14
17410,47,68,240,256,21,16
17411,38,66,211,232,28,21
17412,80,105,210,229,25,19
17413,92,105,245,255,13,10
17414,79,101,280,297,22,17
17415,48,71,297,314,23,17
17416,35,46,289,298,11,9
17417,103,115,255,264,12,9
17418,122,139,196,209,17,13
17419,144,162,219,232,18,13
17420,151,171,143,158,20,15
17421,142,166,166,185,24,19
17422,161,181,116,131,20,15
17423,141,154,139,149,13,10
17424,152,172,304,319,20,15
17425,103,128,330,349,25,19
17426,127,142,316,327,15,11
17427,144,172,260,281,28,21
17428,193,217,212,230,24,18
17429,212,226,134,145,14,11
17430,198,212,81,91,14,10
17431,54,85,154,177,31,23
17432,47,71,197,215,24,18
17433,54,72,228,242,18,14
17434,48,60,286,295,12,9
17435,62,80,303,317,18,14
17436,85,98,293,303,13,10
17437,107,127,224,239,20,15
17438,136,151,246,257,15,11
17439,156,176,275,289,20,14
17440,185,212,187,208,27,21
17441,154,172,191,205,18,14
17442,162,189,97,117,27,20
17443,160,191,125,148,31,23
17444,151,174,34,51,23,17
17445,114,142,42,63,28,21
17446,92,114,57,74,22,17
17447,74,90,75,87,16,12
17448,46,68,85,101,22,16
17449,41,62,100,116,21,16
17450,14,33,11,26,19,15
17451,13,34,133,149,21,16
17452,11,35,188,206,24,18
17453,17,40,239,256,23,17
17454,48,66,252,265,18,13
17455,96,121,251,270,25,19
17456,124,142,293,307,18,14
17457,162,205,296,328,43,32
17458,190,225,232,258,35,26
17459,197,208,71,79,11,8
17460,123,151,89,110,28,21
17461,130,164,146,172,34,26
17462,133,164,207,230,31,23
17463,146,166,261,276,20,15
17464,122,144,293,309,22,16
17465,78,103,245,264,25,19
17466,64,85,173,189,21,16
17467,51,71,86,101,20,15
17468,39,67,128,148,28,20
17469,29,49,240,255,20,15
17470,34,63,196,219,29,23
17471,37,67,307,329,30,22
17472,112,133,319,335,21,16
17473,167,194,304,325,27,21
17474,193,220,230,250,27,20
17475,197,209,144,153,12,9
17476,191,220,84,106,29,22
17477,41,66,31,50,25,19
17478,80,99,41,55,19,14
17479,122,147,214,233,25,19
17480,115,137,247,264,22,17
17481,154,176,256,272,22,16
17482,154,172,299,312,18,13
17483,160,180,121,136,20,15
17484,154,185,160,183,31,23
17485,186,203,89,102,17,13
17486,80,99,51,65,19,14
17487,49,65,91,103,16,12
17488,39,54,146,157,15,11
17489,32,61,195,217,29,22
17490,55,73,240,253,18,13
17491,88,102,249,261,14,12
17492,69,83,290,300,14,10
17493,17,39,291,308,22,17
17494,10,39,226,248,29,22
17495,37,65,313,333,28,20
17496,6,37,146,169,31,23
17497,14,24,121,129,10,8
17498,12,32,56,71,20,15
17499,33,63,21,44,30,23
17500,77,93,16,28,16,12
17501,83,105,211,228,22,17
17502,123,144,138,153,21,15
17503,70,95,99,118,25,19
17504,105,126,86,102,21,16
17505,142,156,94,105,14,11
17506,157,180,137,154,23,17
17507,136,156,159,174,20,15
17508,108,136,259,280,28,21
17509,100,129,283,305,29,22
17510,51,83,286,310,32,24
17511,33,64,228,251,31,23
17512,28,49,163,179,21,16
17513,29,58,131,152,29,21
17514,29,53,72,90,24,18
17515,49,75,44,63,26,19
17516,72,97,33,52,25,19
17517,98,110,51,59,12,8
17518,121,133,45,54,12,9
17519,151,176,25,44,25,19
17520,184,203,282,296,19,14
17521,172,198,328,348,26,20
17522,164,190,196,216,26,20
17523,151,173,239,255,22,16
17524,80,115,99,125,35,26
17525,92,112,155,170,20,15
17526,129,150,102,117,21,15
17527,140,162,140,157,22,17
17528,177,198,78,93,21,15
17529,107,131,54,71,24,17
17530,56,77,69,85,21,16
17531,39,59,134,150,20,16
17532,49,68,189,203,19,14
17533,46,65,258,272,19,14
17534,93,123,274,297,30,23
17535,138,160,315,331,22,16
17536,124,137,221,230,13,9
17537,146,166,254,270,20,16
17538,168,193,279,297,25,18
17539,193,218,256,274,25,18
17540,206,223,298,311,17,13
17541,188,205,98,111,17,13
17542,188,205,38,51,17,13
17543,104,126,25,42,22,17
17544,108,147,66,95,39,29
17545,137,159,124,140,22,16
17546,156,176,173,188,20,15
17547,184,202,110,123,18,13
17548,188,200,188,197,12,9
17549,165,188,244,262,23,18
17550,162,194,305,329,32,24
17551,95,117,210,226,22,16
17552,96,119,244,261,23,17
17553,94,117,267,285,23,18
17554,72,95,173,191,23,18
17555,65,91,131,151,26,20
17556,66,90,113,130,24,17
17557,53,74,74,90,21,16
17558,43,63,103,118,20,15
17559,19,62,143,174,43,31
17560,34,55,184,200,21,16
17561,10,28,85,98,18,13
17562,22,43,45,60,21,15
17563,47,58,24,32,11,8
17564,63,78,34,45,15,11
17565,22,44,238,254,22,16
17566,19,44,284,302,25,18
17567,45,68,317,334,23,17
17568,100,132,318,341,32,23
17569,53,73,259,274,20,15
17570,121,151,227,249,30,22
17571,48,83,2,28,35,26
17572,49,74,37,56,25,19
17573,55,76,73,88,21,15
17574,91,102,78,86,11,8
17575,115,122,49,54,7,5
17576,60,73,142,151,13,9
17577,25,36,184,192,11,8
17578,22,34,232,241,12,9
17579,34,46,269,278,12,9
17580,68,92,264,282,24,18
17581,95,122,240,260,27,20
17582,115,135,198,214,20,16
17583,118,139,154,170,21,16
17584,134,146,111,120,12,9
17585,171,198,221,241,27,20
17586,171,202,281,304,31,23
17587,173,204,317,340,31,23
17588,169,188,157,170,19,13
17589,146,165,54,68,19,14
17590,164,181,93,106,17,13
17591,34,57,106,123,23,17
17592,16,41,138,157,25,19
17593,6,34,278,299,28,21
17594,88,112,149,168,24,19
17595,76,93,105,117,17,12
17596,68,83,69,80,15,11
17597,105,121,69,81,16,12
17598,117,136,105,120,19,15
17599,134,147,159,169,13,10
17600,128,148,233,248,20,15
17601,151,165,193,203,14,10
17602,154,171,275,287,17,12
17603,152,171,311,324,19,13
17604,80,102,239,255,22,16
17605,58,83,267,285,25,18
17606,42,58,302,313,16,11
17607,24,51,228,248,27,20
17608,17,33,176,189,16,13
17609,18,34,129,141,16,12
17610,2,29,50,71,27,21
17611,37,69,23,47,32,24
17612,79,87,14,19,8,5
17613,168,193,28,47,25,19
17614,155,181,55,74,26,19
17615,156,188,89,113,32,24
17616,165,192,117,137,27,20
17617,175,196,152,168,21,16
17618,183,204,188,204,21,16
17619,93,115,196,213,22,17
17620,117,142,119,138,25,19
17621,115,129,158,169,14,11
17622,107,127,200,216,20,16
17623,114,130,221,233,16,12
17624,116,131,245,256,15,11
17625,127,139,267,276,12,9
17626,119,137,288,302,18,14
17627,147,164,235,248,17,13
17628,156,173,142,154,17,12
17629,165,183,68,81,18,13
17630,124,140,33,45,16,12
17631,93,107,55,65,14,10
17632,72,85,82,92,13,10
17633,64,76,102,111,12,9
17634,55,71,125,137,16,12
17635,41,54,47,57,13,10
17636,43,59,65,77,16,12
17637,40,49,86,92,9,6
17638,36,43,113,118,7,5
17639,26,47,163,179,21,16
17640,45,62,188,201,17,13
17641,73,89,192,203,16,11
17642,78,95,130,143,17,13
17643,78,97,157,171,19,14
17644,102,112,87,95,10,8
17645,73,94,8,24,21,16
17646,129,152,7,24,23,17
17647,144,166,188,204,22,16
17648,156,175,293,308,19,15
17649,178,198,248,262,20,14
17650,77,99,145,162,22,17
17651,66,88,192,208,22,16
17652,95,112,182,195,17,13
17653,114,124,158,166,10,8
17654,73,84,124,132,11,8
17655,65,70,133,137,5,4
17656,51,61,144,152,10,8
17657,43,54,163,171,11,8
17658,34,49,186,197,15,11
17659,34,46,207,215,12,8
17660,45,59,222,233,14,11
17661,51,63,240,250,12,10
17662,56,63,259,264,7,5
17663,76,91,258,269,15,11
17664,69,76,62,67,7,5
17665,105,130,68,87,25,19
17666,130,151,101,117,21,16
17667,149,167,135,148,18,13
17668,151,178,171,190,27,19
17669,156,180,216,234,24,18
17670,153,175,271,287,22,16
17671,145,159,315,326,14,11
17672,119,137,253,267,18,14
17673,112,132,201,216,20,15
17674,25,44,23,37,19,14
17675,69,107,124,153,38,29
17676,108,137,73,95,29,22
17677,126,149,160,177,23,17
17678,107,127,201,216,20,15
17679,103,127,240,258,24,18
17680,147,177,240,263,30,23
17681,185,203,268,282,18,14
17682,206,217,91,100,11,9
17683,195,208,146,156,13,10
17684,54,67,95,105,13,10
17685,26,46,107,122,20,15
17686,25,34,139,145,9,6
17687,29,47,144,158,18,14
17688,33,46,186,195,13,9
17689,28,47,229,244,19,15
17690,76,98,107,123,22,16
17691,76,102,91,111,26,20
17692,126,147,126,142,21,16
17693,144,159,94,105,15,11
17694,149,168,184,198,19,14
17695,156,171,226,238,15,12
17696,144,166,267,283,22,16
17697,83,103,223,239,20,16
17698,49,68,209,223,19,14
17699,31,48,182,195,17,13
17700,21,35,217,228,14,11
17701,16,36,130,145,20,15
17702,16,34,86,99,18,13
17703,28,52,36,54,24,18
17704,39,56,61,73,17,12
17705,60,72,30,39,12,9
17706,66,80,60,70,14,10
17707,84,100,19,31,16,12
17708,90,107,41,53,17,12
17709,102,117,66,77,15,11
17710,159,176,47,60,17,13
17711,178,191,297,307,13,10
17712,178,202,319,337,24,18
17713,184,204,201,216,20,15
17714,178,196,243,257,18,14
17715,88,127,69,99,39,30
17716,127,155,102,124,28,22
17717,146,176,38,60,30,22
17718,156,175,117,131,19,14
17719,154,180,142,162,26,20
17720,156,186,165,187,30,22
17721,124,146,230,247,22,17
17722,112,131,248,262,19,14
17723,140,169,283,305,29,22
17724,150,166,338,350,16,12
17725,188,220,183,206,32,23
17726,208,225,82,95,17,13
17727,38,66,11,32,28,21
17728,30,55,50,68,25,18
17729,27,63,86,113,36,27
17730,34,56,117,134,22,17
17731,30,56,165,184,26,19
17732,67,75,143,149,8,6
17733,81,92,112,120,11,8
17734,50,65,199,210,15,11
17735,42,68,230,250,26,20
17736,33,60,280,300,27,20
17737,78,97,252,265,19,13
17738,93,109,223,235,16,12
17739,146,161,197,208,15,11
17740,185,203,152,166,18,14
17741,166,188,74,91,22,17
17742,188,221,12,37,33,25
17743,93,120,7,27,27,20
17744,92,123,26,50,31,24
17745,110,113,118,121,3,3
17746,134,171,137,165,37,28
17747,171,201,15,37,30,22
17748,181,193,46,54,12,8
17749,175,196,77,93,21,16
17750,155,181,203,223,26,20
17751,142,162,269,284,20,15
17752,17,38,110,125,21,15
17753,38,67,70,92,29,22
17754,53,78,27,46,25,19
17755,41,54,186,195,13,9
17756,38,49,242,250,11,8
17757,40,52,276,285,12,9
17758,49,62,306,316,13,10
17759,83,107,303,322,24,19
17760,119,129,284,292,10,8
17761,131,147,330,342,16,12
17762,167,210,299,331,43,32
17763,193,222,264,286,29,22
17764,118,154,224,251,36,27
17765,137,151,211,222,14,11
17766,151,170,156,170,19,14
17767,168,181,113,123,13,10
17768,100,120,126,141,20,15
17769,88,105,157,171,17,14
17770,55,73,103,116,18,13
17771,47,62,139,150,15,11
17772,44,61,160,173,17,13
17773,38,54,190,201,16,11
17774,71,93,185,201,22,16
17775,104,116,197,206,12,9
17776,124,142,228,242,18,14
17777,146,173,245,265,27,20
17778,183,198,223,234,15,11
17779,182,198,278,290,16,12
17780,175,192,313,326,17,13
17781,137,156,272,287,19,15
17782,35,60,280,299,25,19
17783,34,61,312,333,27,21
17784,22,41,245,258,19,13
17785,53,73,220,235,20,15
17786,14,33,24,38,19,14
17787,51,67,45,57,16,12
17788,80,93,36,45,13,9
17789,102,124,56,73,22,17
17790,139,163,55,73,24,18
17791,183,209,36,55,26,19
17792,171,201,65,88,30,23
17793,122,137,90,102,15,12
17794,134,146,113,123,12,10
17795,188,212,124,143,24,19
17796,186,204,153,167,18,14
17797,186,207,178,194,21,16
17798,100,115,156,167,15,11
17799,93,117,130,148,24,18
17800,77,93,86,98,16,12
17801,61,73,112,121,12,9
17802,48,64,142,154,16,12
17803,49,68,169,184,19,15
17804,54,73,209,223,19,14
17805,39,53,77,87,14,10
17806,46,63,50,63,17,13
17807,65,89,27,45,24,18
17808,102,121,45,59,19,14
17809,148,164,156,168,16,12
17810,149,176,106,126,27,20
17811,151,162,204,212,11,8
17812,122,144,259,276,22,17
17813,124,142,292,306,18,14
17814,161,182,253,268,21,15
17815,168,184,294,306,16,12
17816,187,204,207,220,17,13
17817,191,211,155,170,20,15
17818,195,217,83,100,22,17
17819,190,205,53,64,15,11
17820,107,122,88,99,15,11
17821,15,39,198,216,24,18
17822,19,42,237,254,23,17
17823,14,40,268,288,26,20
17824,23,47,302,320,24,18
17825,55,68,272,282,13,10
17826,101,115,292,303,14,11
17827,114,139,311,330,25,19
17828,154,172,321,335,18,14
17829,50,65,132,143,15,11
17830,49,68,168,183,19,15
17831,40,57,181,194,17,13
17832,24,38,190,200,14,10
17833,17,32,150,161,15,11
17834,23,35,118,128,12,10
17835,58,75,112,125,17,13
17836,95,115,101,116,20,15
17837,137,156,116,130,19,14
17838,127,146,158,173,19,15
17839,124,146,207,223,22,16
17840,88,105,171,183,17,12
17841,76,93,210,222,17,12
17842,61,75,234,244,14,10
17843,64,74,256,264,10,8
17844,46,66,278,293,20,15
17845,45,61,307,319,16,12
17846,149,168,310,325,19,15
17847,181,218,212,241,37,29
17848,167,195,250,271,28,21
17849,179,198,141,155,19,14
17850,178,205,75,95,27,20
17851,164,185,31,46,21,15
17852,119,137,50,63,18,13
17853,107,129,26,43,22,17
17854,80,105,43,61,25,18
17855,35,47,50,59,12,9
17856,14,41,61,80,27,19
17857,13,32,91,105,19,14
17858,159,175,191,203,16,12
17859,85,99,275,285,14,10
17860,116,127,257,265,11,8
17861,155,166,240,248,11,8
17862,181,195,161,171,14,10
17863,193,205,118,127,12,9
17864,154,168,123,133,14,10
17865,131,138,127,133,7,6
17866,82,107,127,146,25,19
17867,89,115,78,97,26,19
17868,96,123,31,51,27,20
17869,38,56,47,60,18,13
17870,14,38,91,109,24,18
17871,12,30,120,133,18,13
17872,8,32,162,180,24,18
17873,26,57,194,217,31,23
17874,31,48,229,242,17,13
17875,32,42,289,296,10,7
17876,67,85,203,216,18,13
17877,102,120,184,197,18,13
17878,102,118,218,231,16,13
17879,49,71,310,326,22,16
17880,83,109,99,119,26,20
17881,70,88,125,138,18,13
17882,46,56,132,139,10,7
17883,49,70,82,97,21,15
17884,80,107,41,62,27,21
17885,117,144,55,75,27,20
17886,126,150,17,35,24,18
17887,139,163,115,132,24,17
17888,113,134,246,261,21,15
17889,83,110,286,307,27,21
17890,45,66,260,276,21,16
17891,32,57,185,204,25,19
17892,33,51,214,228,18,14
17893,64,90,224,243,26,19
17894,164,196,236,261,32,25
17895,158,185,274,294,27,20
17896,174,191,107,120,17,13
17897,161,187,47,66,26,19
17898,100,125,124,142,25,18
17899,119,149,208,230,30,22
17900,117,136,278,292,19,14
17901,34,54,292,307,20,15
17902,91,116,302,321,25,19
17903,127,150,311,328,23,17
17904,188,203,308,319,15,11
17905,215,234,227,242,19,15
17906,208,229,138,154,21,16
17907,208,223,51,63,15,12
17908,106,137,153,177,31,24
17909,129,151,77,94,22,17
17910,154,175,58,74,21,16
17911,172,194,168,184,22,16
17912,163,198,100,127,35,27
17913,167,195,214,235,28,21
17914,161,188,256,277,27,21
17915,74,96,183,199,22,16
17916,53,71,203,216,18,13
17917,32,48,216,227,16,11
17918,23,39,167,179,16,12
17919,20,37,124,136,17,12
17920,31,54,90,107,23,17
17921,49,66,53,66,17,13
17922,87,107,30,45,20,15
17923,126,146,18,33,20,15
17924,115,135,33,48,20,15
17925,151,164,18,28,13,10
17926,192,222,48,71,30,23
17927,102,129,196,217,27,21
17928,19,48,292,314,29,22
17929,14,34,271,286,20,15
17930,16,43,236,256,27,20
17931,23,39,195,207,16,12
17932,7,21,77,87,14,10
17933,15,31,38,49,16,11
17934,122,146,261,279,24,18
17935,88,120,224,248,32,24
17936,130,163,161,186,33,25
17937,165,178,127,137,13,10
17938,154,178,250,268,24,18
17939,156,175,282,296,19,14
17940,129,161,205,229,32,24
17941,93,106,176,186,13,10
17942,56,64,187,193,8,6
17943,32,51,139,153,19,14
17944,29,52,99,117,23,18
17945,32,56,52,71,24,19
17946,46,63,12,25,17,13
17947,144,165,6,22,21,16
17948,149,178,29,51,29,22
17949,135,173,60,88,38,28
17950,190,213,38,55,23,17
17951,117,149,94,118,32,24
17952,81,107,125,144,26,19
17953,66,84,146,159,18,13
17954,45,62,154,167,17,13
17955,27,38,176,184,11,8
17956,13,32,207,221,19,14
17957,19,34,247,259,15,12
17958,23,42,272,286,19,14
17959,32,51,311,326,19,15
17960,70,95,320,339,25,19
17961,58,69,274,282,11,8
17962,58,73,254,265,15,11
17963,44,66,225,242,22,17
17964,45,58,200,209,13,9
17965,112,132,187,202,20,15
17966,149,183,257,282,34,25
17967,152,173,317,333,21,16
17968,153,176,337,354,23,17
17969,164,194,169,191,30,22
17970,165,192,209,229,27,20
17971,188,215,120,140,27,20
17972,123,151,122,143,28,21
17973,126,151,150,168,25,18
17974,87,106,138,152,19,14
17975,79,119,69,99,40,30
17976,134,154,82,96,20,14
17977,102,128,39,58,26,19
17978,150,159,58,65,9,7
17979,180,197,55,68,17,13
17980,178,194,84,96,16,12
17981,212,225,37,46,13,9
17982,73,83,197,204,10,7
17983,61,93,240,264,32,24
17984,53,74,280,296,21,16
17985,90,123,228,252,33,24
17986,102,125,260,277,23,17
17987,109,134,279,299,25,20
17988,182,219,280,308,37,28
17989,76,109,197,222,33,25
17990,106,131,145,164,25,19
17991,145,167,18,35,22,17
17992,148,175,47,67,27,20
17993,115,142,97,118,27,21
17994,72,85,103,113,13,10
17995,45,66,143,158,21,15
17996,31,52,187,203,21,16
17997,24,41,254,267,17,13
17998,56,86,232,255,30,23
17999,124,139,253,264,15,11
18000,144,161,193,206,17,13
18001,146,170,267,285,24,18
18002,146,169,294,312,23,18
18003,178,206,169,190,28,21
18004,178,215,205,233,37,28
18005,201,225,269,286,24,17
18006,165,180,102,114,15,12
18007,45,68,165,183,23,18
18008,15,36,217,233,21,16
18009,17,44,284,304,27,20
18010,132,175,317,349,43,32
18011,107,134,265,286,27,21
18012,83,100,61,74,17,13
18013,85,107,118,135,22,17
18014,87,98,175,183,11,8
18015,87,103,199,211,16,12
18016,114,134,139,154,20,15
18017,56,72,199,211,16,12
18018,34,42,231,238,8,7
18019,10,19,217,224,9,7
18020,12,22,185,192,10,7
18021,11,21,162,169,10,7
18022,10,19,141,148,9,7
18023,12,21,114,121,9,7
18024,20,32,81,90,12,9
18025,39,46,109,115,7,6
18026,36,45,137,143,9,6
18027,61,71,132,140,10,8
18028,68,76,98,104,8,6
18029,61,74,71,81,13,10
18030,46,63,46,58,17,12
18031,26,41,23,34,15,11
18032,98,127,2,23,29,21
18033,109,119,47,54,10,7
18034,110,125,91,102,15,11
18035,125,137,64,73,12,9
18036,131,138,104,109,7,5
18037,129,144,195,206,15,11
18038,138,162,227,246,24,19
18039,149,172,270,287,23,17
18040,173,194,182,198,21,16
18041,171,190,148,163,19,15
18042,183,195,223,232,12,9
18043,186,200,253,264,14,11
18044,156,172,296,308,16,12
18045,133,145,310,319,12,9
18046,62,78,318,331,16,13
18047,90,100,242,249,10,7
18048,104,150,216,250,46,34
18049,112,129,298,310,17,12
18050,98,123,115,134,25,19
18051,89,117,154,175,28,21
18052,132,149,36,49,17,13
18053,160,198,78,107,38,29
18054,170,196,190,210,26,20
18055,179,208,271,293,29,22
18056,163,177,318,328,14,10
18057,54,78,321,339,24,18
18058,27,48,266,282,21,16
18059,24,44,213,227,20,14
18060,10,39,138,160,29,22
18061,37,74,164,191,37,27
18062,22,37,90,102,15,12
18063,51,71,92,107,20,15
18064,81,103,81,97,22,16
18065,26,46,23,37,20,14
18066,12,34,47,64,22,17
18067,10,35,227,246,25,19
18068,14,36,288,304,22,16
18069,16,34,314,328,18,14
18070,61,75,289,299,14,10
18071,77,95,232,246,18,14
18072,75,90,262,273,15,11
18073,92,102,194,201,10,7
18074,124,149,173,192,25,19
18075,153,176,146,163,23,17
18076,117,130,84,94,13,10
18077,90,120,39,61,30,22
18078,85,110,179,197,25,18
18079,79,109,253,275,30,22
18080,122,157,328,354,35,26
18081,77,95,318,331,18,13
18082,51,63,186,195,12,9
18083,61,79,128,142,18,14
18084,93,115,82,99,22,17
18085,93,110,108,121,17,13
18086,83,99,42,54,16,12
18087,53,68,60,71,15,11
18088,59,73,37,47,14,10
18089,100,120,23,37,20,14
18090,127,149,50,67,22,17
18091,151,176,89,108,25,19
18092,166,193,129,149,27,20
18093,160,188,185,207,28,22
18094,52,58,226,230,6,4
18095,34,50,250,263,16,13
18096,19,30,223,231,11,8
18097,13,28,174,185,15,11
18098,22,35,133,143,13,10
18099,12,31,92,106,19,14
18100,24,43,292,306,19,14
18101,27,45,322,335,18,13
18102,159,181,256,273,22,17
18103,118,146,207,229,28,22
18104,147,177,291,314,30,23
18105,144,171,3,23,27,20
18106,130,142,47,56,12,9
18107,129,144,94,105,15,11
18108,132,144,126,135,12,9
18109,89,101,185,194,12,9
18110,81,95,197,208,14,11
18111,61,68,205,210,7,5
18112,58,68,184,192,10,8
18113,44,51,216,221,7,5
18114,35,51,241,253,16,12
18115,17,34,195,207,17,12
18116,13,27,140,150,14,10
18117,22,34,100,110,12,10
18118,39,52,63,72,13,9
18119,61,67,25,30,6,5
18120,6,20,25,36,14,11
18121,11,24,63,73,13,10
18122,13,24,81,89,11,8
18123,41,50,97,104,9,7
18124,44,51,118,124,7,6
18125,80,93,13,23,13,10
18126,112,125,39,49,13,10
18127,149,162,72,82,13,10
18128,151,183,172,196,32,24
18129,154,186,221,245,32,24
18130,160,182,284,300,22,16
18131,144,158,331,342,14,11
18132,111,127,185,197,16,12
18133,115,129,221,232,14,11
18134,95,113,233,247,18,14
18135,123,135,256,265,12,9
18136,161,179,253,267,18,14
18137,186,207,117,133,21,16
18138,188,207,47,60,19,13
18139,198,230,145,169,32,24
18140,213,236,215,232,23,17
18141,212,230,283,296,18,13
18142,120,137,149,161,17,12
18143,93,120,124,143,27,19
18144,88,112,177,195,24,18
18145,100,113,226,236,13,10
18146,138,153,171,183,15,12
18147,120,134,74,84,14,10
18148,85,100,71,82,15,11
18149,50,69,95,110,19,15
18150,32,51,164,178,19,14
18151,32,55,225,242,23,17
18152,33,46,289,299,13,10
18153,54,66,317,326,12,9
18154,90,101,256,264,11,8
18155,76,87,217,225,11,8
18156,129,151,240,257,22,17
18157,166,178,228,238,12,10
18158,186,195,169,176,9,7
18159,169,213,84,117,44,33
18160,163,186,33,51,23,18
18161,80,107,34,54,27,20
18162,15,44,17,39,29,22
18163,24,71,43,77,47,34
18164,115,140,267,286,25,19
18165,91,117,297,317,26,20
18166,68,83,179,190,15,11
18167,50,69,122,137,19,15
18168,86,110,154,172,24,18
18169,102,124,188,204,22,16
18170,90,104,88,98,14,10
18171,91,112,111,127,21,16
18172,68,85,51,64,17,13
18173,46,66,67,82,20,15
18174,37,51,33,43,14,10
18175,90,117,20,40,27,20
18176,129,154,41,60,25,19
18177,137,168,160,183,31,23
18178,142,176,195,220,34,25
18179,140,160,249,264,20,15
18180,132,151,279,294,19,15
18181,113,130,306,319,17,13
18182,75,82,311,316,7,5
18183,42,52,332,340,10,8
18184,23,44,265,280,21,15
18185,25,36,296,304,11,8
18186,25,53,235,256,28,21
18187,26,55,177,199,29,22
18188,27,46,149,164,19,15
18189,15,31,116,128,16,12
18190,131,164,125,150,33,25
18191,168,200,66,90,32,24
18192,182,210,128,149,28,21
18193,190,230,240,269,40,29
18194,175,204,284,306,29,22
18195,155,183,314,335,28,21
18196,94,107,277,287,13,10
18197,56,69,284,293,13,9
18198,164,181,33,46,17,13
18199,188,208,20,35,20,15
18200,200,224,42,59,24,17
18201,205,224,81,95,19,14
18202,190,222,172,197,32,25
18203,188,212,209,227,24,18
18204,100,117,254,266,17,12
18205,117,141,160,177,24,17
18206,44,58,96,107,14,11
18207,21,42,60,76,21,16
18208,71,88,149,161,17,12
18209,88,98,73,81,10,8
18210,89,105,120,132,16,12
18211,130,161,109,132,31,23
18212,183,203,162,176,20,14
18213,173,187,197,208,14,11
18214,172,234,283,330,62,47
18215,107,134,314,334,27,20
18216,127,152,263,282,25,19
18217,149,167,314,328,18,14
18218,153,168,157,168,15,11
18219,175,198,64,81,23,17
18220,123,144,50,66,21,16
18221,171,191,22,38,20,16
18222,190,212,46,62,22,16
18223,191,207,81,93,16,12
18224,179,203,99,117,24,18
18225,124,137,166,175,13,9
18226,102,135,184,209,33,25
18227,105,131,220,239,26,19
18228,169,203,128,154,34,26
18229,168,182,169,179,14,10
18230,168,174,206,210,6,4
18231,153,167,229,240,14,11
18232,91,98,207,212,7,5
18233,84,92,183,188,8,5
18234,61,66,233,237,5,4
18235,38,85,263,298,47,35
18236,83,104,307,323,21,16
18237,133,158,310,329,25,19
18238,188,200,285,293,12,8
18239,176,182,191,195,6,4
18240,127,132,117,122,5,5
18241,126,136,136,143,10,7
18242,134,147,81,91,13,10
18243,69,81,91,101,12,10
18244,61,72,63,71,11,8
18245,37,56,112,126,19,14
18246,34,41,151,156,7,5
18247,19,37,51,64,18,13
18248,105,134,19,40,29,21
18249,150,170,30,45,20,15
18250,167,186,64,77,19,13
18251,196,224,82,103,28,21
18252,209,225,60,71,16,11
18253,98,110,257,267,12,10
18254,92,105,220,229,13,9
18255,89,99,240,247,10,7
18256,121,136,151,162,15,11
18257,122,141,179,193,19,14
18258,136,151,226,237,15,11
18259,155,172,273,286,17,13
18260,165,195,214,237,30,23
18261,197,218,258,274,21,16
18262,217,235,240,254,18,14
18263,176,187,80,88,11,8
18264,178,194,119,131,16,12
18265,168,193,157,176,25,19
18266,130,144,246,257,14,11
18267,62,78,184,196,16,12
18268,27,38,210,218,11,8
18269,32,45,175,186,13,11
18270,33,56,140,157,23,17
18271,49,70,94,110,21,16
18272,68,86,124,137,18,13
18273,72,93,163,179,21,16
18274,107,144,221,248,37,27
18275,132,147,272,284,15,12
18276,137,161,311,329,24,18
18277,166,187,135,151,21,16
18278,172,187,171,183,15,12
18279,185,198,116,126,13,10
18280,98,112,84,95,14,11
18281,83,99,54,66,16,12
18282,78,93,30,41,15,11
18283,55,66,62,70,11,8
18284,36,52,92,103,16,11
18285,20,47,120,140,27,20
18286,32,46,160,171,14,11
18287,29,47,196,209,18,13
18288,35,49,223,234,14,11
18289,63,88,235,254,25,19
18290,73,85,266,274,12,8
18291,62,74,294,303,12,9
18292,46,61,333,344,15,11
18293,22,35,302,312,13,10
18294,19,38,255,269,19,14
18295,52,70,262,275,18,13
18296,91,108,269,282,17,13
18297,117,133,244,256,16,12
18298,167,188,172,187,21,15
18299,178,204,216,235,26,19
18300,178,195,294,306,17,12
18301,190,208,68,80,18,12
18302,181,203,27,43,22,16
18303,153,178,99,117,25,18
18304,77,93,155,167,16,12
18305,80,94,178,189,14,11
18306,111,132,110,126,21,16
18307,127,145,140,153,18,13
18308,104,120,40,51,16,11
18309,144,156,47,56,12,9
18310,149,159,72,80,10,8
18311,156,175,105,119,19,14
18312,179,190,168,176,11,8
18313,71,86,257,269,15,12
18314,73,98,203,221,25,18
18315,112,132,180,195,20,15
18316,132,146,129,139,14,10
18317,144,158,68,79,14,11
18318,165,176,149,157,11,8
18319,154,175,203,219,21,16
18320,121,146,268,287,25,19
18321,78,93,319,331,15,12
18322,45,59,313,323,14,10
18323,35,55,281,296,20,15
18324,27,49,236,252,22,16
18325,17,34,209,222,17,13
18326,25,37,172,181,12,9
18327,39,53,139,150,14,11
18328,34,47,106,116,13,10
18329,29,41,69,78,12,9
18330,41,54,29,38,13,9
18331,76,98,35,51,22,16
18332,117,133,241,253,16,12
18333,113,146,299,323,33,24
18334,105,127,326,342,22,16
18335,93,126,294,318,33,24
18336,41,60,192,206,19,14
18337,30,44,211,221,14,10
18338,80,100,98,113,20,15
18339,97,112,163,175,15,12
18340,90,107,119,131,17,12
18341,98,112,167,177,14,10
18342,107,122,204,215,15,11
18343,124,135,218,226,11,8
18344,139,159,144,159,20,15
18345,36,58,152,169,22,17
18346,33,52,192,207,19,15
18347,28,45,239,252,17,13
18348,24,37,95,105,13,10
18349,122,139,161,174,17,13
18350,107,129,111,127,22,16
18351,76,91,134,146,15,12
18352,69,78,172,179,9,7
18353,35,54,209,223,19,14
18354,36,49,114,123,13,9
18355,53,59,135,140,6,5
18356,36,56,156,171,20,15
18357,39,56,65,78,17,13
18358,89,111,69,86,22,17
18359,81,90,164,170,9,6
18360,88,110,122,138,22,16
18361,124,142,160,174,18,14
18362,129,154,213,231,25,18
18363,139,166,264,285,27,21
18364,30,52,183,199,22,16
18365,14,42,238,259,28,21
18366,11,51,69,99,40,30
18367,17,56,114,144,39,30
18368,90,119,74,96,29,22
18369,153,177,73,91,24,18
18370,144,187,103,135,43,32
18371,161,205,4,37,44,33
18372,135,161,303,323,26,20
18373,198,239,174,204,41,30
18374,10,19,165,173,9,8
18375,11,20,174,181,9,7
18376,11,29,197,210,18,13
18377,39,68,143,164,29,21
18378,40,63,203,220,23,17
18379,25,67,249,281,42,32
18380,27,68,295,326,41,31
18381,88,107,148,163,19,15
18382,12,49,84,111,37,27
18383,55,65,76,83,10,7
18384,8,29,50,65,21,15
18385,22,36,22,33,14,11
18386,58,78,8,23,20,15
18387,107,136,4,26,29,22
18388,137,161,67,85,24,18
18389,133,159,123,142,26,19
18390,102,120,128,141,18,13
18391,95,113,162,175,18,13
18392,61,96,183,210,35,27
18393,50,71,128,144,21,16
18394,49,72,78,96,23,18
18395,63,90,42,62,27,20
18396,86,116,67,89,30,22
18397,91,117,96,115,26,19
18398,133,152,110,124,19,14
18399,145,171,162,182,26,20
18400,144,176,211,234,32,23
18401,142,169,265,285,27,20
18402,137,160,310,328,23,18
18403,66,82,218,230,16,12
18404,52,64,233,242,12,9
18405,23,53,264,287,30,23
18406,15,38,317,334,23,17
18407,19,35,198,210,16,12
18408,12,36,118,135,24,17
18409,12,33,50,66,21,16
18410,44,58,21,32,14,11
18411,105,139,15,41,34,26
18412,113,143,149,171,30,22
18413,84,109,207,225,25,18
18414,67,94,241,261,27,20
18415,53,81,139,161,28,22
18416,63,95,80,104,32,24
18417,134,165,72,96,31,24
18418,158,178,213,229,20,16
18419,15,38,171,188,23,17
18420,15,44,213,235,29,22
18421,12,39,285,305,27,20
18422,78,107,272,295,29,23
18423,126,149,173,190,23,17
18424,100,129,237,259,29,22
18425,72,94,158,175,22,17
18426,67,96,99,120,29,21
18427,116,143,100,120,27,20
18428,164,185,90,106,21,16
18429,180,192,153,162,12,9
18430,174,183,195,202,9,7
18431,164,187,230,247,23,17
18432,98,110,215,223,12,8
18433,92,102,221,229,10,8
18434,93,105,251,260,12,9
18435,99,110,197,205,11,8
18436,122,134,198,207,12,9
18437,122,141,225,238,19,13
18438,147,156,190,197,9,7
18439,153,172,261,275,19,14
18440,157,171,95,105,14,10
18441,116,134,116,130,18,14
18442,87,102,111,123,15,12
18443,71,82,101,109,11,8
18444,48,68,123,138,20,15
18445,42,56,86,96,14,10
18446,189,218,100,122,29,22
18447,190,225,133,159,35,26
18448,179,209,10,33,30,23
18449,159,187,182,203,28,21
18450,186,210,303,322,24,19
18451,146,168,319,336,22,17
18452,35,57,201,217,22,16
18453,38,61,244,262,23,18
18454,33,52,114,129,19,15
18455,34,58,161,180,24,19
18456,42,66,58,76,24,18
18457,71,87,45,57,16,12
18458,60,78,92,106,18,14
18459,34,59,24,42,25,18
18460,88,120,16,40,32,24
18461,68,93,130,149,25,19
18462,24,63,281,310,39,29
18463,63,86,332,350,23,18
18464,76,92,278,290,16,12
18465,80,94,236,247,14,11
18466,136,150,262,272,14,10
18467,148,169,200,216,21,16
18468,157,180,226,243,23,17
18469,135,156,119,135,21,16
18470,127,145,61,75,18,14
18471,136,155,26,40,19,14
18472,165,186,47,63,21,16
18473,137,156,83,97,19,14
18474,102,125,65,82,23,17
18475,14,36,73,89,22,16
18476,12,26,109,120,14,11
18477,13,31,185,198,18,13
18478,10,36,244,264,26,20
18479,76,107,148,172,31,24
18480,71,98,22,42,27,20
18481,106,131,103,122,25,19
18482,73,88,208,219,15,11
18483,62,85,204,222,23,18
18484,44,61,251,264,17,13
18485,5,32,154,173,27,19
18486,35,59,122,140,24,18
18487,68,88,119,134,20,15
18488,105,132,177,197,27,20
18489,127,158,211,234,31,23
18490,144,168,250,269,24,19
18491,171,191,152,167,20,15
18492,185,199,219,230,14,11
18493,179,201,288,304,22,16
18494,139,160,290,306,21,16
18495,104,122,257,270,18,13
18496,167,180,97,106,13,9
18497,166,181,51,63,15,12
18498,123,138,57,68,15,11
18499,164,180,25,37,16,12
18500,185,198,67,77,13,10
18501,187,213,105,125,26,20
18502,189,208,175,189,19,14
18503,192,208,256,268,16,12
18504,6,34,217,239,28,22
18505,10,34,262,280,24,18
18506,20,37,302,315,17,13
18507,43,68,175,193,25,18
18508,56,71,146,157,15,11
18509,10,25,55,66,15,11
18510,14,27,25,35,13,10
18511,34,43,149,156,9,7
18512,22,37,190,201,15,11
18513,50,61,128,136,11,8
18514,68,93,143,162,25,19
18515,103,124,100,116,21,16
18516,118,137,163,177,19,14
18517,121,140,223,237,19,14
18518,154,173,87,101,19,14
18519,181,207,191,210,26,19
18520,206,216,250,257,10,7
18521,140,160,274,289,20,15
18522,30,51,285,300,21,15
18523,12,34,243,260,22,17
18524,42,61,213,227,19,14
18525,51,66,256,267,15,11
18526,31,42,343,352,11,9
18527,110,126,48,59,16,11
18528,66,85,74,89,19,15
18529,40,63,61,78,23,17
18530,88,112,111,128,24,17
18531,66,90,134,152,24,18
18532,55,72,151,163,17,12
18533,38,61,112,130,23,18
18534,107,144,170,198,37,28
18535,122,146,231,249,24,18
18536,134,152,306,319,18,13
18537,165,183,154,168,18,14
18538,168,193,225,243,25,18
18539,151,169,91,105,18,14
18540,41,63,65,82,22,17
18541,46,71,29,47,25,18
18542,17,34,20,33,17,13
18543,14,37,132,150,23,18
18544,17,40,190,207,23,17
18545,29,51,247,263,22,16
18546,41,62,313,329,21,16
18547,93,120,313,333,27,20
18548,134,156,274,290,22,16
18549,176,192,299,311,16,12
18550,99,129,210,233,30,23
18551,164,190,178,197,26,19
18552,187,206,109,123,19,14
18553,203,227,135,153,24,18
18554,142,169,116,136,27,20
18555,102,122,23,37,20,14
18556,90,113,167,185,23,18
18557,57,87,202,224,30,22
18558,79,100,127,143,21,16
18559,104,148,58,91,44,33
18560,61,74,249,259,13,10
18561,87,96,240,247,9,7
18562,91,109,269,282,18,13
18563,105,118,193,202,13,9
18564,112,118,216,220,6,4
18565,122,137,234,246,15,12
18566,146,159,137,147,13,10
18567,152,168,185,196,16,11
18568,155,169,223,234,14,11
18569,162,176,253,264,14,11
18570,187,208,143,159,21,16
18571,190,212,94,110,22,16
18572,183,203,58,73,20,15
18573,151,161,66,73,10,7
18574,103,118,56,67,15,11
18575,128,150,25,42,22,17
18576,137,154,261,273,17,12
18577,134,146,306,315,12,9
18578,107,129,328,345,22,17
18579,63,80,299,312,17,13
18580,44,57,309,319,13,10
18581,36,53,282,294,17,12
18582,29,41,254,263,12,9
18583,17,36,202,217,19,15
18584,10,29,147,160,19,13
18585,31,55,123,141,24,18
18586,24,41,87,100,17,13
18587,34,48,44,54,14,10
18588,48,56,69,75,8,6
18589,61,78,39,51,17,12
18590,69,80,75,83,11,8
18591,63,72,104,111,9,7
18592,70,85,144,156,15,12
18593,105,120,134,146,15,12
18594,93,107,177,187,14,10
18595,98,122,200,218,24,18
18596,129,154,226,245,25,19
18597,154,165,80,89,11,9
18598,69,88,166,180,19,14
18599,51,63,215,223,12,8
18600,34,58,266,284,24,18
18601,80,94,312,322,14,10
18602,107,132,273,291,25,18
18603,142,173,184,208,31,24
18604,158,181,116,134,23,18
18605,83,100,122,134,17,12
18606,61,76,92,103,15,11
18607,115,140,131,149,25,18
18608,120,139,173,188,19,15
18609,150,165,125,136,15,11
18610,164,187,161,178,23,17
18611,176,202,68,88,26,20
18612,118,133,74,85,15,11
18613,97,112,91,103,15,12
18614,81,98,120,132,17,12
18615,49,66,173,186,17,13
18616,67,90,216,233,23,17
18617,77,103,245,265,26,20
18618,51,66,188,200,15,12
18619,47,61,220,230,14,10
18620,93,108,144,155,15,11
18621,124,145,205,221,21,16
18622,144,162,131,145,18,14
18623,130,146,84,96,16,12
18624,121,137,131,143,16,12
18625,100,110,203,211,10,8
18626,115,132,172,184,17,12
18627,97,116,126,140,19,14
18628,52,68,99,111,16,12
18629,58,75,68,80,17,12
18630,81,102,35,51,21,16
18631,90,107,66,79,17,13
18632,101,120,92,106,19,14
18633,132,151,89,103,19,14
18634,146,164,131,145,18,14
18635,154,171,185,197,17,12
18636,104,131,219,240,27,21
18637,59,74,129,140,15,11
18638,60,73,98,108,13,10
18639,53,73,54,70,20,16
18640,36,46,70,78,10,8
18641,41,62,28,44,21,16
18642,63,78,87,98,15,11
18643,44,58,120,130,14,10
18644,34,50,160,172,16,12
18645,33,51,199,212,18,13
18646,41,56,234,245,15,11
18647,47,68,259,274,21,15
18648,51,64,301,311,13,10
18649,100,111,287,295,11,8
18650,127,151,273,291,24,18
18651,151,171,305,319,20,14
18652,186,199,311,321,13,10
18653,163,181,179,192,18,13
18654,180,203,206,223,23,17
18655,180,196,135,148,16,13
18656,163,178,78,90,15,12
18657,159,185,17,37,26,20
18658,190,212,51,67,22,16
18659,201,226,107,126,25,19
18660,21,35,291,301,14,10
18661,150,172,236,253,22,17
18662,46,54,59,64,8,5
18663,46,56,54,61,10,7
18664,63,85,83,99,22,16
18665,73,93,123,138,20,15
18666,91,108,146,159,17,13
18667,100,124,195,213,24,18
18668,101,124,229,246,23,17
18669,93,114,290,305,21,15
18670,70,81,245,254,11,9
18671,33,45,242,251,12,9
18672,92,104,276,285,12,9
18673,105,116,176,184,11,8
18674,139,146,185,191,7,6
18675,144,163,203,217,19,14
18676,166,176,140,147,10,7
18677,137,159,297,314,22,17
18678,140,173,137,162,33,25
18679,112,128,220,232,16,12
18680,93,115,265,282,22,17
18681,62,91,209,231,29,22
18682,79,106,133,153,27,20
18683,94,107,188,198,13,10
18684,46,64,159,172,18,13
18685,41,56,182,193,15,11
18686,41,56,129,141,15,12
18687,48,58,84,92,10,8
18688,61,75,37,48,14,11
18689,91,115,30,47,24,17
18690,124,146,32,48,22,16
18691,164,171,55,60,7,5
18692,161,183,108,124,22,16
18693,157,186,162,184,29,22
18694,122,145,211,229,23,18
18695,80,100,157,172,20,15
18696,88,117,292,314,29,22
18697,139,156,287,301,17,14
18698,105,129,231,249,24,18
18699,145,161,248,260,16,12
18700,171,196,218,237,25,19
18701,168,185,280,292,17,12
18702,153,184,304,328,31,24
18703,70,94,168,186,24,18
18704,81,113,102,126,32,24
18705,66,91,228,247,25,19
18706,39,58,182,196,19,14
18707,100,126,132,152,26,20
18708,129,176,164,200,47,36
18709,87,111,181,199,24,18
18710,102,128,152,172,26,20
18711,63,88,222,240,25,18
18712,59,76,254,266,17,12
18713,65,86,295,311,21,16
18714,112,135,224,242,23,18
18715,107,124,99,113,17,14
18716,149,178,89,111,29,22
18717,215,239,70,88,24,18
18718,171,187,68,80,16,12
18719,166,191,50,69,25,19
18720,33,61,152,173,28,21
18721,35,54,295,309,19,14
18722,78,94,206,218,16,12
18723,117,126,244,251,9,7
18724,90,98,311,316,8,5
18725,94,101,325,331,7,6
18726,117,127,326,334,10,8
18727,132,138,331,335,6,4
18728,153,161,148,154,8,6
18729,117,127,265,272,10,7
18730,162,176,224,235,14,11
18731,199,219,221,236,20,15
18732,139,155,157,170,16,13
18733,110,123,173,182,13,9
18734,95,105,199,206,10,7
18735,19,39,272,287,20,15
18736,107,124,181,194,17,13
18737,117,137,135,150,20,15
18738,92,108,99,111,16,12
18739,69,79,123,130,10,7
18740,57,73,155,167,16,12
18741,55,72,205,217,17,12
18742,66,76,241,248,10,7
18743,78,90,259,268,12,9
18744,101,114,266,275,13,9
18745,124,153,223,245,29,22
18746,164,182,193,207,18,14
18747,178,201,164,181,23,17
18748,180,194,213,223,14,10
18749,169,183,89,100,14,11
18750,93,131,87,116,38,29
18751,111,143,134,158,32,24
18752,98,122,20,38,24,18
18753,50,68,57,71,18,14
18754,36,56,82,97,20,15
18755,29,53,104,122,24,18
18756,156,169,102,112,13,10
18757,197,218,126,142,21,16
18758,215,221,222,227,6,5
18759,198,227,272,294,29,22
18760,50,73,285,303,23,18
18761,110,124,194,205,14,11
18762,86,103,159,172,17,13
18763,70,82,105,114,12,9
18764,75,92,72,85,17,13
18765,117,127,75,83,10,8
18766,114,122,52,58,8,6
18767,127,143,312,323,16,11
18768,151,171,315,330,20,15
18769,164,186,212,228,22,16
18770,163,178,253,264,15,11
18771,152,170,145,158,18,13
18772,171,184,74,84,13,10
18773,12,28,156,168,16,12
18774,68,78,164,171,10,7
18775,65,77,209,218,12,9
18776,82,105,189,206,23,17
18777,107,123,163,174,16,11
18778,132,153,96,112,21,16
18779,147,161,179,190,14,11
18780,149,169,219,234,20,15
18781,152,176,252,270,24,18
18782,142,161,295,309,19,14
18783,40,58,291,304,18,13
18784,36,61,242,260,25,18
18785,29,44,187,198,15,11
18786,34,48,148,159,14,11
18787,61,74,107,116,13,9
18788,59,81,64,81,22,17
18789,109,124,81,92,15,11
18790,123,136,55,65,13,10
18791,123,140,23,36,17,13
18792,164,177,90,100,13,10
18793,38,68,15,37,30,22
18794,32,51,72,86,19,14
18795,19,36,111,124,17,13
18796,56,69,170,181,13,11
18797,129,150,183,198,21,15
18798,167,194,133,153,27,20
18799,173,190,180,192,17,12
18800,198,216,235,248,18,13
18801,205,222,297,309,17,12
18802,197,219,65,82,22,17
18803,97,120,277,295,23,18
18804,142,178,216,243,36,27
18805,161,179,132,146,18,14
18806,153,168,72,84,15,12
18807,105,125,102,117,20,15
18808,75,94,108,122,19,14
18809,59,75,90,102,16,12
18810,54,69,63,74,15,11
18811,47,58,35,44,11,9
18812,34,58,106,124,24,18
18813,43,53,145,152,10,7
18814,40,59,173,187,19,14
18815,39,55,236,247,16,11
18816,87,107,135,150,20,15
18817,95,116,156,172,21,16
18818,104,129,176,195,25,19
18819,132,156,200,218,24,18
18820,54,77,172,189,23,17
18821,51,68,210,222,17,12
18822,24,36,124,133,12,9
18823,15,34,159,173,19,14
18824,17,34,252,265,17,13
18825,25,37,319,328,12,9
18826,33,54,286,301,21,15
18827,142,164,92,109,22,17
18828,157,174,75,88,17,13
18829,144,168,176,194,24,18
18830,151,193,217,248,42,31
18831,163,185,280,297,22,17
18832,98,115,152,165,17,13
18833,121,148,230,250,27,20
18834,95,111,144,156,16,12
18835,108,131,186,203,23,17
18836,51,72,257,273,21,16
18837,92,118,249,268,26,19
18838,63,85,58,74,22,16
18839,13,34,130,146,21,16
18840,62,76,175,186,14,11
18841,153,178,89,108,25,19
18842,182,203,183,198,21,15
18843,185,205,241,256,20,15
18844,208,225,122,134,17,12
18845,4,22,230,243,18,13
18846,51,71,230,246,20,16
18847,76,100,274,291,24,17
18848,102,127,198,217,25,19
18849,141,168,241,262,27,21
18850,139,171,75,99,32,24
18851,87,110,114,131,23,17
18852,109,127,51,64,18,13
18853,95,120,230,248,25,18
18854,146,181,99,125,35,26
18855,197,227,264,286,30,22
18856,164,185,317,333,21,16
18857,12,37,153,171,25,18
18858,58,93,146,171,35,25
18859,140,177,2,30,37,28
18860,85,100,124,136,15,12
18861,90,115,78,97,25,19
18862,141,169,102,124,28,22
18863,166,183,149,162,17,13
18864,169,189,220,235,20,15
18865,120,143,268,285,23,17
18866,102,119,189,201,17,12
18867,129,159,25,47,30,22
18868,189,215,47,66,26,19
18869,210,236,159,178,26,19
18870,164,189,314,333,25,19
18871,67,78,187,195,11,8
18872,42,51,252,258,9,6
18873,46,70,286,304,24,18
18874,84,111,214,235,27,21
18875,9,31,247,263,22,16
18876,18,40,213,229,22,16
18877,19,40,168,184,21,16
18878,27,41,107,117,14,10
18879,76,92,176,189,16,13
18880,99,113,111,121,14,10
18881,126,134,114,120,8,6
18882,126,145,212,227,19,15
18883,12,29,293,306,17,13
18884,63,86,187,204,23,17
18885,89,107,164,177,18,13
18886,110,137,98,118,27,20
18887,123,159,183,210,36,27
18888,56,73,234,247,17,13
18889,19,42,282,300,23,18
18890,21,43,208,224,22,16
18891,29,42,115,125,13,10
18892,63,78,76,87,15,11
18893,89,106,51,64,17,13
18894,127,166,43,72,39,29
18895,80,103,149,167,23,18
18896,73,95,212,228,22,16
18897,125,154,208,229,29,21
18898,146,166,112,127,20,15
18899,176,201,162,181,25,19
18900,5,39,86,111,34,25
18901,39,83,51,83,44,32
18902,88,115,21,42,27,21
18903,106,130,72,90,24,18
18904,19,46,150,171,27,21
18905,22,43,266,281,21,15
18906,48,83,323,350,35,27
18907,57,68,98,106,11,8
18908,78,94,82,94,16,12
18909,54,63,230,237,9,7
18910,55,66,258,266,11,8
18911,85,113,16,37,28,21
18912,76,86,135,142,10,7
18913,51,70,179,193,19,14
18914,98,136,221,249,38,28
18915,123,146,273,291,23,18
18916,115,171,195,238,56,43
18917,133,146,252,261,13,9
18918,173,196,252,269,23,17
18919,10,34,102,120,24,18
18920,25,44,187,201,19,14
18921,73,107,269,295,34,26
18922,105,136,226,249,31,23
18923,46,57,142,151,11,9
18924,62,69,105,111,7,6
18925,86,102,118,130,16,12
18926,106,132,163,182,26,19
18927,99,117,276,290,18,14
18928,90,119,308,330,29,22
18929,122,141,262,275,19,13
18930,100,120,90,105,20,15
18931,110,130,140,156,20,16
18932,144,160,57,69,16,12
18933,181,204,240,257,23,17
18934,65,77,201,211,12,10
18935,73,86,153,163,13,10
18936,107,123,212,224,16,12
18937,23,34,267,276,11,9
18938,127,144,154,166,17,12
18939,140,150,98,105,10,7
18940,173,193,64,79,20,15
18941,77,81,70,73,4,3
18942,86,100,67,77,14,10
18943,59,71,160,168,12,8
18944,41,61,214,229,20,15
18945,100,127,129,149,27,20
18946,88,108,89,103,20,14
18947,99,112,64,74,13,10
18948,103,118,12,23,15,11
18949,83,102,176,190,19,14
18950,87,109,116,133,22,17
18951,119,137,100,113,18,13
18952,136,155,36,50,19,14
18953,84,102,177,191,18,14
18954,81,95,130,140,14,10
18955,44,62,175,188,18,13
18956,44,55,204,212,11,8
18957,85,106,197,212,21,15
18958,112,137,167,186,25,19
18959,117,154,39,67,37,28
18960,159,201,136,167,42,31
18961,63,77,250,261,14,11
18962,73,100,194,215,27,21
18963,99,123,63,81,24,18
18964,66,90,139,157,24,18
18965,90,115,62,81,25,19
18966,21,29,187,193,8,6
18967,16,31,146,157,15,11
18968,19,28,81,88,9,7
18969,8,36,286,307,28,21
18970,16,25,259,266,9,7
18971,73,89,184,197,16,13
18972,63,92,168,189,29,21
18973,78,101,129,146,23,17
18974,97,120,86,103,23,17
18975,14,35,273,288,21,15
18976,91,118,220,240,27,20
18977,78,92,80,91,14,11
18978,83,99,124,136,16,12
18979,95,108,163,172,13,9
18980,59,80,203,218,21,15
18981,122,142,208,223,20,15
18982,184,207,207,224,23,17
18983,178,209,108,131,31,23
18984,2,29,258,279,27,21
18985,57,87,251,273,30,22
18986,83,109,219,238,26,19
18987,102,127,161,180,25,19
18988,128,153,99,118,25,19
18989,31,51,174,189,20,15
18990,85,132,88,123,47,35
18991,102,127,161,180,25,19
18992,43,61,206,219,18,13
18993,32,53,241,257,21,16
18994,35,51,206,218,16,12
18995,58,83,161,180,25,19
18996,83,117,242,267,34,25
18997,122,148,182,201,26,19
18998,56,80,183,201,24,18
18999,43,72,247,269,29,22
19000,98,122,56,75,24,19
19001,49,75,108,127,26,19
19002,58,71,151,161,13,10
19003,61,88,179,199,27,20
19004,88,111,117,134,23,17
19005,123,145,150,167,22,17
19006,80,102,194,210,22,16
19007,76,100,247,265,24,18
19008,106,125,112,127,19,15
19009,117,146,147,170,29,23
19010,117,152,44,70,35,26
19011,165,193,107,128,28,21
19012,53,69,198,211,16,13
19013,56,73,127,140,17,13
19014,53,71,178,192,18,14
19015,83,98,248,260,15,12
19016,101,113,280,289,12,9
19017,101,112,87,95,11,8
19018,105,121,159,171,16,12
19019,78,94,200,212,16,12
19020,93,103,150,157,10,7
19021,103,122,115,128,19,13
19022,122,161,204,233,39,29
19023,118,143,262,281,25,19
19024,24,41,221,234,17,13
19025,13,36,91,109,23,18
19026,2,40,7,35,38,28
19027,71,96,146,164,25,18
19028,101,133,83,107,32,24
19029,155,194,163,192,39,29
19030,194,225,232,255,31,23
19031,156,188,277,301,32,24
19032,74,96,206,223,22,17
19033,90,107,166,179,17,13
19034,121,150,245,267,29,22
19035,66,88,214,231,22,17
19036,179,237,197,240,58,43
19037,76,90,238,248,14,10
19038,85,93,186,192,8,6
19039,105,125,273,288,20,15
19040,107,129,108,125,22,17
19041,34,51,60,72,17,12
19042,3,28,123,142,25,19
19043,63,92,206,227,29,21
19044,90,116,127,147,26,20
19045,117,144,179,199,27,20
19046,145,155,105,113,10,8
19047,157,191,280,305,34,25
19048,95,112,250,263,17,13
19049,117,146,31,52,29,21
19050,52,70,169,182,18,13
19051,70,90,83,99,20,16
19052,105,135,158,181,30,23
19053,68,98,201,223,30,22
19054,55,68,141,151,13,10
19055,100,115,179,189,15,10
19056,115,154,84,113,39,29
19057,66,94,178,199,28,21
19058,103,124,126,141,21,15
19059,144,171,204,224,27,20
19060,58,71,196,206,13,10
19061,76,94,226,240,18,14
19062,107,143,146,172,36,26
19063,90,104,112,122,14,10
19064,92,117,152,171,25,19
19065,50,61,249,257,11,8
19066,64,80,268,279,16,11
19067,80,98,228,241,18,13
19068,98,110,231,240,12,9
19069,110,117,161,166,7,5
19070,43,56,200,210,13,10
19071,90,122,242,266,32,24
19072,134,143,195,202,9,7
19073,41,57,206,218,16,12
19074,79,105,130,150,26,20
19075,115,137,167,184,22,17
19076,132,154,87,103,22,16
19077,156,176,123,138,20,15
19078,106,127,23,39,21,16
19079,45,61,249,261,16,12
19080,62,78,197,208,16,11
19081,81,106,159,178,25,19
19082,73,94,212,227,21,15
19083,94,99,174,177,5,3
19084,92,117,56,75,25,19
19085,89,120,132,155,31,23
19086,90,104,201,211,14,10
19087,50,60,201,208,10,7
19088,78,99,204,219,21,15
19089,103,127,156,174,24,18
19090,129,153,111,129,24,18
19091,140,167,215,235,27,20
19092,104,132,137,158,28,21
19093,130,150,189,204,20,15
19094,127,140,273,283,13,10
19095,61,81,187,201,20,14
19096,58,80,139,155,22,16
19097,43,67,198,216,24,18
19098,80,99,227,241,19,14
19099,99,121,73,89,22,16
19100,113,133,125,140,20,15
19101,95,132,211,239,37,28
19102,58,78,152,167,20,15
19103,27,38,201,210,11,9
19104,14,27,239,249,13,10
19105,16,40,123,141,24,18
19106,53,76,82,99,23,17
19107,84,105,176,192,21,16
19108,109,128,135,149,19,14
19109,129,155,86,105,26,19
19110,170,191,52,68,21,16
19111,156,173,160,172,17,12
19112,153,167,229,240,14,11
19113,60,68,206,212,8,6
19114,70,85,134,146,15,12
19115,88,94,182,186,6,4
19116,104,128,78,97,24,19
19117,129,154,121,140,25,19
19118,97,139,225,257,42,32
19119,68,105,233,261,37,28
19120,122,150,261,282,28,21
19121,133,170,183,211,37,28
19122,124,165,116,146,41,30
19123,43,71,145,165,28,20
19124,40,84,265,298,44,33
19125,117,155,229,257,38,28
19126,108,148,142,172,40,30
19127,86,114,241,262,28,21
19128,93,120,233,254,27,21
19129,101,123,96,113,22,17
19130,41,56,237,248,15,11
19131,62,88,125,145,26,20
19132,51,76,195,213,25,18
19133,29,43,246,257,14,11
19134,16,34,215,228,18,13
19135,15,52,141,169,37,28
19136,8,29,98,113,21,15
19137,27,34,247,253,7,6
19138,63,76,225,234,13,9
19139,66,77,177,185,11,8
19140,42,63,181,197,21,16
19141,76,103,128,149,27,21
19142,46,68,263,280,22,17
19143,65,83,220,234,18,14
19144,46,58,127,136,12,9
19145,71,95,242,260,24,18
19146,61,97,147,174,36,27
19147,47,70,183,200,23,17
19148,36,66,276,298,30,22
19149,100,112,278,287,12,9
19150,103,140,298,326,37,28
19151,54,82,206,227,28,21
19152,63,85,146,162,22,16
19153,78,107,64,86,29,22
19154,127,152,97,115,25,18
19155,32,61,225,247,29,22
19156,89,100,190,199,11,9
19157,41,54,244,254,13,10
19158,87,106,198,212,19,14
19159,117,136,276,291,19,15
19160,87,105,194,208,18,14
19161,63,83,170,184,20,14
19162,104,129,143,162,25,19
19163,132,157,98,117,25,19
19164,61,92,114,138,31,24
19165,73,97,179,197,24,18
19166,102,132,152,174,30,22
19167,132,158,76,95,26,19
19168,67,88,201,217,21,16
19169,17,29,218,227,12,9
19170,23,36,264,274,13,10
19171,53,76,324,341,23,17
19172,92,105,328,338,13,10
19173,97,108,256,265,11,9
19174,52,100,228,264,48,36
19175,52,78,252,272,26,20
19176,61,88,209,229,27,20
19177,58,72,155,165,14,10
19178,27,44,194,206,17,12
19179,70,84,191,202,14,11
19180,57,71,119,129,14,10
19181,80,100,153,168,20,15
19182,121,138,157,170,17,13
19183,126,166,256,286,40,30
19184,48,65,214,227,17,13
19185,74,83,173,180,9,7
19186,11,27,265,277,16,12
19187,92,107,150,161,15,11
19188,46,65,190,205,19,15
19189,72,104,117,141,32,24
19190,63,81,153,167,18,14
19191,49,74,222,241,25,19
19192,34,62,210,231,28,21
19193,65,81,180,192,16,12
19194,98,125,185,205,27,20
19195,104,117,100,109,13,9
19196,85,120,172,198,35,26
19197,53,89,248,275,36,27
19198,30,51,180,195,21,15
19199,16,42,132,151,26,19
19200,21,41,179,195,20,16
19201,49,60,99,107,11,8
19202,76,98,132,148,22,16
19203,42,57,193,204,15,11
19204,12,24,228,238,12,10
19205,76,98,142,159,22,17
19206,84,119,168,194,35,26
19207,120,139,106,120,19,14
19208,137,174,196,223,37,27
19209,119,146,272,293,27,21
19210,96,120,189,206,24,17
19211,112,152,132,162,40,30
19212,164,205,234,265,41,31
19213,65,75,120,127,10,7
19214,75,107,35,59,32,24
19215,68,90,215,231,22,16
19216,57,73,128,140,16,12
19217,71,94,69,86,23,17
19218,47,60,242,252,13,10
19219,60,74,209,220,14,11
19220,90,119,182,204,29,22
19221,53,68,124,135,15,11
19222,47,75,181,201,28,20
19223,89,132,112,144,43,32
19224,137,171,80,106,34,26
19225,36,41,279,283,5,4
19226,64,76,198,207,12,9
19227,77,102,160,178,25,18
19228,104,115,192,200,11,8
19229,50,66,179,191,16,12
19230,68,84,132,145,16,13
19231,90,110,168,183,20,15
19232,91,117,260,279,26,19
19233,137,174,185,213,37,28
19234,152,178,83,102,26,19
19235,131,146,39,51,15,12
19236,46,62,183,195,16,12
19237,30,52,272,289,22,17
19238,89,116,172,193,27,21
19239,113,151,111,139,38,28
19240,56,70,167,177,14,10
19241,23,41,228,241,18,13
19242,17,36,260,275,19,15
19243,76,99,255,272,23,17
19244,118,132,255,265,14,10
19245,140,158,128,142,18,14
19246,129,139,73,81,10,8
19247,164,182,47,60,18,13
19248,41,65,244,262,24,18
19249,63,76,216,226,13,10
19250,76,99,183,200,23,17
19251,110,122,276,286,12,10
19252,123,150,203,223,27,20
19253,100,110,133,141,10,8
19254,33,55,123,140,22,17
19255,68,99,134,156,31,22
19256,58,94,204,231,36,27
19257,11,40,235,257,29,22
19258,82,117,238,264,35,26
19259,103,120,149,161,17,12
19260,85,126,115,146,41,31
19261,16,36,189,204,20,15
19262,8,31,106,123,23,17
19263,55,76,256,271,21,15
19264,60,85,184,203,25,19
19265,87,110,95,112,23,17
19266,81,99,143,157,18,14
19267,100,115,102,114,15,12
19268,119,137,162,176,18,14
19269,115,129,267,277,14,10
19270,78,100,317,333,22,16
19271,27,45,320,334,18,14
19272,49,66,262,275,17,13
19273,99,124,212,231,25,19
19274,29,43,266,276,14,10
19275,39,52,301,310,13,9
19276,100,134,273,299,34,26
19277,34,46,250,260,12,10
19278,56,66,212,219,10,7
19279,46,68,179,196,22,17
19280,45,65,272,287,20,15
19281,98,117,137,150,19,13
19282,72,102,62,85,30,23
19283,61,96,175,202,35,27
19284,107,149,115,146,42,31
19285,148,198,73,110,50,37
19286,123,154,261,283,31,22
19287,105,150,229,263,45,34
19288,137,191,281,322,54,41
19289,46,52,179,183,6,4
19290,36,53,245,258,17,13
19291,77,98,152,168,21,16
19292,93,115,255,272,22,17
19293,95,115,321,336,20,15
19294,57,72,215,227,15,12
19295,72,83,195,203,11,8
19296,84,94,153,161,10,8
19297,49,66,200,212,17,12
19298,76,95,151,165,19,14
19299,96,115,210,225,19,15
19300,137,192,132,174,55,42
19301,49,57,196,202,8,6
19302,62,82,157,172,20,15
19303,87,116,210,232,29,22
19304,126,137,178,187,11,9
19305,75,103,296,317,28,21
19306,107,134,211,231,27,20
19307,100,126,132,152,26,20
19308,49,57,218,224,8,6
19309,56,78,255,272,22,17
19310,78,98,187,202,20,15
19311,91,120,252,274,29,22
19312,121,144,124,141,23,17
19313,56,74,276,290,18,14
19314,42,61,180,194,19,14
19315,56,83,180,200,27,20
19316,81,115,215,240,34,25
19317,93,124,69,92,31,23
19318,64,104,190,220,40,30
19319,46,60,166,177,14,11
19320,149,214,152,201,65,49
19321,73,88,192,203,15,11
19322,80,107,126,146,27,20
19323,52,67,217,229,15,12
19324,68,80,131,140,12,9
19325,78,112,164,190,34,26
19326,61,83,313,330,22,17
19327,12,17,233,237,5,4
19328,34,39,219,223,5,4
19329,44,47,199,201,3,2
19330,51,71,175,190,20,15
19331,79,95,157,169,16,12
19332,106,114,192,198,8,6
19333,114,124,148,156,10,8
19334,66,75,107,114,9,7
19335,83,92,87,94,9,7
19336,107,114,111,116,7,5
19337,119,137,229,243,18,14
19338,130,139,276,283,9,7
19339,68,91,157,174,23,17
19340,144,203,254,298,59,44
19341,43,54,217,225,11,8
19342,49,59,239,247,10,8
19343,63,76,173,182,13,9
19344,10,19,169,175,9,6
19345,7,14,111,116,7,5
19346,11,16,64,68,5,4
19347,20,31,102,110,11,8
19348,36,48,135,145,12,10
19349,49,58,234,242,9,8
19350,49,79,170,193,30,23
19351,65,93,181,202,28,21
19352,109,142,200,225,33,25
19353,149,178,110,132,29,22
19354,27,63,142,169,36,27
19355,80,100,237,252,20,15
19356,78,98,259,274,20,15
19357,95,115,162,177,20,15
19358,96,122,82,101,26,19
19359,149,184,218,244,35,26
19360,165,209,115,148,44,33
19361,170,192,289,305,22,16
19362,69,87,64,77,18,13
19363,51,68,113,126,17,13
19364,46,69,151,168,23,17
19365,73,100,233,253,27,20
19366,161,195,27,53,34,26
19367,107,135,85,106,28,21
19368,102,146,124,157,44,33
19369,193,230,233,261,37,28
19370,148,188,308,337,40,29
19371,62,76,68,78,14,10
19372,61,80,92,106,19,14
19373,54,66,112,121,12,9
19374,24,37,58,68,13,10
19375,36,56,13,28,20,15
19376,107,136,119,140,29,21
19377,100,131,223,246,31,23
19378,120,145,297,316,25,19
19379,88,123,307,333,35,26
19380,41,54,325,334,13,9
19381,14,30,329,341,16,12
19382,29,43,252,262,14,10
19383,61,88,114,134,27,20
19384,24,45,132,148,21,16
19385,33,48,178,190,15,12
19386,32,41,209,215,9,6
19387,28,39,235,244,11,9
19388,25,42,257,270,17,13
19389,75,97,167,184,22,17
19390,80,99,244,258,19,14
19391,44,68,289,307,24,18
19392,27,51,317,335,24,18
19393,169,203,4,29,34,25
19394,56,69,106,116,13,10
19395,40,51,134,143,11,9
19396,31,54,150,168,23,18
19397,41,50,52,58,9,6
19398,85,105,35,50,20,15
19399,105,124,4,19,19,15
19400,120,150,293,315,30,22
19401,67,94,315,335,27,20
19402,36,60,335,353,24,18
19403,38,54,293,305,16,12
19404,58,87,251,272,29,21
19405,50,60,237,245,10,8
19406,57,68,216,223,11,7
19407,34,49,210,222,15,12
19408,67,79,87,96,12,9
19409,49,58,128,136,9,8
19410,41,61,51,66,20,15
19411,44,56,81,90,12,9
19412,66,80,69,80,14,11
19413,66,87,80,96,21,16
19414,42,54,91,101,12,10
19415,46,61,105,116,15,11
19416,41,56,159,170,15,11
19417,71,87,4,16,16,12
19418,51,65,30,40,14,10
19419,144,188,302,335,44,33
19420,105,147,236,268,42,32
19421,75,95,235,250,20,15
19422,58,86,190,211,28,21
19423,66,87,53,69,21,16
19424,63,86,78,95,23,17
19425,61,72,99,107,11,8
19426,90,109,20,34,19,14
19427,66,88,117,133,22,16
19428,49,62,151,161,13,10
19429,30,43,137,146,13,9
19430,38,54,59,71,16,12
19431,33,49,274,287,16,13
19432,46,72,305,324,26,19
19433,38,54,226,238,16,12
19434,32,51,192,206,19,14
19435,21,32,231,239,11,8
19436,13,29,247,259,16,12
19437,22,39,263,277,17,14
19438,35,49,134,145,14,11
19439,22,44,156,172,22,16
19440,25,42,61,73,17,12
19441,25,39,81,92,14,11
19442,45,64,97,112,19,15
19443,72,88,88,100,16,12
19444,61,75,69,79,14,10
19445,41,53,89,98,12,9
19446,39,55,106,118,16,12
19447,32,46,127,139,14,12
19448,34,53,182,196,19,14
19449,28,43,266,277,15,11
19450,28,60,277,301,32,24
19451,28,57,308,330,29,22
19452,25,52,208,228,27,20
19453,46,59,114,124,13,10
19454,35,50,131,142,15,11
19455,56,72,186,199,16,13
19456,40,58,208,221,18,13
19457,114,146,295,319,32,24
19458,55,76,205,220,21,15
19459,105,127,148,165,22,17
19460,64,86,62,79,22,17
19461,58,71,150,160,13,10
19462,65,87,173,189,22,16
19463,34,48,205,216,14,11
19464,56,75,67,81,19,14
19465,42,70,84,105,28,21
19466,51,70,108,121,19,13
19467,46,61,132,144,15,12
19468,26,41,138,149,15,11
19469,22,31,156,162,9,6
19470,43,62,300,314,19,14
19471,61,85,310,328,24,18
19472,64,92,326,347,28,21
19473,98,123,312,331,25,19
19474,44,57,87,98,13,11
19475,46,57,146,154,11,8
19476,47,60,123,133,13,10
19477,48,62,182,193,14,11
19478,46,56,212,219,10,7
19479,67,79,206,215,12,9
19480,114,129,108,119,15,11
19481,105,122,120,133,17,13
19482,125,141,187,199,16,12
19483,115,142,222,243,27,21
19484,78,126,23,59,48,36
19485,93,131,256,285,38,29
19486,63,80,66,79,17,13
19487,112,135,133,150,23,17
19488,100,151,158,196,51,38
19489,112,134,96,112,22,16
19490,104,133,1,23,29,22
19491,167,213,301,335,46,34
19492,200,215,244,255,15,11
19493,140,190,193,230,50,37
19494,71,92,33,48,21,15
19495,48,80,6,30,32,24
19496,40,62,30,47,22,17
19497,41,58,56,68,17,12
19498,78,186,68,149,108,81
19499,104,136,17,41,32,24
19500,83,131,151,187,48,36
19501,80,107,189,209,27,20
19502,51,68,86,98,17,12
19503,49,67,113,127,18,14
19504,68,98,23,44,30,21
19505,74,95,44,60,21,16
19506,49,68,107,122,19,15
19507,58,77,79,93,19,14
19508,69,83,58,68,14,10
19509,73,99,184,203,26,19
19510,36,56,229,244,20,15
19511,33,62,200,222,29,22
19512,96,135,229,258,39,29
19513,59,86,70,90,27,20
19514,45,61,86,98,16,12
19515,47,68,95,111,21,16
19516,27,49,125,141,22,16
19517,47,59,167,176,12,9
19518,34,42,162,168,8,6
19519,19,28,159,165,9,6
19520,37,61,155,172,24,17
19521,41,61,133,147,20,14
19522,44,61,85,98,17,13
19523,32,51,101,116,19,15
19524,83,113,227,250,30,23
19525,133,169,186,213,36,27
19526,168,188,187,202,20,15
19527,60,84,64,82,24,18
19528,82,105,254,271,23,17
19529,115,142,297,317,27,20
19530,49,75,313,332,26,19
19531,6,22,260,272,16,12
19532,29,42,196,205,13,9
19533,35,50,178,189,15,11
19534,122,152,296,318,30,22
19535,83,104,243,259,21,16
19536,76,100,264,282,24,18
19537,68,88,129,144,20,15
19538,58,74,93,105,16,12
19539,37,51,165,175,14,10
19540,34,49,137,148,15,11
19541,36,84,27,63,48,36
19542,39,57,133,146,18,13
19543,44,58,146,158,14,12
19544,31,47,71,84,16,13
19545,27,53,32,51,26,19
19546,23,36,101,111,13,10
19547,44,63,190,205,19,15
19548,49,66,233,246,17,13
19549,80,95,205,216,15,11
19550,106,130,257,275,24,18
19551,98,117,264,279,19,15
19552,42,64,264,281,22,17
19553,54,66,87,96,12,9
19554,57,71,64,74,14,10
19555,41,58,130,143,17,13
19556,43,54,127,136,11,9
19557,133,165,111,135,32,24
19558,101,118,115,128,17,13
19559,110,144,245,271,34,26
19560,83,98,203,214,15,11
19561,69,92,164,181,23,17
19562,61,72,86,94,11,8
19563,62,90,119,140,28,21
19564,39,62,132,150,23,18
19565,35,53,201,215,18,14
19566,34,51,160,174,17,14
19567,36,49,45,55,13,10
19568,44,72,9,30,28,21
19569,53,89,214,242,36,28
19570,38,58,267,282,20,15
19571,49,71,287,304,22,17
19572,34,51,178,190,17,12
19573,54,72,223,237,18,14
19574,108,127,290,304,19,14
19575,120,167,257,292,47,35
19576,154,193,311,341,39,30
19577,193,239,247,282,46,35
19578,78,102,312,330,24,18
19579,28,61,302,326,33,24
19580,52,80,193,215,28,22
19581,44,69,101,120,25,19
19582,49,91,20,51,42,31
19583,164,204,134,163,40,29
19584,159,203,169,202,44,33
19585,120,154,93,118,34,25
19586,63,85,75,92,22,17
19587,44,75,140,163,31,23
19588,59,80,215,230,21,15
19589,84,106,167,184,22,17
19590,130,149,117,131,19,14
19591,166,214,160,196,48,36
19592,154,184,201,224,30,23
19593,93,111,228,241,18,13
19594,44,68,77,95,24,18
19595,41,55,127,137,14,10
19596,61,90,150,171,29,21
19597,71,101,174,197,30,23
19598,84,112,190,211,28,21
19599,63,93,68,90,30,22
19600,112,134,290,306,22,16
19601,160,211,247,286,51,39
19602,122,143,299,315,21,16
19603,139,161,114,131,22,17
19604,91,124,157,182,33,25
19605,109,144,264,291,35,27
19606,60,87,67,88,27,21
19607,123,168,87,121,45,34
19608,185,227,27,58,42,31
19609,182,223,126,157,41,31
19610,90,110,329,344,20,15
19611,118,137,250,264,19,14
19612,84,111,185,205,27,20
19613,105,127,8,24,22,16
19614,51,82,67,90,31,23
19615,80,95,100,112,15,12
19616,100,120,52,68,20,16
19617,104,130,73,93,26,20
19618,203,233,55,78,30,23
19619,129,149,91,105,20,14
19620,101,120,71,84,19,13
19621,93,129,81,108,36,27
19622,85,114,185,206,29,21
19623,103,121,212,225,18,13
19624,71,95,207,225,24,18
19625,108,127,290,305,19,15
19626,192,215,16,34,23,18
19627,41,61,122,137,20,15
19628,45,71,131,150,26,19
19629,42,53,164,172,11,8
19630,66,93,198,218,27,20
19631,65,76,84,92,11,8
19632,22,41,150,164,19,14
19633,27,37,176,184,10,8
19634,21,42,213,229,21,16
19635,25,39,237,248,14,11
19636,24,40,259,271,16,12
19637,139,191,256,295,52,39
19638,68,95,34,54,27,20
19639,52,98,60,94,46,34
19640,117,134,30,43,17,13
19641,99,129,2,25,30,23
19642,79,122,158,190,43,32
19643,65,82,195,208,17,13
19644,146,171,78,97,25,19
19645,150,172,108,125,22,17
19646,190,205,51,63,15,12
19647,178,214,68,94,36,26
19648,163,185,22,38,22,16
19649,142,168,49,69,26,20
19650,49,82,202,227,33,25
19651,61,85,135,153,24,18
19652,58,76,102,115,18,13
19653,104,137,119,144,33,25
19654,90,139,150,187,49,37
19655,115,162,67,102,47,35
19656,84,102,79,93,18,14
19657,63,81,197,211,18,14
19658,85,112,94,114,27,20
19659,62,90,57,78,28,21
19660,44,83,102,130,39,28
19661,99,122,96,114,23,18
19662,100,122,151,168,22,17
19663,193,220,39,59,27,20
19664,190,234,56,89,44,33
19665,95,137,29,60,42,31
19666,90,117,61,81,27,20
19667,61,80,105,120,19,15
19668,84,120,233,260,36,27
19669,99,148,129,165,49,36
19670,121,179,180,224,58,44
19671,195,213,116,129,18,13
19672,122,159,173,201,37,28
19673,104,149,217,251,45,34
19674,176,213,196,224,37,28
19675,62,94,223,247,32,24
19676,76,107,240,264,31,24
19677,37,85,123,159,48,36
19678,99,126,43,63,27,20
19679,105,144,1,30,39,29
19680,65,88,150,167,23,17
19681,88,100,177,186,12,9
19682,107,139,120,143,32,23
19683,146,170,46,64,24,18
19684,166,213,146,182,47,36
19685,174,225,223,260,51,37
19686,172,203,282,305,31,23
19687,196,234,45,73,38,28
19688,98,127,29,51,29,22
19689,52,82,205,227,30,22
19690,94,139,201,234,45,33
19691,73,107,235,261,34,26
19692,86,118,208,232,32,24
19693,99,142,165,196,43,31
19694,132,186,200,240,54,40
19695,195,231,77,105,36,28
19696,156,202,151,186,46,35
19697,24,41,249,262,17,13
19698,3,26,261,278,23,17
19699,30,60,277,300,30,23
19700,60,77,256,268,17,12
19701,61,112,87,126,51,39
19702,65,96,145,168,31,23
19703,49,68,181,195,19,14
19704,94,159,207,256,65,49
19705,145,190,225,258,45,33
19706,156,181,55,73,25,18
19707,76,99,160,177,23,17
19708,52,80,193,214,28,21
19709,17,34,215,227,17,12
19710,29,49,105,120,20,15
19711,42,67,34,53,25,19
19712,82,102,25,41,20,16
19713,52,73,16,32,21,16
19714,26,40,12,23,14,11
19715,207,223,304,316,16,12
19716,91,114,283,300,23,17
19717,107,122,253,264,15,11
19718,94,117,216,233,23,17
19719,168,191,137,154,23,17
19720,112,129,41,53,17,12
19721,78,101,111,128,23,17
19722,44,56,115,124,12,9
19723,38,51,94,104,13,10
19724,39,59,69,84,20,15
19725,92,120,3,23,28,20
19726,99,119,124,139,20,15
19727,188,209,141,156,21,15
19728,190,213,178,195,23,17
19729,189,218,308,330,29,22
19730,159,183,193,212,24,19
19731,47,66,253,267,19,14
19732,39,54,158,169,15,11
19733,63,88,181,199,25,18
19734,110,129,328,341,19,13
19735,80,100,334,349,20,15
19736,83,104,256,271,21,15
19737,73,92,228,242,19,14
19738,73,94,45,60,21,15
19739,39,60,33,48,21,15
19740,144,171,57,77,27,20
19741,44,80,192,219,36,27
19742,74,100,141,161,26,20
19743,38,68,31,54,30,23
19744,83,113,6,29,30,23
19745,49,80,310,333,31,23
19746,160,186,139,159,26,20
19747,26,56,113,136,30,23
19748,19,41,206,222,22,16
19749,110,126,255,267,16,12
19750,114,135,163,179,21,16
19751,177,198,75,90,21,15
19752,198,225,172,192,27,20
19753,66,88,254,270,22,16
19754,72,99,300,320,27,20
19755,54,72,198,212,18,14
19756,42,61,137,150,19,13
19757,88,110,160,177,22,17
19758,190,214,139,157,24,18
19759,154,172,301,315,18,14
19760,159,183,211,229,24,18
19761,189,210,307,323,21,16
19762,132,164,197,221,32,24
19763,151,176,272,291,25,19
19764,122,148,108,127,26,19
19765,76,100,162,181,24,19
19766,48,74,210,230,26,20
19767,32,43,149,158,11,9
19768,27,40,102,112,13,10
19769,15,34,61,76,19,15
19770,44,60,66,79,16,13
19771,101,122,46,62,21,16
19772,187,213,211,231,26,20
19773,85,109,238,255,24,17
19774,174,208,46,72,34,26
19775,181,211,132,154,30,22
19776,139,161,119,136,22,17
19777,195,226,59,82,31,23
19778,112,129,86,99,17,13
19779,144,175,285,308,31,23
19780,135,164,254,275,29,21
19781,124,147,144,161,23,17
19782,129,147,193,206,18,13
19783,51,77,120,139,26,19
19784,107,131,62,80,24,18
19785,158,186,81,102,28,21
19786,59,86,197,217,27,20
19787,90,115,255,274,25,19
19788,166,188,290,306,22,16
19789,137,159,23,40,22,17
19790,56,68,137,146,12,9
19791,41,66,184,203,25,19
19792,100,127,75,95,27,20
19793,120,143,193,210,23,17
19794,166,190,293,312,24,19
19795,178,204,161,180,26,19
19796,139,170,99,122,31,23
19797,117,154,21,48,37,27
19798,62,77,39,50,15,11
19799,83,102,87,101,19,14
19800,117,137,40,55,20,15
19801,138,157,0,14,19,14
19802,59,98,199,228,39,29
19803,47,68,259,274,21,15
19804,39,64,305,324,25,19
19805,46,63,323,336,17,13
19806,76,88,50,59,12,9
19807,74,92,222,235,18,13
19808,89,104,259,271,15,12
19809,79,98,306,319,19,13
19810,58,80,171,188,22,17
19811,87,107,47,62,20,15
19812,129,163,125,150,34,25
19813,122,137,155,166,15,11
19814,117,142,170,188,25,18
19815,118,144,198,217,26,19
19816,90,109,214,228,19,14
19817,88,110,237,254,22,17
19818,76,95,263,278,19,15
19819,55,83,298,319,28,21
19820,115,137,287,304,22,17
19821,100,117,128,142,17,14
19822,84,107,91,109,23,18
19823,83,109,31,51,26,20
19824,55,78,60,77,23,17
19825,63,90,112,132,27,20
19826,66,84,159,172,18,13
19827,78,106,196,216,28,20
19828,80,107,233,253,27,20
19829,73,86,265,275,13,10
19830,60,79,293,307,19,14
19831,125,151,296,315,26,19
19832,160,181,126,142,21,16
19833,149,177,164,185,28,21
19834,151,178,196,216,27,20
19835,122,141,209,223,19,14
19836,94,129,253,280,35,27
19837,62,92,181,203,30,22
19838,45,74,221,243,29,22
19839,24,48,294,312,24,18
19840,73,100,293,313,27,20
19841,41,66,262,281,25,19
19842,47,66,110,124,19,14
19843,56,78,151,168,22,17
19844,93,103,137,144,10,7
19845,91,121,151,173,30,22
19846,83,104,76,92,21,16
19847,68,93,112,131,25,19
19848,52,68,138,149,16,11
19849,41,61,154,169,20,15
19850,39,69,196,219,30,23
19851,143,189,266,301,46,35
19852,133,165,313,337,32,24
19853,124,151,263,284,27,21
19854,97,109,267,276,12,9
19855,87,110,286,303,23,17
19856,78,103,304,323,25,19
19857,35,68,300,325,33,25
19858,58,90,216,240,32,24
19859,88,105,197,210,17,13
19860,68,90,168,185,22,17
19861,56,78,111,128,22,17
19862,40,78,48,76,38,28
19863,127,142,84,95,15,11
19864,153,180,62,82,27,20
19865,145,173,325,346,28,21
19866,120,146,304,325,26,21
19867,104,116,245,255,12,10
19868,80,98,241,254,18,13
19869,66,86,261,277,20,16
19870,44,71,298,317,27,19
19871,36,56,192,207,20,15
19872,45,66,153,169,21,16
19873,85,107,184,201,22,17
19874,141,156,36,48,15,12
19875,127,153,60,79,26,19
19876,113,142,29,51,29,22
19877,93,113,58,73,20,15
19878,89,117,86,106,28,20
19879,83,106,128,146,23,18
19880,80,108,169,189,28,20
19881,54,78,218,236,24,18
19882,73,92,251,265,19,14
19883,32,60,240,261,28,21
19884,32,44,202,212,12,10
19885,34,46,177,186,12,9
19886,42,68,149,169,26,20
19887,88,115,29,49,27,20
19888,66,87,86,102,21,16
19889,67,94,97,117,27,20
19890,88,106,195,209,18,14
19891,102,122,221,236,20,15
19892,102,128,270,290,26,20
19893,108,147,308,337,39,29
19894,151,177,255,275,26,20
19895,166,194,193,214,28,21
19896,173,214,132,163,41,31
19897,183,227,32,65,44,33
19898,152,182,102,124,30,22
19899,147,171,18,35,24,17
19900,107,144,97,124,37,27
19901,99,134,152,178,35,26
19902,99,113,188,199,14,11
19903,93,107,210,221,14,11
19904,78,85,226,231,7,5
19905,60,74,176,187,14,11
19906,52,64,147,156,12,9
19907,49,64,109,120,15,11
19908,68,83,90,102,15,12
19909,85,103,76,89,18,13
19910,92,105,16,27,13,11
19911,64,90,41,60,26,19
19912,50,80,19,41,30,22
19913,200,215,164,175,15,11
19914,181,202,227,242,21,15
19915,177,225,252,288,48,36
19916,155,172,159,172,17,13
19917,95,108,41,51,13,10
19918,102,120,51,64,18,13
19919,93,111,21,35,18,14
19920,63,89,21,41,26,20
19921,47,58,54,62,11,8
19922,43,66,64,81,23,17
19923,127,167,282,312,40,30
19924,80,100,62,77,20,15
19925,88,121,41,66,33,25
19926,109,137,13,34,28,21
19927,151,170,22,36,19,14
19928,55,77,23,40,22,17
19929,54,71,81,93,17,12
19930,39,56,116,129,17,13
19931,80,94,141,151,14,10
19932,115,133,119,133,18,14
19933,80,100,134,149,20,15
19934,48,73,166,185,25,19
19935,40,61,207,222,21,15
19936,24,44,255,271,20,16
19937,26,49,275,293,23,18
19938,22,44,313,329,22,16
19939,42,77,324,350,35,26
19940,61,81,289,304,20,15
19941,70,85,234,245,15,11
19942,82,93,260,268,11,8
19943,88,99,192,200,11,8
19944,87,105,201,215,18,14
19945,167,180,177,187,13,10
19946,188,220,205,229,32,24
19947,201,220,277,291,19,14
19948,180,205,248,267,25,19
19949,193,227,127,153,34,26
19950,141,173,26,50,32,24
19951,120,148,50,71,28,21
19952,94,118,79,97,24,18
19953,85,110,52,71,25,19
19954,85,99,24,34,14,10
19955,65,84,39,54,19,15
19956,78,105,116,136,27,20
19957,112,147,198,224,35,26
19958,158,178,150,165,20,15
19959,146,168,211,227,22,16
19960,133,145,155,164,12,9
19961,115,129,128,139,14,11
19962,134,161,80,101,27,21
19963,164,198,118,144,34,26
19964,161,177,16,28,16,12
19965,58,83,312,331,25,19
19966,57,88,270,294,31,24
19967,43,69,227,247,26,20
19968,59,72,183,192,13,9
19969,44,80,148,175,36,27
19970,38,66,129,151,28,22
19971,37,60,82,99,23,17
19972,86,109,84,101,23,17
19973,67,83,137,149,16,12
19974,46,58,134,143,12,9
19975,25,46,271,287,21,16
19976,49,77,315,336,28,21
19977,39,56,241,254,17,13
19978,85,100,116,127,15,11
19979,66,85,73,87,19,14
19980,56,78,47,63,22,16
19981,56,78,1,17,22,16
19982,36,59,23,40,23,17
19983,33,48,73,84,15,11
19984,30,51,117,133,21,16
19985,14,32,206,220,18,14
19986,30,60,183,206,30,23
19987,64,80,165,177,16,12
19988,86,103,200,213,17,13
19989,81,98,235,247,17,12
19990,85,105,247,262,20,15
19991,61,84,278,296,23,18
19992,41,69,300,321,28,21
19993,31,58,238,258,27,20
19994,34,51,151,163,17,12
19995,58,76,102,114,18,12
19996,98,119,94,109,21,15
19997,117,139,25,42,22,17
19998,154,190,112,138,36,26
19999,192,212,198,214,20,16
20000,124,146,79,95,22,16
20001,106,131,41,60,25,19
20002,61,85,38,56,24,18
20003,93,110,32,45,17,13
20004,76,91,129,140,15,11
20005,51,71,135,150,20,15
20006,40,66,68,87,26,19
20007,47,64,35,48,17,13
20008,51,70,152,165,19,13
20009,38,55,97,110,17,13
20010,44,67,50,67,23,17
20011,23,46,65,83,23,18
20012,24,46,133,150,22,17
20013,25,42,178,191,17,13
20014,32,51,228,243,19,15
20015,19,44,266,285,25,19
20016,44,58,249,261,14,12
20017,37,63,305,324,26,19
20018,90,115,26,44,25,18
20019,80,105,42,61,25,19
20020,61,75,21,31,14,10
20021,40,60,39,54,20,15
20022,40,61,73,89,21,16
20023,36,71,122,148,35,26
20024,68,87,228,242,19,14
20025,38,63,42,62,25,20
20026,46,71,70,88,25,18
20027,49,63,112,123,14,11
20028,41,64,135,152,23,17
20029,32,57,160,179,25,19
20030,54,72,210,224,18,14
20031,71,93,229,245,22,16
20032,61,80,59,73,19,14
20033,63,85,24,40,22,16
20034,93,117,61,80,24,19
20035,112,131,104,118,19,14
20036,82,107,112,131,25,19
20037,41,63,84,100,22,16
20038,44,66,110,126,22,16
20039,42,58,171,183,16,12
20040,36,62,210,229,26,19
20041,46,73,234,254,27,20
20042,38,56,72,86,18,14
20043,68,82,31,42,14,11
20044,87,124,215,243,37,28
20045,41,54,154,164,13,10
20046,41,62,190,205,21,15
20047,36,53,224,236,17,12
20048,41,62,247,263,21,16
20049,112,129,113,126,17,13
20050,112,125,131,142,13,11
20051,105,121,153,164,16,11
20052,91,103,214,223,12,9
20053,118,130,221,230,12,9
20054,98,112,241,252,14,11
20055,35,54,280,294,19,14
20056,56,81,173,192,25,19
20057,51,61,219,227,10,8
20058,32,56,235,252,24,17
20059,38,56,269,283,18,14
20060,36,61,305,323,25,18
20061,25,51,143,163,26,20
20062,27,51,103,121,24,18
20063,63,77,239,249,14,10
20064,40,59,212,227,19,15
20065,34,52,183,196,18,13
20066,39,55,153,165,16,12
20067,163,176,42,51,13,9
20068,185,207,17,33,22,16
20069,183,198,93,104,15,11
20070,112,161,10,47,49,37
20071,112,159,32,67,47,35
20072,43,68,49,68,25,19
20073,44,76,81,105,32,24
20074,46,70,223,241,24,18
20075,58,74,184,197,16,13
20076,79,95,144,156,16,12
20077,98,129,63,87,31,24
20078,79,100,91,107,21,16
20079,105,144,113,142,39,29
20080,103,120,39,51,17,12
20081,149,200,44,83,51,39
20082,163,200,105,133,37,28
20083,172,197,153,172,25,19
20084,172,194,182,199,22,17
20085,132,163,178,201,31,23
20086,192,222,242,265,30,23
20087,98,124,235,255,26,20
20088,85,102,206,219,17,13
20089,56,81,200,218,25,18
20090,36,60,169,187,24,18
20091,29,58,94,116,29,22
20092,14,46,50,74,32,24
20093,45,61,103,115,16,12
20094,49,64,70,82,15,12
20095,80,108,100,121,28,21
20096,85,117,142,165,32,23
20097,107,124,198,211,17,13
20098,109,131,226,243,22,17
20099,147,189,134,165,42,31
20100,63,88,72,91,25,19
20101,104,142,108,136,38,28
20102,118,143,293,312,25,19
20103,58,71,323,332,13,9
20104,42,70,330,351,28,21
20105,41,65,301,319,24,18
20106,44,62,279,292,18,13
20107,36,51,251,262,15,11
20108,66,100,112,137,34,25
20109,44,74,173,195,30,22
20110,27,53,206,226,26,20
20111,32,63,101,125,31,24
20112,45,60,51,63,15,12
20113,50,80,80,102,30,22
20114,60,76,112,124,16,12
20115,34,54,143,157,20,14
20116,36,59,164,181,23,17
20117,38,51,202,212,13,10
20118,113,132,187,202,19,15
20119,36,55,216,230,19,14
20120,30,48,165,178,18,13
20121,34,50,111,122,16,11
20122,36,56,54,68,20,14
20123,63,85,194,210,22,16
20124,111,154,226,257,43,31
20125,130,155,144,163,25,19
20126,146,178,104,128,32,24
20127,170,212,223,254,42,31
20128,168,211,45,77,43,32
20129,139,171,310,334,32,24
20130,44,64,70,85,20,15
20131,58,74,138,150,16,12
20132,46,74,169,189,28,20
20133,49,71,234,250,22,16
20134,76,97,261,277,21,16
20135,100,125,226,244,25,18
20136,49,83,128,153,34,25
20137,40,73,197,222,33,25
20138,27,58,222,246,31,24
20139,32,59,252,273,27,21
20140,32,66,284,309,34,25
20141,78,99,225,241,21,16
20142,36,61,68,87,25,19
20143,36,60,27,45,24,18
20144,139,157,10,23,18,13
20145,183,219,157,184,36,27
20146,174,215,84,115,41,31
20147,90,105,81,92,15,11
20148,83,104,106,122,21,16
20149,76,107,127,151,31,24
20150,81,99,157,171,18,14
20151,81,103,174,190,22,16
20152,85,100,198,209,15,11
20153,76,93,226,239,17,13
20154,75,95,243,258,20,15
20155,133,151,99,113,18,14
20156,122,150,146,168,28,22
20157,142,162,188,203,20,15
20158,124,156,228,252,32,24
20159,66,92,247,266,26,19
20160,47,63,186,199,16,13
20161,51,76,45,64,25,19
20162,54,73,8,22,19,14
20163,81,97,99,110,16,11
20164,66,85,131,146,19,15
20165,46,64,178,191,18,13
20166,35,49,206,217,14,11
20167,26,45,228,242,19,14
20168,91,110,212,226,19,14
20169,47,61,196,206,14,10
20170,78,93,171,182,15,11
20171,49,71,141,157,22,16
20172,47,65,116,130,18,14
20173,35,51,86,98,16,12
20174,75,102,60,80,27,20
20175,50,65,24,36,15,12
20176,40,59,58,72,19,14
20177,47,61,96,106,14,10
20178,157,215,170,213,58,43
20179,93,120,71,91,27,20
20180,124,168,30,63,44,33
20181,134,168,47,74,34,27
20182,90,124,36,62,34,26
20183,85,117,185,210,32,25
20184,93,122,251,273,29,22
20185,130,154,140,158,24,18
20186,114,161,190,225,47,35
20187,100,124,93,110,24,17
20188,64,83,146,160,19,14
20189,49,66,183,195,17,12
20190,72,88,199,210,16,11
20191,36,65,57,79,29,22
20192,85,97,46,55,12,9
20193,98,114,73,85,16,12
20194,110,137,92,113,27,21
20195,105,125,17,33,20,16
20196,103,123,159,174,20,15
20197,61,87,184,203,26,19
20198,44,74,27,50,30,23
20199,41,63,59,76,22,17
20200,24,57,89,114,33,25
20201,29,59,124,146,30,22
20202,32,61,155,176,29,21
20203,32,54,183,199,22,16
20204,85,120,158,183,35,25
20205,139,174,157,184,35,27
20206,161,200,217,246,39,29
20207,170,197,258,278,27,20
20208,163,185,299,315,22,16
20209,93,114,122,138,21,16
20210,75,100,86,106,25,20
20211,68,88,29,45,20,16
20212,43,56,68,78,13,10
20213,39,58,96,111,19,15
20214,41,64,122,140,23,18
20215,44,66,150,166,22,16
20216,55,72,185,198,17,13
20217,83,94,230,239,11,9
20218,80,94,246,257,14,11
20219,44,67,21,38,23,17
20220,78,99,56,72,21,16
20221,88,131,117,149,43,32
20222,188,209,51,67,21,16
20223,144,175,248,271,31,23
20224,129,157,293,314,28,21
20225,194,227,289,313,33,24
20226,36,56,324,339,20,15
20227,61,83,165,182,22,17
20228,64,95,86,110,31,24
20229,54,66,109,118,12,9
20230,41,66,58,76,25,18
20231,69,93,117,136,24,19
20232,48,67,146,161,19,15
20233,35,50,175,186,15,11
20234,25,48,200,217,23,17
20235,27,46,92,107,19,15
20236,35,61,50,69,26,19
20237,29,61,15,38,32,23
20238,88,105,202,216,17,14
20239,114,132,245,258,18,13
20240,144,164,282,297,20,15
20241,117,142,306,324,25,18
20242,80,97,334,347,17,13
20243,126,149,155,172,23,17
20244,164,190,98,117,26,19
20245,139,161,125,142,22,17
20246,168,191,24,41,23,17
20247,174,193,54,68,19,14
20248,181,204,69,86,23,17
20249,200,228,123,143,28,20
20250,189,213,177,195,24,18
20251,166,191,197,216,25,19
20252,139,183,207,240,44,33
20253,110,129,221,235,19,14
20254,53,71,227,241,18,14
20255,105,137,176,200,32,24
20256,151,174,87,104,23,17
20257,60,73,150,160,13,10
20258,58,70,133,141,12,8
20259,60,87,97,117,27,20
20260,36,56,40,55,20,15
20261,37,59,115,131,22,16
20262,41,68,141,162,27,21
20263,38,56,181,194,18,13
20264,32,60,203,224,28,21
20265,99,129,34,57,30,23
20266,83,99,22,35,16,13
20267,50,73,75,92,23,17
20268,43,79,114,142,36,28
20269,27,68,217,248,41,31
20270,98,117,19,33,19,14
20271,32,46,100,112,14,12
20272,53,64,75,84,11,9
20273,34,54,38,52,20,14
20274,100,129,17,39,29,22
20275,120,140,102,117,20,15
20276,62,73,23,31,11,8
20277,51,65,45,55,14,10
20278,39,52,82,92,13,10
20279,83,101,87,101,18,14
20280,69,84,270,281,15,11
20281,119,128,69,76,9,7
20282,101,115,79,89,14,10
20283,96,107,97,105,11,8
20284,60,81,17,33,21,16
20285,31,41,49,57,10,8
20286,29,39,109,117,10,8
20287,31,48,139,152,17,13
20288,37,51,48,58,14,10
20289,25,36,81,89,11,8
20290,24,39,113,124,15,11
20291,29,49,153,168,20,15
20292,91,116,187,205,25,18
20293,42,66,272,290,24,18
20294,39,56,245,258,17,13
20295,56,76,226,241,20,15
20296,33,46,223,233,13,10
20297,22,33,247,256,11,9
20298,79,91,162,172,12,10
20299,72,100,205,226,28,21
20300,41,66,258,276,25,18
20301,79,99,253,267,20,14
20302,81,102,281,297,21,16
20303,25,47,159,176,22,17
20304,26,46,86,102,20,16
20305,19,44,50,69,25,19
20306,29,49,8,23,20,15
20307,59,81,73,89,22,16
20308,67,86,99,114,19,15
20309,32,50,192,205,18,13
20310,137,149,50,59,12,9
20311,100,124,70,88,24,18
20312,107,121,52,62,14,10
20313,110,123,29,39,13,10
20314,136,167,25,49,31,24
20315,43,77,160,185,34,25
20316,53,74,246,262,21,16
20317,85,100,66,78,15,12
20318,76,88,91,100,12,9
20319,59,76,107,120,17,13
20320,92,133,50,81,41,31
20321,20,50,158,180,30,22
20322,36,57,191,207,21,16
20323,36,54,214,227,18,13
20324,41,61,243,258,20,15
20325,44,66,113,129,22,16
20326,56,79,74,91,23,17
20327,49,60,185,193,11,8
20328,96,120,72,89,24,17
20329,112,134,91,107,22,16
20330,145,173,73,95,28,22
20331,177,193,123,135,16,12
20332,171,188,200,213,17,13
20333,154,185,237,260,31,23
20334,107,134,242,262,27,20
20335,79,103,256,274,24,18
20336,80,109,211,233,29,22
20337,62,80,187,200,18,13
20338,45,63,242,255,18,13
20339,33,56,285,302,23,17
20340,41,65,302,319,24,17
20341,85,99,292,302,14,10
20342,115,128,295,304,13,9
20343,87,116,42,64,29,22
20344,75,95,64,80,20,16
20345,42,56,90,100,14,10
20346,40,59,5,19,19,14
20347,24,37,54,64,13,10
20348,17,40,95,112,23,17
20349,36,51,134,145,15,11
20350,79,102,129,147,23,18
20351,122,146,122,141,24,19
20352,181,202,84,100,21,16
20353,111,140,317,339,29,22
20354,34,59,173,192,25,19
20355,24,44,196,212,20,16
20356,64,85,122,138,21,16
20357,84,117,92,117,33,25
20358,112,135,14,32,23,18
20359,186,212,96,116,26,20
20360,190,215,190,208,25,18
20361,209,234,202,221,25,19
20362,106,145,268,297,39,29
20363,54,89,236,262,35,26
20364,89,108,82,97,19,15
20365,70,100,36,58,30,22
20366,71,90,121,136,19,15
20367,54,72,156,170,18,14
20368,41,64,181,198,23,17
20369,34,63,237,259,29,22
20370,34,56,177,193,22,16
20371,36,68,208,231,32,23
20372,47,68,246,262,21,16
20373,40,54,264,275,14,11
20374,83,105,26,42,22,16
20375,80,107,64,84,27,20
20376,112,144,118,142,32,24
20377,123,149,209,229,26,20
20378,130,150,134,149,20,15
20379,143,169,185,205,26,20
20380,153,173,230,246,20,16
20381,155,169,266,277,14,11
20382,190,225,277,304,35,27
20383,131,149,332,345,18,13
20384,95,111,324,335,16,11
20385,82,101,303,318,19,15
20386,51,67,120,132,16,12
20387,64,87,159,176,23,17
20388,71,95,183,201,24,18
20389,118,144,89,108,26,19
20390,39,63,78,96,24,18
20391,41,64,127,144,23,17
20392,35,50,176,187,15,11
20393,29,55,208,227,26,19
20394,93,120,197,217,27,20
20395,116,136,142,157,20,15
20396,92,112,193,208,20,15
20397,85,109,232,250,24,18
20398,80,102,256,272,22,16
20399,67,85,184,198,18,14
20400,63,85,125,141,22,16
20401,61,95,235,260,34,25
20402,100,124,99,117,24,18
20403,71,96,142,161,25,19
20404,46,76,145,168,30,23
20405,67,88,68,84,21,16
20406,110,138,268,290,28,22
20407,64,89,319,337,25,18
20408,100,129,124,146,29,22
20409,92,120,162,183,28,21
20410,63,80,205,218,17,13
20411,24,49,235,255,25,20
20412,21,58,272,299,37,27
20413,10,36,109,129,26,20
20414,31,44,67,77,13,10
20415,36,60,24,42,24,18
20416,45,66,75,91,21,16
20417,71,109,93,121,38,28
20418,46,71,157,175,25,18
20419,30,57,188,208,27,20
20420,42,71,232,253,29,21
20421,39,70,288,310,31,22
20422,122,151,33,54,29,21
20423,126,174,94,130,48,36
20424,208,237,159,181,29,22
20425,183,217,196,222,34,26
20426,167,195,141,162,28,21
20427,180,208,80,101,28,21
20428,176,228,29,69,52,40
20429,58,72,213,223,14,10
20430,63,87,233,251,24,18
20431,57,91,265,290,34,25
20432,67,88,159,175,21,16
20433,104,119,171,183,15,12
20434,89,103,192,203,14,11
20435,73,103,223,246,30,23
20436,74,100,265,284,26,19
20437,43,76,302,327,33,25
20438,90,113,307,324,23,17
20439,81,105,336,353,24,17
20440,132,154,136,153,22,17
20441,39,55,108,120,16,12
20442,32,51,137,150,19,13
20443,55,78,26,44,23,18
20444,41,58,105,117,17,12
20445,30,42,127,136,12,9
20446,22,49,185,205,27,20
20447,73,105,241,266,32,25
20448,68,95,292,313,27,21
20449,56,83,319,339,27,20
20450,104,122,226,239,18,13
20451,98,112,180,190,14,10
20452,83,103,186,201,20,15
20453,56,68,174,183,12,9
20454,44,63,123,138,19,15
20455,47,77,67,89,30,22
20456,54,76,30,47,22,17
20457,36,60,269,287,24,18
20458,35,65,310,332,30,22
20459,69,88,195,209,19,14
20460,76,93,226,240,17,14
20461,60,82,247,263,22,16
20462,34,49,232,244,15,12
20463,30,50,192,207,20,15
20464,52,78,29,48,26,19
20465,32,51,76,90,19,14
20466,38,57,57,71,19,14
20467,32,56,91,108,24,17
20468,32,54,74,90,22,16
20469,27,51,98,115,24,17
20470,29,46,147,160,17,13
20471,70,106,147,174,36,27
20472,56,81,228,248,25,20
20473,51,74,280,298,23,18
20474,66,84,127,141,18,14
20475,70,91,81,97,21,16
20476,36,62,145,165,26,20
20477,33,70,177,205,37,28
20478,39,58,230,244,19,14
20479,41,64,264,281,23,17
20480,122,148,82,101,26,19
20481,90,115,90,109,25,19
20482,82,103,127,143,21,16
20483,77,106,169,191,29,22
20484,87,110,157,175,23,18
20485,85,105,201,215,20,14
20486,71,96,219,238,25,19
20487,65,88,98,115,23,17
20488,44,71,129,149,27,20
20489,59,80,72,88,21,16
20490,120,139,329,343,19,14
20491,107,143,260,287,36,27
20492,104,145,130,161,41,31
20493,100,120,83,98,20,15
20494,92,115,65,82,23,17
20495,115,136,178,194,21,16
20496,102,127,226,245,25,19
20497,169,190,134,149,21,15
20498,93,120,278,298,27,20
20499,66,80,304,314,14,10
20500,41,63,125,142,22,17
20501,41,61,58,73,20,15
20502,46,66,2,18,20,16
20503,73,101,17,38,28,21
20504,61,83,59,75,22,16
20505,36,65,92,114,29,22
20506,32,52,185,200,20,15
20507,28,57,84,106,29,22
20508,27,61,135,161,34,26
20509,26,68,180,211,42,31
20510,39,73,219,245,34,26
20511,95,120,77,96,25,19
20512,76,98,109,126,22,17
20513,63,90,46,67,27,21
20514,48,63,89,101,15,12
20515,49,74,117,135,25,18
20516,46,68,140,156,22,16
20517,38,69,216,240,31,24
20518,39,68,277,299,29,22
20519,102,139,285,312,37,27
20520,143,175,319,343,32,24
20521,94,128,309,334,34,25
20522,142,186,75,108,44,33
20523,124,200,147,204,76,57
20524,171,211,36,66,40,30
20525,27,50,87,104,23,17
20526,34,71,113,140,37,27
20527,38,63,149,168,25,19
20528,29,54,181,199,25,18
20529,35,70,206,232,35,26
20530,29,58,267,289,29,22
20531,29,60,294,317,31,23
20532,34,73,313,342,39,29
20533,103,121,117,130,18,13
20534,76,101,142,161,25,19
20535,72,100,176,198,28,22
20536,80,100,216,231,20,15
20537,75,102,240,260,27,20
20538,68,92,265,282,24,17
20539,44,67,305,322,23,17
20540,67,91,161,180,24,19
20541,46,73,201,221,27,20
20542,36,71,241,267,35,26
20543,22,56,324,349,34,25
20544,44,69,13,32,25,19
20545,44,71,35,56,27,21
20546,93,126,135,160,33,25
20547,73,93,220,235,20,15
20548,61,87,246,266,26,20
20549,37,61,276,294,24,18
20550,22,41,225,238,19,13
20551,34,57,161,179,23,18
20552,39,68,122,144,29,22
20553,39,60,86,102,21,16
20554,42,66,26,44,24,18
20555,28,55,45,65,27,20
20556,59,78,235,249,19,14
20557,62,78,253,265,16,12
20558,58,87,172,194,29,22
20559,46,71,131,150,25,19
20560,37,66,94,115,29,21
20561,49,66,66,78,17,12
20562,36,66,35,57,30,22
20563,117,129,87,96,12,9
20564,107,127,141,156,20,15
20565,89,124,94,120,35,26
20566,80,105,39,58,25,19
20567,102,129,5,25,27,20
20568,168,192,125,143,24,18
20569,174,203,201,223,29,22
20570,172,200,277,298,28,21
20571,158,176,322,336,18,14
20572,66,89,151,168,23,17
20573,46,83,192,220,37,28
20574,63,95,253,276,32,23
20575,51,72,290,306,21,16
20576,119,154,109,135,35,26
20577,63,93,237,260,30,23
20578,88,105,295,308,17,13
20579,93,124,216,239,31,23
20580,89,106,183,195,17,12
20581,88,106,121,134,18,13
20582,73,92,73,87,19,14
20583,94,120,36,56,26,20
20584,115,134,61,76,19,15
20585,201,222,242,258,21,16
20586,168,201,307,332,33,25
20587,100,120,85,100,20,15
20588,80,103,113,131,23,18
20589,74,102,150,171,28,21
20590,63,92,68,89,29,21
20591,58,86,6,27,28,21
20592,45,68,104,121,23,17
20593,42,62,135,150,20,15
20594,66,91,273,292,25,19
20595,71,88,145,157,17,12
20596,68,85,167,181,17,14
20597,105,132,72,93,27,21
20598,132,153,45,60,21,15
20599,191,222,131,154,31,23
20600,122,149,80,100,27,20
20601,170,195,13,32,25,19
20602,208,237,113,135,29,22
20603,166,210,248,280,44,32
20604,122,161,262,291,39,29
20605,98,113,288,300,15,12
20606,110,132,242,259,22,17
20607,105,133,202,224,28,22
20608,109,146,171,199,37,28
20609,80,102,151,167,22,16
20610,68,84,174,186,16,12
20611,63,87,200,218,24,18
20612,69,95,228,248,26,20
20613,36,65,116,138,29,22
20614,42,67,165,184,25,19
20615,51,73,201,218,22,17
20616,58,88,249,271,30,22
20617,83,128,88,121,45,33
20618,45,65,89,104,20,15
20619,60,74,74,85,14,11
20620,59,88,49,70,29,21
20621,38,61,112,129,23,17
20622,39,54,149,161,15,12
20623,27,47,252,267,20,15
20624,58,78,109,124,20,15
20625,40,66,131,151,26,20
20626,37,60,155,172,23,17
20627,33,53,178,193,20,15
20628,27,44,206,220,17,14
20629,34,46,222,231,12,9
20630,98,119,30,46,21,16
20631,81,119,46,75,38,29
20632,64,80,73,85,16,12
20633,62,81,92,106,19,14
20634,120,164,175,207,44,32
20635,93,161,35,86,68,51
20636,105,134,245,267,29,22
20637,81,107,283,303,26,20
20638,119,132,82,92,13,10
20639,105,125,116,131,20,15
20640,80,105,83,102,25,19
20641,78,105,13,34,27,21
20642,90,112,243,260,22,17
20643,95,117,198,215,22,17
20644,85,120,217,242,35,25
20645,161,195,236,261,34,25
20646,133,147,313,323,14,10
20647,107,152,140,173,45,33
20648,88,105,223,237,17,14
20649,54,72,238,252,18,14
20650,47,79,264,288,32,24
20651,50,76,295,315,26,20
20652,31,56,317,336,25,19
20653,34,75,225,256,41,31
20654,32,50,270,283,18,13
20655,51,76,154,173,25,19
20656,97,127,120,142,30,22
20657,67,95,59,80,28,21
20658,64,80,94,106,16,12
20659,39,66,72,93,27,21
20660,54,78,26,44,24,18
20661,125,157,264,288,32,24
20662,109,144,317,344,35,27
20663,180,210,308,331,30,23
20664,186,220,266,291,34,25
20665,85,120,39,64,35,25
20666,54,89,73,99,35,26
20667,39,64,121,140,25,19
20668,32,59,191,212,27,21
20669,42,58,266,278,16,12
20670,62,93,43,66,31,23
20671,58,80,110,127,22,17
20672,60,93,143,168,33,25
20673,56,86,176,199,30,23
20674,72,101,52,74,29,22
20675,33,50,70,83,17,13
20676,61,88,8,28,27,20
20677,9,46,39,68,37,29
20678,62,88,223,242,26,19
20679,44,64,247,262,20,15
20680,29,51,220,237,22,17
20681,127,164,210,238,37,28
20682,122,147,181,200,25,19
20683,85,108,202,220,23,18
20684,48,74,231,251,26,20
20685,19,52,186,211,33,25
20686,27,62,109,135,35,26
20687,29,71,66,98,42,32
20688,41,69,40,61,28,21
20689,94,115,220,235,21,15
20690,97,117,260,275,20,15
20691,100,131,283,306,31,23
20692,98,125,316,337,27,21
20693,156,188,123,147,32,24
20694,137,160,30,48,23,18
20695,93,118,59,78,25,19
20696,87,111,95,113,24,18
20697,56,94,161,190,38,29
20698,43,66,305,322,23,17
20699,54,84,327,349,30,22
20700,75,109,236,261,34,25
20701,69,104,180,206,35,26
20702,76,102,63,82,26,19
20703,58,76,82,95,18,13
20704,92,112,275,290,20,15
20705,100,127,315,336,27,21
20706,88,108,336,350,20,14
20707,82,102,253,268,20,15
20708,85,108,70,88,23,18
20709,70,90,112,127,20,15
20710,58,91,145,169,33,24
20711,37,66,174,195,29,21
20712,36,73,35,63,37,28
20713,39,68,80,102,29,22
20714,39,61,115,132,22,17
20715,170,199,56,78,29,22
20716,144,166,223,239,22,16
20717,140,171,288,310,31,22
20718,141,163,40,56,22,16
20719,90,115,99,118,25,19
20720,90,122,122,145,32,23
20721,40,86,61,96,46,35
20722,75,105,17,39,30,22
20723,33,63,234,257,30,23
20724,119,146,125,145,27,20
20725,112,123,186,194,11,8
20726,88,105,215,228,17,13
20727,85,117,243,267,32,24
20728,65,91,189,209,26,20
20729,42,71,116,138,29,22
20730,51,81,66,89,30,23
20731,74,102,22,43,28,21
20732,117,136,72,86,19,14
20733,149,180,59,82,31,23
20734,194,225,231,254,31,23
20735,208,227,287,301,19,14
20736,134,156,33,50,22,17
20737,117,142,110,129,25,19
20738,105,121,142,155,16,13
20739,94,120,186,206,26,20
20740,100,117,266,279,17,13
20741,92,122,282,305,30,23
20742,102,139,119,147,37,28
20743,100,130,169,192,30,23
20744,38,71,164,188,33,24
20745,31,53,218,234,22,16
20746,46,68,192,209,22,17
20747,17,39,258,275,22,17
20748,29,54,293,312,25,19
20749,132,157,58,77,25,19
20750,88,112,98,116,24,18
20751,84,124,147,177,40,30
20752,122,166,43,75,44,32
20753,71,116,189,223,45,34
20754,93,127,251,276,34,25
20755,91,114,298,315,23,17
20756,158,202,141,174,44,33
20757,137,170,32,57,33,25
20758,172,190,71,85,18,14
20759,156,204,263,298,48,35
20760,44,58,112,122,14,10
20761,38,66,142,163,28,21
20762,51,75,194,211,24,17
20763,66,97,59,82,31,23
20764,37,63,80,100,26,20
20765,35,63,162,183,28,21
20766,28,57,208,230,29,22
20767,83,115,1,26,32,25
20768,85,120,85,111,35,26
20769,105,149,119,152,44,33
20770,97,124,222,243,27,21
20771,55,72,269,282,17,13
20772,49,69,216,231,20,15
20773,10,25,234,246,15,12
20774,28,51,170,187,23,17
20775,37,54,125,137,17,12
20776,85,100,314,324,15,10
20777,68,89,251,267,21,16
20778,51,77,160,179,26,19
20779,48,71,191,208,23,17
20780,41,61,221,235,20,14
20781,51,79,110,132,28,22
20782,58,82,52,70,24,18
20783,75,98,17,34,23,17
20784,62,85,161,179,23,18
20785,57,71,199,210,14,11
20786,49,68,227,241,19,14
20787,38,59,251,267,21,16
20788,25,52,289,309,27,20
20789,34,71,310,337,37,27
20790,52,66,60,71,14,11
20791,42,78,80,107,36,27
20792,128,157,220,242,29,22
20793,83,103,239,254,20,15
20794,68,99,178,201,31,23
20795,48,97,110,146,49,36
20796,45,78,64,89,33,25
20797,58,78,19,35,20,16
20798,132,172,3,33,40,30
20799,56,80,97,115,24,18
20800,46,73,231,252,27,21
20801,49,76,282,302,27,20
20802,83,117,264,289,34,25
20803,36,64,315,336,28,21
20804,26,46,146,162,20,16
20805,106,129,36,53,23,17
20806,140,173,66,91,33,25
20807,146,177,107,129,31,22
20808,116,144,161,182,28,21
20809,67,94,197,218,27,21
20810,87,113,131,151,26,20
20811,57,79,166,182,22,16
20812,32,56,211,229,24,18
20813,24,42,266,279,18,13
20814,49,77,258,279,28,21
20815,50,78,219,240,28,21
20816,34,49,240,251,15,11
20817,24,38,263,274,14,11
20818,26,44,294,308,18,14
20819,31,59,316,337,28,21
20820,113,147,152,178,34,26
20821,136,170,52,78,34,26
20822,81,120,50,79,39,29
20823,47,64,55,68,17,13
20824,51,68,79,93,17,14
20825,32,41,44,51,9,7
20826,66,98,210,234,32,24
20827,83,107,227,245,24,18
20828,60,88,249,270,28,21
20829,49,88,189,218,39,29
20830,46,70,219,237,24,18
20831,77,106,142,164,29,22
20832,101,120,54,67,19,13
20833,64,93,38,60,29,22
20834,132,149,15,28,17,13
20835,134,154,196,211,20,15
20836,85,107,290,306,22,16
20837,100,128,311,331,28,20
20838,86,112,335,354,26,19
20839,64,101,244,272,37,28
20840,66,93,210,230,27,20
20841,91,130,13,42,39,29
20842,33,61,102,124,28,22
20843,44,61,132,145,17,13
20844,34,56,151,167,22,16
20845,28,47,180,194,19,14
20846,27,61,203,229,34,26
20847,20,40,253,267,20,14
20848,30,54,268,286,24,18
20849,82,109,272,292,27,20
20850,63,89,299,319,26,20
20851,79,110,206,229,31,23
20852,80,98,82,96,18,14
20853,72,107,30,57,35,27
20854,47,83,116,143,36,27
20855,44,67,169,186,23,17
20856,39,68,210,232,29,22
20857,153,185,310,334,32,24
20858,100,119,195,209,19,14
20859,112,130,153,166,18,13
20860,111,131,91,106,20,15
20861,87,105,109,123,18,14
20862,73,96,34,51,23,17
20863,114,137,54,71,23,17
20864,119,142,8,26,23,18
20865,144,174,37,60,30,23
20866,36,56,109,124,20,15
20867,84,104,254,269,20,15
20868,94,122,322,343,28,21
20869,139,172,35,60,33,25
20870,56,76,75,90,20,15
20871,58,88,108,130,30,22
20872,34,59,151,170,25,19
20873,76,102,44,63,26,19
20874,71,102,89,113,31,24
20875,64,102,184,212,38,28
20876,128,156,288,310,28,22
20877,73,104,139,162,31,23
20878,71,89,191,204,18,13
20879,60,91,226,249,31,23
20880,65,85,283,299,20,16
20881,115,168,175,215,53,40
20882,35,66,137,160,31,23
20883,54,78,57,75,24,18
20884,52,84,14,38,32,24
20885,166,181,43,54,15,11
20886,139,170,63,85,31,22
20887,109,129,76,91,20,15
20888,95,110,62,73,15,11
20889,79,92,86,95,13,9
20890,72,86,151,162,14,11
20891,53,68,190,202,15,12
20892,40,58,234,247,18,13
20893,32,47,265,276,15,11
20894,78,106,318,339,28,21
20895,51,68,313,326,17,13
20896,29,51,275,292,22,17
20897,26,47,229,245,21,16
20898,107,131,33,51,24,18
20899,107,130,145,162,23,17
20900,122,148,188,207,26,19
20901,215,234,48,63,19,15
20902,195,217,64,80,22,16
20903,165,188,133,151,23,18
20904,156,177,180,196,21,16
20905,122,149,209,229,27,20
20906,197,225,163,185,28,22
20907,100,129,234,256,29,22
20908,52,78,61,81,26,20
20909,45,61,150,162,16,12
20910,24,37,171,180,13,9
20911,16,29,234,243,13,9
20912,28,42,255,266,14,11
20913,23,39,290,301,16,11
20914,27,56,322,344,29,22
20915,72,95,187,204,23,17
20916,79,105,223,243,26,20
20917,117,146,88,111,29,23
20918,134,163,40,62,29,22
20919,150,177,158,179,27,21
20920,149,173,303,321,24,18
20921,65,98,238,262,33,24
20922,83,104,159,174,21,15
20923,104,130,23,43,26,20
20924,57,72,22,33,15,11
20925,64,81,118,131,17,13
20926,48,72,153,171,24,18
20927,41,65,201,219,24,18
20928,77,106,55,76,29,21
20929,51,72,83,98,21,15
20930,88,124,277,305,36,28
20931,70,105,152,178,35,26
20932,92,117,33,52,25,19
20933,43,69,22,42,26,20
20934,45,68,226,243,23,17
20935,38,73,181,207,35,26
20936,29,66,290,318,37,28
20937,52,71,325,339,19,14
20938,77,98,140,156,21,16
20939,39,76,203,231,37,28
20940,78,100,295,311,22,16
20941,33,58,321,341,25,20
20942,44,67,258,276,23,18
20943,175,198,31,48,23,17
20944,172,202,85,107,30,22
20945,178,212,139,164,34,25
20946,178,208,243,265,30,22
20947,195,224,288,309,29,21
20948,193,218,325,344,25,19
20949,204,226,159,175,22,16
20950,37,58,40,56,21,16
20951,32,66,100,125,34,25
20952,33,54,128,144,21,16
20953,15,40,168,187,25,19
20954,29,63,207,233,34,26
20955,30,51,267,283,21,16
20956,36,66,288,310,30,22
20957,93,122,43,65,29,22
20958,126,154,134,155,28,21
20959,127,171,188,221,44,33
20960,115,150,275,301,35,26
20961,64,88,114,132,24,18
20962,41,65,189,207,24,18
20963,47,68,223,239,21,16
20964,39,63,251,270,24,19
20965,34,61,297,317,27,20
20966,32,53,148,164,21,16
20967,32,55,197,214,23,17
20968,68,88,62,76,20,14
20969,52,78,19,38,26,19
20970,156,195,40,69,39,29
20971,137,178,103,134,41,31
20972,121,151,301,324,30,23
20973,70,112,321,352,42,31
20974,29,65,311,338,36,27
20975,156,177,66,81,21,15
20976,134,151,102,115,17,13
20977,112,141,118,139,29,21
20978,85,102,148,161,17,13
20979,65,83,186,199,18,13
20980,68,110,214,246,42,32
20981,22,41,290,304,19,14
20982,51,76,163,182,25,19
20983,45,71,208,228,26,20
20984,44,68,261,279,24,18
20985,41,61,302,317,20,15
20986,44,63,326,341,19,15
20987,101,138,29,57,37,28
20988,143,178,119,146,35,27
20989,110,141,99,122,31,23
20990,83,112,131,153,29,22
20991,65,96,69,93,31,24
20992,46,58,79,88,12,9
20993,42,60,123,137,18,14
20994,49,66,165,178,17,13
20995,46,71,242,261,25,19
20996,61,94,272,297,33,25
20997,94,123,306,328,29,22
20998,42,66,58,76,24,18
20999,28,56,92,114,28,22
21000,36,61,155,173,25,18
21001,32,59,190,210,27,20
21002,76,116,159,189,40,30
21003,73,96,159,176,23,17
21004,61,85,213,231,24,18
21005,50,84,246,271,34,25
21006,132,161,90,112,29,22
21007,115,142,256,276,27,20
21008,107,124,162,174,17,12
21009,95,113,134,148,18,14
21010,69,90,99,114,21,15
21011,63,97,42,67,34,25
21012,23,53,12,34,30,22
21013,45,80,316,343,35,27
21014,52,78,295,315,26,20
21015,57,81,252,270,24,18
21016,80,100,225,240,20,15
21017,107,121,233,244,14,11
21018,164,184,255,270,20,15
21019,160,180,171,186,20,15
21020,68,85,109,122,17,13
21021,55,74,134,149,19,15
21022,54,83,157,179,29,22
21023,51,80,190,212,29,22
21024,49,68,222,236,19,14
21025,28,49,258,273,21,15
21026,17,35,298,312,18,14
21027,14,34,328,344,20,16
21028,46,65,235,248,19,13
21029,76,95,259,273,19,14
21030,85,119,74,99,34,25
21031,55,77,108,125,22,17
21032,87,113,54,74,26,20
21033,61,88,113,133,27,20
21034,53,82,149,171,29,22
21035,139,172,111,136,33,25
21036,73,91,213,226,18,13
21037,132,154,62,79,22,17
21038,118,136,155,168,18,13
21039,107,140,223,248,33,25
21040,66,87,105,121,21,16
21041,57,98,139,170,41,31
21042,58,93,192,218,35,26
21043,36,60,304,322,24,18
21044,75,102,222,243,27,21
21045,68,88,267,283,20,16
21046,62,90,305,326,28,21
21047,120,154,128,154,34,26
21048,54,77,56,73,23,17
21049,50,76,102,122,26,20
21050,48,71,156,173,23,17
21051,44,75,199,222,31,23
21052,44,78,229,254,34,25
21053,131,149,233,246,18,13
21054,124,151,259,280,27,21
21055,116,157,159,190,41,31
21056,110,127,119,132,17,13
21057,137,166,79,102,29,23
21058,157,184,48,68,27,20
21059,171,193,14,31,22,17
21060,71,100,76,99,29,23
21061,76,120,126,160,44,34
21062,79,104,227,246,25,19
21063,76,102,259,279,26,20
21064,90,115,112,131,25,19
21065,88,116,75,97,28,22
21066,70,81,105,113,11,8
21067,67,90,34,51,23,17
21068,58,84,68,87,26,19
21069,38,80,275,306,42,31
21070,46,68,311,328,22,17
21071,95,115,166,181,20,15
21072,85,117,204,228,32,24
21073,134,169,112,138,35,26
21074,156,197,30,61,41,31
21075,81,108,324,345,27,21
21076,102,146,284,317,44,33
21077,29,46,132,145,17,13
21078,25,54,161,183,29,22
21079,34,63,194,216,29,22
21080,35,59,247,265,24,18
21081,80,118,120,149,38,29
21082,151,208,113,156,57,43
21083,140,172,22,46,32,24
21084,100,133,247,272,33,25
21085,49,80,124,148,31,24
21086,56,89,174,199,33,25
21087,51,75,223,241,24,18
21088,40,67,273,293,27,20
21089,32,58,317,337,26,20
21090,142,197,14,55,55,41
21091,139,184,102,135,45,33
21092,129,156,190,211,27,21
21093,36,74,173,202,38,29
21094,71,103,268,292,32,24
21095,58,79,84,100,21,16
21096,88,113,63,81,25,18
21097,117,146,15,37,29,22
21098,71,105,149,175,34,26
21099,80,110,162,184,30,22
21100,80,100,195,211,20,16
21101,58,90,242,266,32,24
21102,129,162,181,205,33,24
21103,147,181,203,228,34,25
21104,144,168,257,276,24,19
21105,124,142,294,308,18,14
21106,111,129,233,246,18,13
21107,102,117,119,130,15,11
21108,139,181,11,43,42,32
21109,39,68,120,142,29,22
21110,35,68,177,202,33,25
21111,34,64,223,245,30,22
21112,29,59,288,311,30,23
21113,90,110,230,246,20,16
21114,148,170,118,134,22,16
21115,151,190,66,95,39,29
21116,137,168,173,196,31,23
21117,134,159,222,240,25,18
21118,120,154,243,269,34,26
21119,67,86,301,315,19,14
21120,102,129,18,38,27,20
21121,122,150,205,226,28,21
21122,83,117,192,218,34,26
21123,59,102,116,148,43,32
21124,63,91,73,94,28,21
21125,52,76,28,46,24,18
21126,43,71,8,29,28,21
21127,95,122,106,126,27,20
21128,54,86,91,115,32,24
21129,48,73,140,160,25,20
21130,39,75,169,196,36,27
21131,30,68,203,232,38,29
21132,27,64,227,255,37,28
21133,27,56,277,299,29,22
21134,27,49,321,337,22,16
21135,90,132,152,183,42,31
21136,105,134,97,119,29,22
21137,97,120,177,194,23,17
21138,91,113,209,226,22,17
21139,76,100,253,271,24,18
21140,76,90,307,318,14,11
21141,33,61,324,345,28,21
21142,141,174,36,61,33,25
21143,129,151,90,106,22,16
21144,98,117,111,125,19,14
21145,46,67,72,88,21,16
21146,31,56,117,136,25,19
21147,32,63,158,182,31,24
21148,36,77,194,225,41,31
21149,102,124,176,193,22,17
21150,99,117,205,219,18,14
21151,34,55,291,307,21,16
21152,58,82,329,346,24,17
21153,49,66,230,243,17,13
21154,33,55,155,172,22,17
21155,22,49,101,121,27,20
21156,44,65,36,52,21,16
21157,163,186,25,43,23,18
21158,159,177,71,84,18,13
21159,138,158,82,97,20,15
21160,44,72,304,325,28,21
21161,49,85,324,351,36,27
21162,49,85,211,238,36,27
21163,63,98,151,177,35,26
21164,87,118,108,131,31,23
21165,49,72,83,101,23,18
21166,46,75,133,154,29,21
21167,54,71,164,176,17,12
21168,57,76,205,219,19,14
21169,35,54,229,243,19,14
21170,77,107,233,256,30,23
21171,120,149,98,121,29,23
21172,111,134,140,158,23,18
21173,125,153,172,193,28,21
21174,121,153,215,239,32,24
21175,105,122,252,265,17,13
21176,68,83,264,275,15,11
21177,47,75,300,321,28,21
21178,39,63,215,233,24,18
21179,37,55,189,203,18,14
21180,36,57,135,151,21,16
21181,29,51,96,113,22,17
21182,31,61,37,59,30,22
21183,75,97,121,138,22,17
21184,71,110,139,168,39,29
21185,90,119,201,223,29,22
21186,88,117,275,296,29,21
21187,125,149,55,73,24,18
21188,71,95,119,138,24,19
21189,63,102,32,62,39,30
21190,61,94,202,226,33,24
21191,88,113,224,242,25,18
21192,88,110,275,292,22,17
21193,86,118,303,327,32,24
21194,92,122,158,181,30,23
21195,98,124,112,132,26,20
21196,110,129,53,68,19,15
21197,145,163,84,97,18,13
21198,141,160,107,122,19,15
21199,183,200,117,130,17,13
21200,194,213,153,167,19,14
21201,181,210,187,209,29,22
21202,175,206,219,243,31,24
21203,132,161,80,102,29,22
21204,137,183,108,142,46,34
21205,137,180,18,50,43,32
21206,93,122,52,73,29,21
21207,90,123,169,193,33,24
21208,76,99,116,134,23,18
21209,80,93,61,70,13,9
21210,112,139,84,104,27,20
21211,102,127,156,174,25,18
21212,99,131,190,214,32,24
21213,93,129,228,256,36,28
21214,87,134,260,296,47,36
21215,81,132,291,329,51,38
21216,146,170,109,126,24,17
21217,58,85,80,100,27,20
21218,95,132,228,255,37,27
21219,80,113,221,245,33,24
21220,39,62,284,301,23,17
21221,32,61,171,193,29,22
21222,34,61,124,145,27,21
21223,39,60,77,93,21,16
21224,41,76,43,69,35,26
21225,52,80,8,29,28,21
21226,188,211,16,33,23,17
21227,63,78,141,153,15,12
21228,55,85,181,204,30,23
21229,54,86,215,239,32,24
21230,37,57,248,263,20,15
21231,27,52,273,292,25,19
21232,23,55,313,337,32,24
21233,142,167,174,193,25,19
21234,92,118,19,38,26,19
21235,98,143,106,139,45,33
21236,126,159,169,194,33,25
21237,58,87,246,267,29,21
21238,28,61,306,330,33,24
21239,100,134,73,99,34,26
21240,68,102,127,153,34,26
21241,51,85,175,200,34,25
21242,38,72,224,249,34,25
21243,37,68,282,306,31,24
21244,152,179,23,44,27,21
21245,39,61,48,65,22,17
21246,44,73,70,92,29,22
21247,34,56,151,168,22,17
21248,32,52,190,206,20,16
21249,38,60,225,241,22,16
21250,89,129,218,248,40,30
21251,105,134,261,283,29,22
21252,156,186,66,88,30,22
21253,158,192,144,170,34,26
21254,161,186,147,166,25,19
21255,162,198,107,134,36,27
21256,149,180,87,110,31,23
21257,132,154,106,122,22,16
21258,117,142,115,134,25,19
21259,122,142,140,156,20,16
21260,105,124,163,177,19,14
21261,107,135,202,223,28,21
21262,110,151,243,274,41,31
21263,119,143,286,304,24,18
21264,29,63,113,139,34,26
21265,44,76,30,54,32,24
21266,67,93,75,95,26,20
21267,120,166,139,175,46,36
21268,191,239,35,71,48,36
21269,69,94,242,261,25,19
21270,63,79,165,177,16,12
21271,111,135,170,188,24,18
21272,71,95,188,206,24,18
21273,54,83,233,254,29,21
21274,56,88,270,294,32,24
21275,51,78,305,325,27,20
21276,44,66,117,133,22,16
21277,43,68,50,68,25,18
21278,36,82,11,45,46,34
21279,149,188,37,66,39,29
21280,195,217,216,232,22,16
21281,154,186,317,341,32,24
21282,137,163,225,245,26,20
21283,124,149,194,213,25,19
21284,129,160,95,118,31,23
21285,30,66,196,222,36,26
21286,41,90,253,289,49,36
21287,140,166,38,58,26,20
21288,102,126,60,78,24,18
21289,77,110,141,166,33,25
21290,63,95,93,117,32,24
21291,58,100,145,176,42,31
21292,136,167,69,92,31,23
21293,152,183,32,55,31,23
21294,96,119,96,113,23,17
21295,67,84,142,155,17,13
21296,56,83,190,210,27,20
21297,60,75,241,252,15,11
21298,130,166,187,214,36,27
21299,123,160,150,178,37,28
21300,48,71,168,185,23,17
21301,41,67,204,223,26,19
21302,43,78,270,296,35,26
21303,44,81,144,172,37,28
21304,34,64,236,259,30,23
21305,37,62,268,286,25,18
21306,25,45,296,311,20,15
21307,70,92,206,222,22,16
21308,66,117,132,171,51,39
21309,142,176,50,76,34,26
21310,137,168,126,149,31,23
21311,163,191,229,251,28,22
21312,62,103,182,213,41,31
21313,43,78,240,266,35,26
21314,42,83,277,308,41,31
21315,85,118,126,150,33,24
21316,46,83,40,67,37,27
21317,58,88,88,111,30,23
21318,49,80,125,149,31,24
21319,42,68,190,209,26,19
21320,41,66,240,258,25,18
21321,80,109,296,317,29,21
21322,71,98,116,137,27,21
21323,69,104,139,165,35,26
21324,66,79,231,242,13,11
21325,35,49,261,272,14,11
21326,129,163,207,232,34,25
21327,102,127,252,271,25,19
21328,44,66,309,325,22,16
21329,63,88,185,203,25,18
21330,105,129,186,205,24,19
21331,46,63,212,224,17,12
21332,101,119,299,312,18,13
21333,110,145,323,349,35,26
21334,109,132,88,106,23,18
21335,100,129,112,134,29,22
21336,125,161,170,198,36,28
21337,90,123,211,236,33,25
21338,66,112,243,277,46,34
21339,63,88,307,326,25,19
21340,112,129,202,214,17,12
21341,108,129,224,240,21,16
21342,173,204,111,134,31,23
21343,173,207,27,52,34,25
21344,144,183,128,157,39,29
21345,143,165,35,51,22,16
21346,110,143,115,139,33,24
21347,80,119,221,250,39,29
21348,93,120,295,315,27,20
21349,116,137,40,56,21,16
21350,101,127,66,85,26,19
21351,107,139,271,295,32,24
21352,102,131,322,344,29,22
21353,168,198,322,344,30,22
21354,39,58,60,74,19,14
21355,44,78,93,119,34,26
21356,177,204,92,112,27,20
21357,173,217,158,192,44,34
21358,178,234,208,250,56,42
21359,34,61,285,305,27,20
21360,46,64,253,266,18,13
21361,26,50,149,168,24,19
21362,7,32,230,248,25,18
21363,110,153,29,61,43,32
21364,84,124,80,110,40,30
21365,53,76,117,135,23,18
21366,35,55,58,73,20,15
21367,51,95,24,56,44,32
21368,108,142,152,177,34,25
21369,102,133,193,216,31,23
21370,100,127,155,176,27,21
21371,64,93,239,261,29,22
21372,51,81,171,194,30,23
21373,46,72,94,113,26,19
21374,39,66,56,76,27,20
21375,120,154,172,197,34,25
21376,109,155,236,271,46,35
21377,105,127,292,309,22,17
21378,61,95,174,199,34,25
21379,83,112,142,163,29,21
21380,106,132,108,128,26,20
21381,38,71,82,107,33,25
21382,51,76,129,148,25,19
21383,133,169,12,39,36,27
21384,164,186,150,167,22,17
21385,153,203,211,248,50,37
21386,70,89,253,267,19,14
21387,60,85,277,296,25,19
21388,66,98,148,172,32,24
21389,103,130,33,53,27,20
21390,151,182,119,142,31,23
21391,136,170,180,205,34,25
21392,131,163,230,253,32,23
21393,123,152,281,303,29,22
21394,61,87,122,142,26,20
21395,76,107,183,207,31,24
21396,80,102,251,268,22,17
21397,162,190,70,92,28,22
21398,82,119,103,130,37,27
21399,54,84,148,170,30,22
21400,44,89,188,221,45,33
21401,53,86,236,261,33,25
21402,58,78,282,297,20,15
21403,98,114,31,43,16,12
21404,73,98,64,83,25,19
21405,65,88,110,127,23,17
21406,71,98,153,173,27,20
21407,76,108,190,214,32,24
21408,87,127,233,263,40,30
21409,70,103,279,304,33,25
21410,171,221,229,267,50,38
21411,134,169,154,181,35,27
21412,87,112,231,249,25,18
21413,56,90,287,312,34,25
21414,34,50,340,352,16,12
21415,97,113,269,282,16,13
21416,65,98,307,332,33,25
21417,65,94,230,252,29,22
21418,80,105,172,191,25,19
21419,84,110,119,138,26,19
21420,55,85,32,55,30,23
21421,49,72,104,122,23,18
21422,60,80,152,167,20,15
21423,115,142,167,187,27,20
21424,101,124,224,241,23,17
21425,110,143,275,300,33,25
21426,149,180,315,338,31,23
21427,59,82,46,63,23,17
21428,54,86,115,139,32,24
21429,107,134,170,190,27,20
21430,101,126,233,252,25,19
21431,80,110,301,324,30,23
21432,119,147,266,288,28,22
21433,124,166,23,55,42,32
21434,44,48,236,239,4,3
21435,63,73,200,208,10,8
21436,71,88,152,165,17,13
21437,90,107,122,134,17,12
21438,104,124,68,84,20,16
21439,137,150,135,145,13,10
21440,134,145,202,211,11,9
21441,139,155,240,253,16,13
21442,171,179,170,177,8,7
21443,173,188,93,105,15,12
21444,147,166,35,49,19,14
21445,82,94,20,29,12,9
21446,67,78,44,52,11,8
21447,54,79,62,81,25,19
21448,49,63,90,101,14,11
21449,36,48,117,125,12,8
21450,122,133,180,188,11,8
21451,130,139,143,150,9,7
21452,194,204,153,161,10,8
21453,159,173,214,224,14,10
21454,76,83,217,223,7,6
21455,53,63,183,191,10,8
21456,44,54,139,147,10,8
21457,38,47,96,103,9,7
21458,43,60,68,80,17,12
21459,39,52,232,241,13,9
21460,39,54,274,285,15,11
21461,40,52,309,318,12,9
21462,69,82,266,275,13,9
21463,90,103,241,251,13,10
21464,128,154,242,261,26,19
21465,168,183,266,277,15,11
21466,105,122,235,247,17,12
21467,100,120,274,290,20,16
21468,190,239,39,76,49,37
21469,116,124,100,106,8,6
21470,118,129,119,127,11,8
21471,133,139,185,190,6,5
21472,45,57,161,170,12,9
21473,50,60,190,198,10,8
21474,40,51,230,238,11,8
21475,132,148,250,262,16,12
21476,160,175,137,148,15,11
21477,166,181,45,55,15,10
21478,222,237,34,45,15,11
21479,78,99,6,22,21,16
21480,52,66,47,58,14,11
21481,49,61,79,89,12,10
21482,34,55,129,144,21,15
21483,14,28,257,267,14,10
21484,47,68,278,294,21,16
21485,60,80,316,331,20,15
21486,136,156,319,333,20,14
21487,150,180,286,309,30,23
21488,187,200,260,270,13,10
21489,176,195,209,224,19,15
21490,188,205,174,187,17,13
21491,104,126,187,204,22,17
21492,120,146,138,158,26,20
21493,139,149,174,181,10,7
21494,119,137,252,266,18,14
21495,54,66,284,293,12,9
21496,41,61,160,174,20,14
21497,125,139,251,261,14,10
21498,133,147,198,209,14,11
21499,117,136,110,124,19,14
21500,77,90,141,151,13,10
21501,51,75,62,80,24,18
21502,49,63,106,116,14,10
21503,56,61,243,247,5,4
21504,73,88,220,231,15,11
21505,95,110,171,183,15,12
21506,116,134,116,130,18,14
21507,135,155,167,182,20,15
21508,65,82,60,73,17,13
21509,10,19,91,98,9,7
21510,5,24,159,173,19,14
21511,134,149,142,153,15,11
21512,117,134,188,200,17,12
21513,102,115,227,237,13,10
21514,96,110,277,287,14,10
21515,149,163,212,223,14,11
21516,171,198,168,188,27,20
21517,192,208,212,224,16,12
21518,65,78,115,125,13,10
21519,184,229,62,96,45,34
21520,37,45,242,248,8,6
21521,40,57,297,310,17,13
21522,33,53,142,157,20,15
21523,52,72,67,81,20,14
21524,91,115,101,118,24,17
21525,121,138,60,73,17,13
21526,130,145,129,141,15,12
21527,120,142,171,188,22,17
21528,144,161,25,38,17,13
21529,65,77,277,286,12,9
21530,71,83,305,314,12,9
21531,83,93,248,256,10,8
21532,93,106,202,212,13,10
21533,102,126,231,249,24,18
21534,128,139,138,146,11,8
21535,128,135,170,175,7,5
21536,129,145,193,205,16,12
21537,157,168,230,239,11,9
21538,152,166,301,311,14,10
21539,145,161,328,341,16,13
21540,117,129,281,290,12,9
21541,147,170,256,273,23,17
21542,188,208,280,294,20,14
21543,148,161,93,103,13,10
21544,25,46,104,119,21,15
21545,30,49,47,61,19,14
21546,51,69,19,33,18,14
21547,82,102,10,25,20,15
21548,95,105,42,50,10,8
21549,17,29,163,172,12,9
21550,19,36,203,216,17,13
21551,59,84,206,225,25,19
21552,68,76,240,246,8,6
21553,19,27,250,256,8,6
21554,22,42,284,299,20,15
21555,44,53,270,277,9,7
21556,41,52,308,316,11,8
21557,29,37,334,340,8,6
21558,110,123,263,273,13,10
21559,105,121,286,299,16,13
21560,118,136,182,196,18,14
21561,86,103,113,126,17,13
21562,96,117,277,293,21,16
21563,98,115,213,225,17,12
21564,119,134,139,151,15,12
21565,139,158,225,238,19,13
21566,148,170,269,285,22,16
21567,67,84,132,144,17,12
21568,65,82,125,138,17,13
21569,43,56,203,213,13,10
21570,32,40,152,158,8,6
21571,32,39,83,88,7,5
21572,48,61,47,56,13,9
21573,73,85,39,48,12,9
21574,97,110,28,38,13,10
21575,100,110,72,80,10,8
21576,102,110,142,148,8,6
21577,46,56,247,255,10,8
21578,74,98,211,229,24,18
21579,66,83,206,219,17,13
21580,87,107,174,189,20,15
21581,115,132,149,161,17,12
21582,142,156,91,102,14,11
21583,36,56,99,113,20,14
21584,36,51,137,149,15,12
21585,29,47,217,230,18,13
21586,39,56,256,268,17,12
21587,41,57,290,302,16,12
21588,150,175,278,296,25,18
21589,151,166,210,221,15,11
21590,54,65,66,74,11,8
21591,56,78,92,108,22,16
21592,61,79,166,179,18,13
21593,105,113,135,141,8,6
21594,117,129,182,191,12,9
21595,144,161,138,152,17,14
21596,157,173,184,196,16,12
21597,183,192,123,130,9,7
21598,179,195,219,231,16,12
21599,150,176,261,280,26,19
21600,117,136,247,261,19,14
21601,72,86,245,255,14,10
21602,50,68,226,239,18,13
21603,69,93,203,221,24,18
21604,109,134,213,232,25,19
21605,129,142,69,78,13,9
21606,153,191,295,324,38,29
21607,168,188,140,155,20,15
21608,142,162,172,187,20,15
21609,77,95,187,201,18,14
21610,24,43,231,245,19,14
21611,29,49,280,295,20,15
21612,44,71,320,340,27,20
21613,29,53,160,178,24,18
21614,74,95,125,141,21,16
21615,134,154,63,78,20,15
21616,168,200,22,45,32,23
21617,193,208,60,71,15,11
21618,102,112,249,256,10,7
21619,107,122,209,220,15,11
21620,117,137,156,172,20,16
21621,138,156,113,127,18,14
21622,161,180,141,155,19,14
21623,200,214,192,202,14,10
21624,205,219,103,113,14,10
21625,76,88,74,83,12,9
21626,61,76,114,125,15,11
21627,57,76,152,165,19,13
21628,52,69,207,220,17,13
21629,20,29,261,268,9,7
21630,110,133,155,173,23,18
21631,83,98,198,209,15,11
21632,41,55,165,175,14,10
21633,36,48,192,201,12,9
21634,38,54,262,274,16,12
21635,85,97,280,289,12,9
21636,70,76,325,330,6,5
21637,103,127,321,339,24,18
21638,146,178,302,326,32,24
21639,169,178,157,164,9,7
21640,167,193,97,116,26,19
21641,87,119,87,111,32,24
21642,29,41,83,92,12,9
21643,30,58,105,126,28,21
21644,40,60,26,41,20,15
21645,161,207,56,90,46,34
21646,166,187,115,131,21,16
21647,137,159,154,171,22,17
21648,111,132,193,208,21,15
21649,100,126,230,249,26,19
21650,73,87,163,174,14,11
21651,53,73,206,222,20,16
21652,40,66,252,271,26,19
21653,16,32,104,116,16,12
21654,41,63,56,73,22,17
21655,54,76,89,105,22,16
21656,70,87,128,141,17,13
21657,19,31,300,309,12,9
21658,102,122,297,311,20,14
21659,136,159,281,298,23,17
21660,85,101,154,166,16,12
21661,90,105,187,198,15,11
21662,86,105,222,236,19,14
21663,80,96,251,262,16,11
21664,68,83,282,293,15,11
21665,137,152,160,171,15,11
21666,142,154,97,106,12,9
21667,156,173,54,66,17,12
21668,187,220,111,135,33,24
21669,171,190,161,176,19,15
21670,138,154,223,235,16,12
21671,131,149,301,315,18,14
21672,115,130,179,191,15,12
21673,112,127,149,160,15,11
21674,78,93,166,177,15,11
21675,74,95,192,207,21,15
21676,114,125,212,220,11,8
21677,162,178,233,245,16,12
21678,167,183,156,168,16,12
21679,52,68,75,87,16,12
21680,32,44,142,152,12,10
21681,21,42,180,196,21,16
21682,29,46,223,237,17,14
21683,30,41,264,272,11,8
21684,23,41,297,311,18,14
21685,73,95,315,331,22,16
21686,38,55,172,185,17,13
21687,56,76,123,138,20,15
21688,57,71,206,216,14,10
21689,49,78,228,249,29,21
21690,104,124,167,182,20,15
21691,124,146,113,130,22,17
21692,115,136,206,222,21,16
21693,115,136,158,173,21,15
21694,154,173,137,151,19,14
21695,164,174,186,194,10,8
21696,170,186,220,232,16,12
21697,183,198,252,263,15,11
21698,183,192,91,97,9,6
21699,186,199,47,57,13,10
21700,61,84,37,54,23,17
21701,48,66,62,76,18,14
21702,44,61,86,99,17,13
21703,46,61,117,129,15,12
21704,31,58,163,183,27,20
21705,38,61,222,240,23,18
21706,42,65,283,300,23,17
21707,80,105,227,246,25,19
21708,82,99,183,195,17,12
21709,113,138,180,199,25,19
21710,117,133,128,139,16,11
21711,34,58,10,28,24,18
21712,17,27,261,269,10,8
21713,90,121,200,223,31,23
21714,93,116,121,139,23,18
21715,46,63,133,147,17,14
21716,38,54,169,182,16,13
21717,56,73,97,110,17,13
21718,87,110,64,81,23,17
21719,137,153,145,157,16,12
21720,111,134,292,310,23,18
21721,28,34,249,254,6,5
21722,135,154,85,99,19,14
21723,146,163,41,54,17,13
21724,141,162,189,205,21,16
21725,140,163,213,230,23,17
21726,93,104,235,243,11,8
21727,57,66,187,194,9,7
21728,44,54,212,219,10,7
21729,29,41,147,156,12,9
21730,32,41,109,117,9,8
21731,24,42,67,80,18,13
21732,56,76,53,67,20,14
21733,132,151,10,24,19,14
21734,171,187,128,140,16,12
21735,159,176,149,162,17,13
21736,186,198,210,219,12,9
21737,178,190,258,267,12,9
21738,85,95,268,276,10,8
21739,42,61,290,305,19,15
21740,39,61,317,333,22,16
21741,19,34,242,253,15,11
21742,14,39,153,171,25,18
21743,174,186,84,93,12,9
21744,193,208,40,51,15,11
21745,73,102,87,109,29,22
21746,110,157,239,274,47,35
21747,72,92,145,160,20,15
21748,120,142,105,122,22,17
21749,145,165,147,162,20,15
21750,59,80,168,184,21,16
21751,41,62,196,212,21,16
21752,40,54,253,263,14,10
21753,134,149,118,129,15,11
21754,158,166,87,94,8,7
21755,173,188,183,194,15,11
21756,134,148,186,196,14,10
21757,138,150,221,230,12,9
21758,93,105,240,249,12,9
21759,25,41,208,221,16,13
21760,54,80,168,188,26,20
21761,49,61,249,259,12,10
21762,37,44,289,295,7,6
21763,110,134,281,300,24,19
21764,173,207,299,324,34,25
21765,200,213,215,225,13,10
21766,158,173,57,69,15,12
21767,91,117,66,85,26,19
21768,71,87,122,134,16,12
21769,56,80,175,193,24,18
21770,61,78,237,249,17,12
21771,67,84,306,319,17,13
21772,107,131,309,327,24,18
21773,159,188,285,307,29,22
21774,188,202,228,239,14,11
21775,193,209,160,172,16,12
21776,193,204,105,114,11,9
21777,172,192,64,79,20,15
21778,156,173,89,102,17,13
21779,112,141,145,167,29,22
21780,106,122,187,199,16,12
21781,61,73,157,167,12,10
21782,57,73,107,119,16,12
21783,97,115,109,123,18,14
21784,123,139,107,119,16,12
21785,148,163,98,109,15,11
21786,161,171,62,69,10,7
21787,174,189,157,168,15,11
21788,156,173,198,211,17,13
21789,143,153,230,237,10,7
21790,121,134,280,290,13,10
21791,166,198,246,270,32,24
21792,208,220,187,196,12,9
21793,203,215,97,106,12,9
21794,29,43,60,71,14,11
21795,20,41,155,171,21,16
21796,21,39,205,219,18,14
21797,26,50,251,269,24,18
21798,30,49,288,303,19,15
21799,61,73,169,178,12,9
21800,40,51,212,220,11,8
21801,30,48,264,277,18,13
21802,92,115,179,197,23,18
21803,110,129,231,245,19,14
21804,134,161,101,121,27,20
21805,142,160,147,160,18,13
21806,91,115,127,145,24,18
21807,66,78,125,134,12,9
21808,102,118,190,202,16,12
21809,99,114,134,146,15,12
21810,66,87,162,178,21,16
21811,33,46,183,193,13,10
21812,36,51,147,159,15,12
21813,47,61,88,99,14,11
21814,74,98,54,71,24,17
21815,116,128,87,96,12,9
21816,139,144,63,67,5,4
21817,155,177,142,158,22,16
21818,146,166,191,206,20,15
21819,137,166,235,257,29,22
21820,126,156,279,301,30,22
21821,80,96,297,309,16,12
21822,40,49,300,307,9,7
21823,18,29,244,252,11,8
21824,78,93,213,224,15,11
21825,105,123,172,186,18,14
21826,95,113,72,85,18,13
21827,62,88,99,118,26,19
21828,91,116,28,46,25,18
21829,134,144,92,100,10,8
21830,141,163,152,168,22,16
21831,141,154,242,252,13,10
21832,105,122,306,319,17,13
21833,53,63,296,304,10,8
21834,92,124,176,201,32,25
21835,110,133,218,235,23,17
21836,107,132,258,277,25,19
21837,79,96,302,315,17,13
21838,36,61,124,143,25,19
21839,91,120,134,156,29,22
21840,80,100,81,96,20,15
21841,87,101,39,50,14,11
21842,142,161,32,46,19,14
21843,177,197,69,84,20,15
21844,189,205,100,112,16,12
21845,191,212,152,168,21,16
21846,164,200,190,217,36,27
21847,171,215,241,274,44,33
21848,51,63,239,248,12,9
21849,72,97,162,181,25,19
21850,68,89,199,215,21,16
21851,55,77,251,267,22,16
21852,133,146,107,116,13,9
21853,139,154,58,70,15,12
21854,140,161,190,206,21,16
21855,106,138,217,241,32,24
21856,166,189,152,169,23,17
21857,169,198,242,263,29,21
21858,166,185,286,300,19,14
21859,198,206,104,110,8,6
21860,31,43,139,148,12,9
21861,24,41,169,182,17,13
21862,27,36,199,207,9,8
21863,21,33,231,240,12,9
21864,13,29,43,55,16,12
21865,18,42,65,83,24,18
21866,30,54,88,106,24,18
21867,115,133,9,23,18,14
21868,109,124,40,51,15,11
21869,159,181,9,25,22,16
21870,44,63,243,258,19,15
21871,77,93,241,252,16,11
21872,77,102,128,147,25,19
21873,110,129,82,96,19,14
21874,119,137,154,168,18,14
21875,125,147,196,212,22,16
21876,154,168,128,138,14,10
21877,54,85,139,162,31,23
21878,166,184,245,259,18,14
21879,171,189,278,291,18,13
21880,17,34,200,213,17,13
21881,16,27,230,238,11,8
21882,14,32,147,160,18,13
21883,24,31,127,132,7,5
21884,34,46,108,117,12,9
21885,46,57,139,147,11,8
21886,45,54,164,170,9,6
21887,64,71,97,102,7,5
21888,109,129,185,200,20,15
21889,130,153,256,273,23,17
21890,151,178,139,159,27,20
21891,164,189,184,204,25,20
21892,99,127,93,113,28,20
21893,98,109,119,128,11,9
21894,143,169,89,109,26,20
21895,189,205,106,118,16,12
21896,196,204,54,60,8,6
21897,175,201,254,273,26,19
21898,123,129,310,315,6,5
21899,32,51,271,285,19,14
21900,37,57,214,229,20,15
21901,63,86,295,312,23,17
21902,17,46,83,105,29,22
21903,37,56,25,39,19,14
21904,106,131,169,188,25,19
21905,90,115,236,254,25,18
21906,72,104,62,86,32,24
21907,126,158,90,114,32,24
21908,152,168,126,138,16,12
21909,90,110,256,270,20,14
21910,72,93,320,336,21,16
21911,17,36,256,271,19,15
21912,16,39,191,208,23,17
21913,5,25,90,106,20,16
21914,19,41,14,31,22,17
21915,80,109,13,34,29,21
21916,121,153,308,332,32,24
21917,120,141,185,201,21,16
21918,109,128,222,237,19,15
21919,76,92,193,205,16,12
21920,68,83,230,241,15,11
21921,66,82,255,267,16,12
21922,71,85,291,302,14,11
21923,54,72,146,160,18,14
21924,83,99,125,137,16,12
21925,127,146,111,126,19,15
21926,165,186,107,123,21,16
21927,175,188,154,164,13,10
21928,97,120,157,174,23,17
21929,98,115,101,114,17,13
21930,62,74,203,212,12,9
21931,44,54,255,262,10,7
21932,46,59,291,301,13,10
21933,28,44,213,225,16,12
21934,27,40,157,167,13,10
21935,32,48,91,103,16,12
21936,62,78,53,64,16,11
21937,105,126,36,52,21,16
21938,147,166,22,36,19,14
21939,138,146,72,78,8,6
21940,127,137,110,117,10,7
21941,120,141,142,158,21,16
21942,120,131,185,194,11,9
21943,95,109,214,225,14,11
21944,107,122,228,238,15,10
21945,140,156,218,231,16,13
21946,164,184,196,212,20,16
21947,169,198,277,298,29,21
21948,156,174,311,325,18,14
21949,186,193,40,45,7,5
21950,178,191,68,77,13,9
21951,124,137,224,234,13,10
21952,118,140,263,280,22,17
21953,137,155,139,152,18,13
21954,140,159,199,213,19,14
21955,95,105,188,196,10,8
21956,84,97,228,238,13,10
21957,136,151,185,197,15,12
21958,167,184,213,226,17,13
21959,186,201,175,186,15,11
21960,203,211,238,245,8,7
21961,140,159,87,101,19,14
21962,49,69,68,83,20,15
21963,54,68,112,123,14,11
21964,42,60,146,159,18,13
21965,39,53,191,201,14,10
21966,143,163,31,46,20,15
21967,173,203,60,82,30,22
21968,178,207,97,119,29,22
21969,160,177,120,133,17,13
21970,58,78,284,299,20,15
21971,61,74,328,337,13,9
21972,91,106,300,312,15,12
21973,98,110,328,337,12,9
21974,16,24,301,308,8,7
21975,14,24,249,256,10,7
21976,8,18,205,213,10,8
21977,105,120,118,129,15,11
21978,90,107,156,169,17,13
21979,80,95,178,190,15,12
21980,99,112,205,214,13,9
21981,133,148,181,192,15,11
21982,134,143,239,246,9,7
21983,122,134,274,283,12,9
21984,100,110,304,312,10,8
21985,103,122,318,332,19,14
21986,134,154,320,335,20,15
21987,159,176,305,318,17,13
21988,175,190,251,263,15,12
21989,184,199,198,209,15,11
21990,196,209,149,158,13,9
21991,173,188,48,59,15,11
21992,173,189,79,91,16,12
21993,123,137,87,97,14,10
21994,97,122,27,46,25,19
21995,36,43,147,153,7,6
21996,28,39,185,194,11,9
21997,26,38,224,233,12,9
21998,29,54,262,281,25,19
21999,70,96,267,287,26,20
22000,61,76,295,306,15,11
22001,44,56,317,326,12,9
22002,17,32,303,314,15,11
22003,98,120,239,255,22,16
22004,58,76,124,137,18,13
22005,125,165,249,279,40,30
22006,184,237,7,46,53,39
22007,142,176,148,173,34,25
22008,190,207,126,138,17,12
22009,119,139,224,239,20,15
22010,97,113,193,205,16,12
22011,90,100,167,175,10,8
22012,61,80,105,120,19,15
22013,60,76,130,142,16,12
22014,59,79,66,81,20,15
22015,82,97,38,49,15,11
22016,112,126,26,37,14,11
22017,156,167,95,103,11,8
22018,180,202,40,56,22,16
22019,199,215,131,143,16,12
22020,166,191,163,182,25,19
22021,161,178,232,245,17,13
22022,132,146,259,270,14,11
22023,90,96,254,259,6,5
22024,40,52,278,287,12,9
22025,34,56,300,317,22,17
22026,13,24,242,250,11,8
22027,13,32,181,194,19,13
22028,29,42,198,207,13,9
22029,137,156,247,261,19,14
22030,111,124,273,283,13,10
22031,112,128,231,242,16,11
22032,142,159,183,195,17,12
22033,154,166,209,219,12,10
22034,147,165,106,120,18,14
22035,173,188,59,70,15,11
22036,182,196,121,132,14,11
22037,191,205,176,187,14,11
22038,54,66,149,158,12,9
22039,30,41,184,193,11,9
22040,24,48,214,231,24,17
22041,14,42,75,97,28,22
22042,14,39,262,281,25,19
22043,64,75,200,208,11,8
22044,73,85,162,171,12,9
22045,90,106,184,197,16,13
22046,95,114,211,225,19,14
22047,123,139,235,248,16,13
22048,146,166,174,188,20,14
22049,159,183,232,251,24,19
22050,191,238,228,263,47,35
22051,164,176,116,126,12,10
22052,110,132,110,126,22,16
22053,64,79,106,117,15,11
22054,28,44,91,103,16,12
22055,39,66,47,67,27,20
22056,84,105,85,101,21,16
22057,136,147,288,296,11,8
22058,139,153,207,218,14,11
22059,144,156,241,251,12,10
22060,168,184,222,234,16,12
22061,165,178,135,144,13,9
22062,139,151,149,157,12,8
22063,134,142,99,105,8,6
22064,146,159,45,55,13,10
22065,158,174,75,87,16,12
22066,159,168,97,103,9,6
22067,172,182,50,58,10,8
22068,151,160,298,305,9,7
22069,112,126,332,342,14,10
22070,106,124,292,305,18,13
22071,139,161,308,325,22,17
22072,183,197,58,69,14,11
22073,119,150,171,194,31,23
22074,156,175,174,188,19,14
22075,154,170,129,141,16,12
22076,80,95,192,203,15,11
22077,84,100,160,172,16,12
22078,48,64,196,209,16,13
22079,59,77,121,135,18,14
22080,86,104,89,103,18,14
22081,135,150,159,170,15,11
22082,127,144,224,236,17,12
22083,144,159,278,289,15,11
22084,193,206,66,75,13,9
22085,161,191,61,84,30,23
22086,120,139,216,230,19,14
22087,134,152,186,200,18,14
22088,76,98,262,279,22,17
22089,118,130,164,173,12,9
22090,129,141,116,125,12,9
22091,151,166,165,177,15,12
22092,164,186,241,258,22,17
22093,154,171,75,88,17,13
22094,154,171,31,44,17,13
22095,165,181,202,213,16,11
22096,129,144,271,282,15,11
22097,158,180,326,342,22,16
22098,51,61,95,102,10,7
22099,48,67,189,203,19,14
22100,53,77,216,234,24,18
22101,96,122,143,163,26,20
22102,74,93,100,115,19,15
22103,51,70,124,138,19,14
22104,8,37,147,169,29,22
22105,16,36,99,113,20,14
22106,36,54,298,312,18,14
22107,85,100,283,295,15,12
22108,104,118,306,316,14,10
22109,119,125,247,252,6,5
22110,130,149,276,291,19,15
22111,163,178,242,254,15,12
22112,166,186,328,343,20,15
22113,179,198,290,304,19,14
22114,20,47,250,270,27,20
22115,12,34,201,218,22,17
22116,13,35,48,65,22,17
22117,46,66,49,64,20,15
22118,121,135,154,165,14,11
22119,137,154,176,189,17,13
22120,150,166,194,206,16,12
22121,157,173,215,227,16,12
22122,155,170,259,270,15,11
22123,188,199,152,161,11,9
22124,194,206,197,206,12,9
22125,189,203,266,276,14,10
22126,112,131,305,319,19,14
22127,80,93,296,306,13,10
22128,49,64,227,239,15,12
22129,51,71,173,189,20,16
22130,45,58,123,133,13,10
22131,15,34,144,158,19,14
22132,31,44,79,89,13,10
22133,66,84,35,48,18,13
22134,78,92,76,86,14,10
22135,89,105,98,110,16,12
22136,66,85,119,133,19,14
22137,67,86,156,170,19,14
22138,75,104,188,210,29,22
22139,143,154,108,117,11,9
22140,138,156,142,155,18,13
22141,99,125,30,50,26,20
22142,53,63,52,60,10,8
22143,168,190,42,59,22,17
22144,147,171,69,87,24,18
22145,53,77,299,317,24,18
22146,37,65,260,280,28,20
22147,10,39,230,253,29,23
22148,14,31,196,209,17,13
22149,1,26,109,128,25,19
22150,14,36,147,163,22,16
22151,190,219,132,153,29,21
22152,115,137,303,319,22,16
22153,101,132,319,343,31,24
22154,64,85,200,215,21,15
22155,54,69,246,258,15,12
22156,69,80,274,283,11,9
22157,90,98,282,288,8,6
22158,110,115,285,289,5,4
22159,121,129,264,270,8,6
22160,126,132,217,222,6,5
22161,85,111,154,173,26,19
22162,106,137,95,117,31,22
22163,55,80,125,144,25,19
22164,14,39,165,184,25,19
22165,18,40,47,63,22,16
22166,54,73,26,40,19,14
22167,82,102,45,60,20,15
22168,116,127,59,67,11,8
22169,157,189,54,77,32,23
22170,197,210,16,26,13,10
22171,127,143,191,203,16,12
22172,161,194,201,226,33,25
22173,130,158,294,314,28,20
22174,65,93,324,345,28,21
22175,11,39,306,327,28,21
22176,120,137,185,198,17,13
22177,125,146,217,232,21,15
22178,149,173,235,253,24,18
22179,178,189,192,200,11,8
22180,176,188,130,139,12,9
22181,181,192,226,234,11,8
22182,185,199,255,265,14,10
22183,191,209,281,294,18,13
22184,207,215,193,199,8,6
22185,66,84,199,212,18,13
22186,51,71,167,182,20,15
22187,36,55,100,114,19,14
22188,65,85,59,75,20,16
22189,90,112,18,34,22,16
22190,130,160,17,40,30,23
22191,170,186,44,56,16,12
22192,170,191,77,93,21,16
22193,46,64,248,261,18,13
22194,41,78,269,296,37,27
22195,92,118,293,312,26,19
22196,123,136,252,261,13,9
22197,132,142,205,212,10,7
22198,146,158,229,238,12,9
22199,169,183,194,204,14,10
22200,180,193,242,252,13,10
22201,174,187,267,276,13,9
22202,205,232,159,180,27,21
22203,201,221,86,101,20,15
22204,62,94,45,69,32,24
22205,60,86,74,94,26,20
22206,54,81,102,123,27,21
22207,29,49,57,71,20,14
22208,84,100,21,33,16,12
22209,129,156,22,42,27,20
22210,196,213,24,37,17,13
22211,44,63,260,274,19,14
22212,49,71,213,229,22,16
22213,73,90,269,282,17,13
22214,55,82,283,303,27,20
22215,69,83,129,139,14,10
22216,58,78,154,169,20,15
22217,71,87,178,190,16,12
22218,102,126,184,202,24,18
22219,129,149,114,129,20,15
22220,145,158,159,168,13,9
22221,163,183,64,80,20,16
22222,171,183,133,143,12,10
22223,173,190,206,219,17,13
22224,146,180,261,286,34,25
22225,117,138,325,340,21,15
22226,67,80,236,246,13,10
22227,34,56,194,210,22,16
22228,85,101,200,212,16,12
22229,104,118,223,234,14,11
22230,17,48,241,264,31,23
22231,23,47,296,314,24,18
22232,20,40,135,150,20,15
22233,31,49,83,96,18,13
22234,25,40,43,54,15,11
22235,49,64,26,38,15,12
22236,61,80,45,59,19,14
22237,85,100,20,31,15,11
22238,123,142,12,27,19,15
22239,164,181,26,40,17,14
22240,37,54,230,242,17,12
22241,27,44,160,174,17,14
22242,32,51,186,200,19,14
22243,41,56,121,131,15,10
22244,84,112,76,97,28,21
22245,136,160,86,104,24,18
22246,134,159,149,168,25,19
22247,166,201,95,121,35,26
22248,184,201,44,57,17,13
22249,173,190,155,168,17,13
22250,173,188,200,212,15,12
22251,165,186,294,310,21,16
22252,98,112,314,324,14,10
22253,38,58,299,314,20,15
22254,29,44,330,341,15,11
22255,14,29,280,292,15,12
22256,26,45,252,266,19,14
22257,12,26,228,239,14,11
22258,13,29,142,154,16,12
22259,16,37,95,111,21,16
22260,61,83,84,100,22,16
22261,25,41,22,34,16,12
22262,80,94,46,56,14,10
22263,103,124,153,169,21,16
22264,85,110,172,191,25,19
22265,59,79,128,143,20,15
22266,67,89,59,76,22,17
22267,95,115,78,93,20,15
22268,127,137,109,117,10,8
22269,141,150,177,184,9,7
22270,131,149,209,223,18,14
22271,165,185,160,174,20,14
22272,166,183,225,238,17,13
22273,63,79,280,292,16,12
22274,49,68,301,314,19,13
22275,30,45,238,249,15,11
22276,17,47,170,193,30,23
22277,24,43,112,126,19,14
22278,22,47,63,81,25,18
22279,41,68,20,40,27,20
22280,78,90,29,37,12,8
22281,102,117,29,40,15,11
22282,129,153,128,145,24,17
22283,161,200,273,302,39,29
22284,110,139,264,287,29,23
22285,96,117,298,314,21,16
22286,43,59,116,128,16,12
22287,54,78,51,69,24,18
22288,71,95,96,114,24,18
22289,71,96,140,159,25,19
22290,69,101,178,202,32,24
22291,36,63,229,249,27,20
22292,129,154,134,152,25,18
22293,61,76,258,270,15,12
22294,58,76,288,301,18,13
22295,87,102,204,215,15,11
22296,91,106,232,243,15,11
22297,92,105,154,164,13,10
22298,54,72,164,178,18,14
22299,32,48,190,202,16,12
22300,37,51,132,143,14,11
22301,51,68,90,102,17,12
22302,66,87,115,131,21,16
22303,56,78,42,59,22,17
22304,87,106,66,80,19,14
22305,116,130,92,103,14,11
22306,117,140,224,242,23,18
22307,142,165,195,212,23,17
22308,87,107,153,168,20,15
22309,73,88,191,202,15,11
22310,64,80,223,235,16,12
22311,97,112,197,208,15,11
22312,134,154,145,160,20,15
22313,162,186,109,126,24,17
22314,173,188,142,154,15,12
22315,166,181,192,203,15,11
22316,146,164,272,285,18,13
22317,177,193,258,270,16,12
22318,74,90,315,327,16,12
22319,39,58,290,305,19,15
22320,15,52,250,277,37,27
22321,17,49,168,193,32,25
22322,15,46,98,121,31,23
22323,54,74,61,76,20,15
22324,91,114,35,52,23,17
22325,98,112,180,191,14,11
22326,89,105,207,218,16,11
22327,129,148,198,212,19,14
22328,162,178,132,144,16,12
22329,172,186,165,175,14,10
22330,118,139,136,151,21,15
22331,147,166,84,98,19,14
22332,181,191,84,92,10,8
22333,183,201,115,128,18,13
22334,193,209,29,41,16,12
22335,34,54,93,108,20,15
22336,46,67,43,58,21,15
22337,75,85,98,106,10,8
22338,29,52,153,171,23,18
22339,18,46,189,210,28,21
22340,50,66,215,227,16,12
22341,19,34,268,279,15,11
22342,21,32,307,315,11,8
22343,43,56,269,279,13,10
22344,51,64,303,313,13,10
22345,74,95,261,277,21,16
22346,83,107,202,220,24,18
22347,139,170,70,94,31,24
22348,186,220,59,84,34,25
22349,85,113,16,37,28,21
22350,68,93,64,83,25,19
22351,39,58,94,108,19,14
22352,29,52,118,136,23,18
22353,23,45,182,199,22,17
22354,22,41,222,237,19,15
22355,24,51,258,279,27,21
22356,57,68,183,191,11,8
22357,105,129,197,215,24,18
22358,135,163,229,250,28,21
22359,153,188,264,291,35,27
22360,142,174,314,338,32,24
22361,63,85,253,269,22,16
22362,80,115,150,176,35,26
22363,92,118,181,200,26,19
22364,121,151,220,242,30,22
22365,105,133,283,304,28,21
22366,48,75,309,330,27,21
22367,17,44,259,279,27,20
22368,12,34,91,108,22,17
22369,42,73,35,58,31,23
22370,78,103,53,71,25,18
22371,120,148,133,154,28,21
22372,113,139,209,228,26,19
22373,153,174,234,250,21,16
22374,173,200,151,172,27,21
22375,66,84,174,187,18,13
22376,76,95,82,97,19,15
22377,98,117,108,123,19,15
22378,129,148,73,88,19,15
22379,160,185,281,300,25,19
22380,39,63,288,306,24,18
22381,81,100,156,170,19,14
22382,95,121,199,219,26,20
22383,117,144,234,254,27,20
22384,40,73,45,70,33,25
22385,27,58,121,144,31,23
22386,23,54,181,204,31,23
22387,44,65,246,261,21,15
22388,32,56,137,155,24,18
22389,25,41,165,177,16,12
22390,29,49,111,126,20,15
22391,34,58,63,81,24,18
22392,60,74,20,31,14,11
22393,99,120,11,27,21,16
22394,138,166,10,31,28,21
22395,147,179,51,75,32,24
22396,119,151,93,117,32,24
22397,93,108,133,144,15,11
22398,78,107,146,168,29,22
22399,141,172,152,176,31,24
22400,141,160,204,218,19,14
22401,137,168,275,298,31,23
22402,167,195,311,332,28,21
22403,199,215,242,255,16,13
22404,194,222,118,139,28,21
22405,195,221,171,191,26,20
22406,38,65,240,260,27,20
22407,48,78,276,299,30,23
22408,65,91,119,139,26,20
22409,99,129,47,70,30,23
22410,112,144,136,160,32,24
22411,35,49,172,182,14,10
22412,73,115,257,289,42,32
22413,104,130,296,315,26,19
22414,142,177,197,223,35,26
22415,31,59,16,37,28,21
22416,71,88,82,95,17,13
22417,50,83,120,145,33,25
22418,163,188,117,135,25,18
22419,134,162,19,40,28,21
22420,98,116,38,51,18,13
22421,114,133,108,122,19,14
22422,122,144,233,250,22,17
22423,129,152,175,192,23,17
22424,59,78,312,327,19,15
22425,134,162,299,320,28,21
22426,105,139,123,149,34,26
22427,138,164,67,86,26,19
22428,156,179,145,162,23,17
22429,26,54,246,267,28,21
22430,16,32,172,183,16,11
22431,17,44,114,134,27,20
22432,46,89,26,58,43,32
22433,124,155,16,39,31,23
22434,179,200,297,313,21,16
22435,61,87,335,355,26,20
22436,144,188,177,211,44,34
22437,109,129,247,262,20,15
22438,50,74,298,316,24,18
22439,56,81,192,211,25,19
22440,65,87,107,123,22,16
22441,31,55,236,254,24,18
22442,21,54,114,138,33,24
22443,59,99,45,75,40,30
22444,78,105,125,145,27,20
22445,56,80,307,325,24,18
22446,108,156,237,273,48,36
22447,122,151,288,310,29,22
22448,124,148,68,86,24,18
22449,94,110,216,228,16,12
22450,111,120,176,183,9,7
22451,120,129,217,224,9,7
22452,193,212,157,171,19,14
22453,197,210,287,297,13,10
22454,170,188,289,303,18,14
22455,191,217,229,248,26,19
22456,109,123,141,152,14,11
22457,143,166,39,57,23,18
22458,194,215,13,29,21,16
22459,7,34,102,122,27,20
22460,32,58,56,75,26,19
22461,58,79,119,135,21,16
22462,24,47,215,232,23,17
22463,26,51,157,176,25,19
22464,28,53,276,295,25,19
22465,46,65,308,322,19,14
22466,90,112,319,335,22,16
22467,168,198,56,79,30,23
22468,71,89,39,53,18,14
22469,34,50,19,31,16,12
22470,45,62,184,197,17,13
22471,32,58,232,252,26,20
22472,28,57,277,299,29,22
22473,12,44,140,163,32,23
22474,12,36,28,46,24,18
22475,80,105,10,29,25,19
22476,125,153,18,38,28,20
22477,134,163,57,79,29,22
22478,146,172,99,118,26,19
22479,176,205,53,75,29,22
22480,132,160,283,304,28,21
22481,121,159,218,246,38,28
22482,66,98,307,331,32,24
22483,165,194,310,332,29,22
22484,95,121,50,69,26,19
22485,122,158,313,339,36,26
22486,61,80,208,222,19,14
22487,71,90,181,195,19,14
22488,80,102,126,143,22,17
22489,28,56,106,126,28,20
22490,32,57,75,94,25,19
22491,1,23,219,236,22,17
22492,72,103,258,282,31,24
22493,63,83,223,238,20,15
22494,90,116,114,133,26,19
22495,120,138,198,212,18,14
22496,46,58,228,238,12,10
22497,56,71,114,125,15,11
22498,85,105,127,143,20,16
22499,29,52,143,160,23,17
22500,19,35,204,216,16,12
22501,87,100,204,214,13,10
22502,112,126,158,168,14,10
22503,132,146,188,199,14,11
22504,145,174,54,76,29,22
22505,183,217,274,300,34,26
22506,33,53,315,330,20,15
22507,120,137,201,214,17,13
22508,82,99,227,239,17,12
22509,68,80,263,272,12,9
22510,50,70,184,199,20,15
22511,63,80,131,144,17,13
22512,72,90,156,169,18,13
22513,103,115,136,145,12,9
22514,127,144,135,148,17,13
22515,44,70,58,77,26,19
22516,17,31,142,152,14,10
22517,11,35,196,214,24,18
22518,18,41,233,251,23,18
22519,113,145,297,321,32,24
22520,107,132,75,94,25,19
22521,102,132,133,155,30,22
22522,121,144,214,232,23,18
22523,82,109,259,279,27,20
22524,38,57,268,283,19,15
22525,12,28,195,207,16,12
22526,9,37,96,117,28,21
22527,34,61,47,67,27,20
22528,68,88,85,100,20,15
22529,135,161,219,238,26,19
22530,161,193,195,219,32,24
22531,179,200,166,182,21,16
22532,178,195,94,106,17,12
22533,103,117,136,147,14,11
22534,100,115,182,194,15,12
22535,83,104,244,259,21,15
22536,76,96,288,303,20,15
22537,112,123,308,316,11,8
22538,17,41,180,199,24,19
22539,12,43,81,104,31,23
22540,19,44,127,145,25,18
22541,12,58,11,46,46,35
22542,58,76,66,79,18,13
22543,14,52,212,241,38,29
22544,17,62,284,318,45,34
22545,168,198,285,307,30,22
22546,78,93,183,194,15,11
22547,105,144,58,87,39,29
22548,63,86,194,212,23,18
22549,77,105,131,152,28,21
22550,81,110,260,282,29,22
22551,119,146,286,306,27,20
22552,134,149,154,165,15,11
22553,144,160,197,209,16,12
22554,154,168,242,252,14,10
22555,182,202,140,155,20,15
22556,80,93,225,235,13,10
22557,67,89,307,324,22,17
22558,13,35,176,192,22,16
22559,198,237,285,315,39,30
22560,113,132,297,312,19,15
22561,57,77,160,174,20,14
22562,58,83,81,99,25,18
22563,36,51,231,242,15,11
22564,90,115,201,220,25,19
22565,113,132,137,150,19,13
22566,129,146,210,222,17,12
22567,84,105,55,71,21,16
22568,84,107,123,140,23,17
22569,84,101,171,184,17,13
22570,108,134,203,222,26,19
22571,154,173,116,130,19,14
22572,161,181,209,223,20,14
22573,149,174,267,286,25,19
22574,30,57,189,209,27,20
22575,29,45,143,155,16,12
22576,12,39,213,234,27,21
22577,70,95,224,243,25,19
22578,79,98,167,181,19,14
22579,61,81,227,242,20,15
22580,109,137,197,218,28,21
22581,111,130,115,129,19,14
22582,112,129,79,92,17,13
22583,155,176,106,122,21,16
22584,172,184,228,238,12,10
22585,83,100,222,234,17,12
22586,73,92,183,197,19,14
22587,48,68,114,129,20,15
22588,14,41,35,55,27,20
22589,16,32,247,259,16,12
22590,131,159,264,285,28,21
22591,120,146,122,142,26,20
22592,85,113,189,209,28,20
22593,85,125,67,98,40,31
22594,63,101,294,322,38,28
22595,24,41,245,259,17,14
22596,98,124,177,196,26,19
22597,80,115,211,237,35,26
22598,38,61,148,166,23,18
22599,107,137,125,147,30,22
22600,142,165,56,74,23,18
22601,42,65,21,38,23,17
22602,166,210,152,185,44,33
22603,127,144,198,210,17,12
22604,190,230,96,126,40,30
22605,180,195,168,179,15,11
22606,159,177,261,274,18,13
22607,93,109,275,287,16,12
22608,40,60,222,237,20,15
22609,45,62,170,183,17,13
22610,55,68,124,134,13,10
22611,71,85,84,94,14,10
22612,105,122,83,96,17,13
22613,116,136,213,228,20,15
22614,66,84,203,216,18,13
22615,122,141,164,178,19,14
22616,149,176,162,182,27,20
22617,154,173,193,207,19,14
22618,150,170,61,76,20,15
22619,63,82,56,71,19,15
22620,40,59,95,109,19,14
22621,24,36,145,154,12,9
22622,18,27,184,191,9,7
22623,19,40,217,233,21,16
22624,21,39,254,268,18,14
22625,37,54,280,293,17,13
22626,51,76,257,277,25,20
22627,49,66,301,314,17,13
22628,15,36,197,212,21,15
22629,26,46,145,161,20,16
22630,32,52,99,113,20,14
22631,46,73,49,69,27,20
22632,98,125,52,73,27,21
22633,122,154,147,171,32,24
22634,151,172,100,115,21,15
22635,159,176,45,59,17,14
22636,181,201,182,197,20,15
22637,109,128,289,303,19,14
22638,120,141,229,245,21,16
22639,73,85,200,209,12,9
22640,36,44,149,155,8,6
22641,40,69,73,95,29,22
22642,58,80,112,128,22,16
22643,110,129,58,72,19,14
22644,112,137,90,109,25,19
22645,147,161,111,121,14,10
22646,168,183,184,195,15,11
22647,61,96,232,258,35,26
22648,93,110,171,184,17,13
22649,171,201,178,201,30,23
22650,142,166,265,283,24,18
22651,114,134,7,22,20,15
22652,128,144,59,72,16,13
22653,24,47,171,188,23,17
22654,24,49,291,309,25,18
22655,115,138,194,212,23,18
22656,120,141,148,164,21,16
22657,63,84,142,157,21,15
22658,55,77,88,105,22,17
22659,62,81,63,78,19,15
22660,105,121,57,69,16,12
22661,133,157,57,75,24,18
22662,166,192,146,165,26,19
22663,183,202,183,197,19,14
22664,175,203,48,69,28,21
22665,80,90,236,244,10,8
22666,46,61,258,269,15,11
22667,34,44,290,298,10,8
22668,19,36,218,230,17,12
22669,25,40,164,175,15,11
22670,61,76,207,218,15,11
22671,80,101,164,180,21,16
22672,132,150,83,97,18,14
22673,139,152,130,140,13,10
22674,98,115,200,212,17,12
22675,83,101,130,144,18,14
22676,84,100,170,182,16,12
22677,46,58,203,213,12,10
22678,54,76,237,254,22,17
22679,66,89,276,293,23,17
22680,102,122,184,199,20,15
22681,44,63,78,93,19,15
22682,16,41,117,136,25,19
22683,13,29,160,172,16,12
22684,117,138,85,101,21,16
22685,139,159,137,152,20,15
22686,131,148,229,242,17,13
22687,108,122,252,262,14,10
22688,123,137,178,189,14,11
22689,126,139,202,212,13,10
22690,148,161,169,179,13,10
22691,147,173,103,122,26,19
22692,171,186,201,212,15,11
22693,135,154,243,257,19,14
22694,121,139,285,299,18,14
22695,25,46,289,305,21,16
22696,27,51,236,253,24,17
22697,36,56,186,200,20,14
22698,36,51,140,151,15,11
22699,24,51,73,93,27,20
22700,56,80,43,61,24,18
22701,63,83,95,110,20,15
22702,18,39,15,31,21,16
22703,74,101,15,35,27,20
22704,180,205,34,53,25,19
22705,189,217,80,102,28,22
22706,198,219,138,153,21,15
22707,176,193,238,250,17,12
22708,104,139,260,287,35,27
22709,109,137,251,272,28,21
22710,58,72,247,257,14,10
22711,71,89,150,164,18,14
22712,76,103,180,201,27,21
22713,56,86,227,250,30,23
22714,34,58,281,300,24,19
22715,143,161,244,257,18,13
22716,153,186,82,106,33,24
22717,125,142,70,82,17,12
22718,107,137,109,132,30,23
22719,116,138,157,173,22,16
22720,142,164,227,243,22,16
22721,142,165,207,224,23,17
22722,145,168,251,269,23,18
22723,139,160,146,162,21,16
22724,147,171,92,110,24,18
22725,11,38,39,59,27,20
22726,21,54,128,152,33,24
22727,127,170,318,350,43,32
22728,90,107,69,83,17,14
22729,93,112,74,89,19,15
22730,86,110,111,129,24,18
22731,56,68,220,230,12,10
22732,160,205,118,151,45,33
22733,114,122,187,193,8,6
22734,95,111,197,209,16,12
22735,38,54,139,151,16,12
22736,32,49,75,88,17,13
22737,67,85,56,70,18,14
22738,33,53,226,240,20,14
22739,49,64,186,198,15,12
22740,69,85,220,233,16,13
22741,50,76,256,275,26,19
22742,105,122,252,264,17,12
22743,146,169,226,243,23,17
22744,161,173,261,270,12,9
22745,159,189,301,323,30,22
22746,59,76,137,150,17,13
22747,71,95,66,84,24,18
22748,114,132,47,60,18,13
22749,121,146,118,137,25,19
22750,128,149,169,185,21,16
22751,32,52,173,189,20,16
22752,20,40,235,250,20,15
22753,24,48,281,299,24,18
22754,51,63,308,318,12,10
22755,107,126,283,297,19,14
22756,127,136,267,274,9,7
22757,114,122,285,291,8,6
22758,87,96,312,319,9,7
22759,122,129,319,324,7,5
22760,71,82,235,243,11,8
22761,54,63,201,208,9,7
22762,35,43,160,166,8,6
22763,23,29,189,194,6,5
22764,13,19,130,135,6,5
22765,24,35,94,102,11,8
22766,43,52,63,70,9,7
22767,46,59,126,136,13,10
22768,66,75,104,111,9,7
22769,73,80,149,155,7,6
22770,82,87,38,42,5,4
22771,151,164,47,56,13,9
22772,168,181,75,84,13,9
22773,180,196,123,135,16,12
22774,194,209,183,194,15,11
22775,203,217,225,235,14,10
22776,205,215,262,270,10,8
22777,149,159,262,269,10,7
22778,98,110,228,237,12,9
22779,40,51,286,295,11,9
22780,24,34,333,341,10,8
22781,14,24,269,277,10,8
22782,120,135,223,235,15,12
22783,104,133,165,187,29,22
22784,124,145,131,146,21,15
22785,85,98,76,86,13,10
22786,85,96,120,128,11,8
22787,79,97,172,186,18,14
22788,124,134,129,137,10,8
22789,133,149,44,56,16,12
22790,157,171,102,112,14,10
22791,151,164,181,191,13,10
22792,147,162,234,246,15,12
22793,25,49,236,253,24,17
22794,114,143,108,130,29,22
22795,101,120,112,126,19,14
22796,79,97,120,133,18,13
22797,127,156,178,200,29,22
22798,153,173,228,243,20,15
22799,171,197,205,224,26,19
22800,176,210,153,179,34,26
22801,156,201,88,122,45,34
22802,142,159,108,121,17,13
22803,120,146,113,132,26,19
22804,66,82,120,133,16,13
22805,56,69,138,148,13,10
22806,52,71,156,171,19,15
22807,29,52,81,98,23,17
22808,34,55,50,66,21,16
22809,29,56,20,40,27,20
22810,40,45,209,213,5,4
22811,45,56,255,263,11,8
22812,39,56,282,295,17,13
22813,78,106,283,305,28,22
22814,44,60,173,185,16,12
22815,72,107,116,143,35,27
22816,114,142,105,126,28,21
22817,120,139,173,188,19,15
22818,68,85,286,298,17,12
22819,151,177,264,283,26,19
22820,118,134,277,289,16,12
22821,84,90,204,208,6,4
22822,117,140,193,210,23,17
22823,140,152,175,184,12,9
22824,152,173,126,141,21,15
22825,19,36,275,287,17,12
22826,8,24,230,242,16,12
22827,12,34,157,174,22,17
22828,19,34,112,124,15,12
22829,36,50,75,86,14,11
22830,82,95,73,83,13,10
22831,122,136,69,79,14,10
22832,146,167,44,60,21,16
22833,188,197,133,140,9,7
22834,203,214,114,123,11,9
22835,125,156,207,230,31,23
22836,129,157,145,165,28,20
22837,69,88,244,258,19,14
22838,54,73,288,302,19,14
22839,53,68,190,202,15,12
22840,58,74,150,162,16,12
22841,53,72,96,110,19,14
22842,64,80,62,73,16,11
22843,65,82,26,39,17,13
22844,176,203,27,47,27,20
22845,188,212,87,105,24,18
22846,180,228,180,216,48,36
22847,183,195,252,261,12,9
22848,172,198,273,293,26,20
22849,123,150,291,311,27,20
22850,23,49,235,255,26,20
22851,9,30,187,203,21,16
22852,12,32,130,145,20,15
22853,8,33,80,99,25,19
22854,49,75,88,107,26,19
22855,75,95,147,163,20,16
22856,85,108,180,198,23,18
22857,121,137,228,240,16,12
22858,146,173,257,277,27,20
22859,112,124,139,147,12,8
22860,124,143,103,117,19,14
22861,165,187,128,145,22,17
22862,204,226,211,228,22,17
22863,198,215,154,166,17,12
22864,71,102,13,37,31,24
22865,144,168,289,307,24,18
22866,188,206,292,306,18,14
22867,22,39,322,334,17,12
22868,60,73,108,117,13,9
22869,80,105,128,146,25,18
22870,100,120,178,193,20,15
22871,110,134,225,244,24,19
22872,150,164,140,151,14,11
22873,155,178,86,103,23,17
22874,192,225,39,64,33,25
22875,198,220,196,212,22,16
22876,155,175,300,315,20,15
22877,94,115,322,337,21,15
22878,47,72,268,286,25,18
22879,21,44,229,246,23,17
22880,12,29,166,179,17,13
22881,5,26,85,100,21,15
22882,16,36,55,70,20,15
22883,172,195,236,253,23,17
22884,94,104,175,183,10,8
22885,107,119,140,150,12,10
22886,120,141,180,195,21,15
22887,139,157,126,139,18,13
22888,150,161,71,79,11,8
22889,173,190,107,120,17,13
22890,164,183,195,210,19,15
22891,150,170,262,277,20,15
22892,70,80,311,319,10,8
22893,22,39,243,256,17,13
22894,4,29,188,207,25,19
22895,10,24,148,158,14,10
22896,16,41,78,97,25,19
22897,61,77,52,65,16,13
22898,83,94,200,208,11,8
22899,86,100,157,167,14,10
22900,76,88,102,111,12,9
22901,129,146,101,113,17,12
22902,166,187,31,47,21,16
22903,169,195,85,104,26,19
22904,165,176,162,170,11,8
22905,175,186,214,222,11,8
22906,167,184,261,274,17,13
22907,39,49,291,298,10,7
22908,66,88,290,306,22,16
22909,81,100,239,254,19,15
22910,102,117,203,214,15,11
22911,118,136,175,189,18,14
22912,138,156,134,148,18,14
22913,159,185,71,91,26,20
22914,180,195,127,139,15,12
22915,175,193,165,179,18,14
22916,164,179,216,227,15,11
22917,133,154,261,277,21,16
22918,105,116,310,318,11,8
22919,120,135,226,238,15,12
22920,92,111,141,155,19,14
22921,100,126,99,118,26,19
22922,64,78,85,95,14,10
22923,112,122,89,96,10,7
22924,108,125,56,69,17,13
22925,139,154,97,108,15,11
22926,149,168,148,163,19,15
22927,181,200,97,111,19,14
22928,186,207,191,207,21,16
22929,190,212,236,253,22,17
22930,36,59,298,316,23,18
22931,28,54,254,273,26,19
22932,24,51,200,221,27,21
22933,19,39,156,170,20,14
22934,14,41,102,122,27,20
22935,72,98,111,130,26,19
22936,21,44,43,61,23,18
22937,47,95,9,44,48,35
22938,105,146,11,42,41,31
22939,164,188,53,71,24,18
22940,177,213,114,141,36,27
22941,141,166,121,140,25,19
22942,26,49,266,283,23,17
22943,56,68,67,76,12,9
22944,61,79,103,116,18,13
22945,91,105,77,87,14,10
22946,118,135,102,115,17,13
22947,113,139,154,173,26,19
22948,118,132,194,205,14,11
22949,94,107,224,234,13,10
22950,88,106,262,275,18,13
22951,75,102,309,329,27,20
22952,122,141,311,325,19,14
22953,149,176,275,296,27,21
22954,178,203,249,267,25,18
22955,205,217,218,227,12,9
22956,166,179,217,227,13,10
22957,162,191,145,167,29,22
22958,175,202,92,113,27,21
22959,33,56,222,240,23,18
22960,22,39,276,288,17,12
22961,109,133,275,293,24,18
22962,134,161,252,271,27,19
22963,164,183,207,221,19,14
22964,162,174,148,157,12,9
22965,77,93,238,249,16,11
22966,53,71,275,289,18,14
22967,37,53,150,161,16,11
22968,49,71,82,98,22,16
22969,76,102,53,73,26,20
22970,127,147,55,70,20,15
22971,168,189,61,77,21,16
22972,183,199,103,115,16,12
22973,181,218,113,141,37,28
22974,129,147,259,272,18,13
22975,150,172,217,233,22,16
22976,135,159,107,125,24,18
22977,128,146,138,152,18,14
22978,80,100,237,252,20,15
22979,91,110,298,312,19,14
22980,144,164,299,315,20,16
22981,173,196,283,300,23,17
22982,183,196,243,253,13,10
22983,190,219,168,190,29,22
22984,167,198,80,103,31,23
22985,80,102,96,112,22,16
22986,86,109,130,147,23,17
22987,17,34,185,198,17,13
22988,18,46,279,300,28,21
22989,20,40,237,252,20,15
22990,120,147,258,279,27,21
22991,162,200,327,356,38,29
22992,170,195,197,216,25,19
22993,168,194,137,156,26,19
22994,96,119,188,205,23,17
22995,67,98,114,138,31,24
22996,38,61,185,202,23,17
22997,16,43,275,295,27,20
22998,44,63,243,257,19,14
22999,64,86,267,283,22,16
23000,79,98,212,226,19,14
23001,129,154,191,209,25,18
23002,130,142,144,153,12,9
23003,145,169,91,109,24,18
23004,173,212,53,82,39,29
23005,70,85,32,43,15,11
23006,34,61,64,84,27,20
23007,198,221,266,283,23,17
23008,58,80,171,187,22,16
23009,48,58,245,252,10,7
23010,39,60,299,315,21,16
23011,38,61,336,353,23,17
23012,97,112,325,337,15,12
23013,105,124,224,239,19,15
23014,117,133,154,166,16,12
23015,124,143,86,100,19,14
23016,132,145,114,124,13,10
23017,90,105,57,68,15,11
23018,83,110,9,29,27,20
23019,142,166,16,34,24,18
23020,149,183,41,67,34,26
23021,178,195,78,90,17,12
23022,179,193,109,120,14,11
23023,138,159,234,250,21,16
23024,125,156,279,303,31,24
23025,108,122,258,269,14,11
23026,72,91,209,224,19,15
23027,64,85,156,172,21,16
23028,29,45,104,115,16,11
23029,58,76,97,110,18,13
23030,39,52,48,58,13,10
23031,54,73,11,25,19,14
23032,80,102,67,84,22,17
23033,137,164,179,199,27,20
23034,162,206,239,272,44,33
23035,174,205,104,128,31,24
23036,54,77,297,314,23,17
23037,19,45,253,272,26,19
23038,95,107,211,220,12,9
23039,97,112,234,246,15,12
23040,122,132,207,215,10,8
23041,142,165,173,190,23,17
23042,165,185,130,145,20,15
23043,185,200,174,185,15,11
23044,179,196,212,224,17,12
23045,173,196,242,260,23,18
23046,124,142,268,282,18,14
23047,58,90,287,310,32,23
23048,30,49,256,270,19,14
23049,17,32,121,133,15,12
23050,34,51,50,64,17,14
23051,115,164,161,198,49,37
23052,121,164,318,351,43,33
23053,129,153,77,94,24,17
23054,100,124,127,145,24,18
23055,66,90,174,192,24,18
23056,32,47,223,235,15,12
23057,21,44,127,144,23,17
23058,28,49,51,67,21,16
23059,49,80,77,100,31,23
23060,83,100,40,53,17,13
23061,40,66,288,307,26,19
23062,7,29,304,320,22,16
23063,16,29,269,278,13,9
23064,9,27,169,182,18,13
23065,164,190,171,191,26,20
23066,185,205,223,239,20,16
23067,194,218,285,303,24,18
23068,58,68,232,240,10,8
23069,95,122,71,92,27,21
23070,62,91,99,120,29,21
23071,51,63,156,165,12,9
23072,58,98,217,246,40,29
23073,100,118,200,214,18,14
23074,117,154,152,179,37,27
23075,64,78,214,224,14,10
23076,78,98,166,181,20,15
23077,97,115,193,207,18,14
23078,113,137,109,126,24,17
23079,71,90,80,94,19,14
23080,29,44,176,187,15,11
23081,140,166,119,139,26,20
23082,145,168,172,190,23,18
23083,129,161,232,256,32,24
23084,38,58,223,238,20,15
23085,50,66,181,194,16,13
23086,60,75,147,158,15,11
23087,59,66,113,118,7,5
23088,70,99,75,97,29,22
23089,108,122,165,175,14,10
23090,75,84,150,157,9,7
23091,84,101,237,249,17,12
23092,73,89,279,292,16,13
23093,12,29,308,320,17,12
23094,14,29,254,265,15,11
23095,18,36,205,219,18,14
23096,17,28,150,158,11,8
23097,19,43,85,103,24,18
23098,45,55,44,51,10,7
23099,55,76,117,132,21,15
23100,77,105,81,101,28,20
23101,131,161,108,131,30,23
23102,198,222,121,139,24,18
23103,210,225,199,210,15,11
23104,165,190,224,242,25,18
23105,108,149,263,294,41,31
23106,63,84,119,134,21,15
23107,59,80,157,173,21,16
23108,39,55,42,54,16,12
23109,32,49,106,119,17,13
23110,58,76,123,136,18,13
23111,93,119,69,88,26,19
23112,113,139,132,151,26,19
23113,119,144,173,192,25,19
23114,105,123,232,246,18,14
23115,38,58,212,228,20,16
23116,33,46,251,261,13,10
23117,117,133,287,299,16,12
23118,120,126,246,251,6,5
23119,124,144,203,217,20,14
23120,144,168,239,257,24,18
23121,157,176,144,158,19,14
23122,71,95,153,171,24,18
23123,58,76,182,195,18,13
23124,49,61,206,216,12,10
23125,24,41,244,256,17,12
23126,27,48,278,293,21,15
23127,54,68,300,312,14,12
23128,88,115,291,311,27,20
23129,80,94,247,257,14,10
23130,61,80,176,191,19,15
23131,46,63,149,162,17,13
23132,90,103,128,138,13,10
23133,122,138,115,127,16,12
23134,101,127,252,271,26,19
23135,115,141,152,172,26,20
23136,99,112,241,251,13,10
23137,114,131,263,276,17,13
23138,166,200,88,114,34,26
23139,144,181,227,255,37,28
23140,181,202,200,215,21,15
23141,83,100,122,135,17,13
23142,54,73,58,73,19,15
23143,106,120,264,274,14,10
23144,121,144,213,230,23,17
23145,157,198,257,288,41,31
23146,77,107,313,335,30,22
23147,122,175,277,317,53,40
23148,70,95,197,216,25,19
23149,89,127,155,183,38,28
23150,136,164,134,156,28,22
23151,144,161,244,256,17,12
23152,151,158,267,272,7,5
23153,112,123,280,288,11,8
23154,83,88,213,217,5,4
23155,74,93,236,250,19,14
23156,100,112,227,236,12,9
23157,154,168,211,222,14,11
23158,182,195,205,215,13,10
23159,192,206,123,134,14,11
23160,200,215,162,173,15,11
23161,159,172,100,110,13,10
23162,172,187,74,85,15,11
23163,122,159,114,142,37,28
23164,44,56,224,233,12,9
23165,28,44,137,150,16,13
23166,32,49,76,89,17,13
23167,53,71,102,115,18,13
23168,66,98,42,66,32,24
23169,69,85,163,175,16,12
23170,36,49,289,298,13,9
23171,34,49,326,337,15,11
23172,67,85,175,188,18,13
23173,52,67,221,232,15,11
23174,34,53,239,253,19,14
23175,7,29,189,206,22,17
23176,7,29,128,144,22,16
23177,14,36,83,99,22,16
23178,34,56,46,62,22,16
23179,76,102,41,60,26,19
23180,128,159,49,72,31,23
23181,153,170,89,102,17,13
23182,150,177,138,158,27,20
23183,154,183,171,192,29,21
23184,131,161,240,263,30,23
23185,99,119,263,278,20,15
23186,54,91,272,300,37,28
23187,98,120,100,117,22,17
23188,120,140,133,148,20,15
23189,46,68,166,183,22,17
23190,22,45,228,245,23,17
23191,32,51,271,285,19,14
23192,45,58,307,318,13,11
23193,39,56,79,92,17,13
23194,58,64,61,66,6,5
23195,95,102,51,57,7,6
23196,105,117,25,34,12,9
23197,127,152,56,75,25,19
23198,153,168,97,109,15,12
23199,172,197,131,149,25,18
23200,83,116,215,240,33,25
23201,115,139,186,204,24,18
23202,135,173,130,158,38,28
23203,155,175,96,111,20,15
23204,103,120,108,121,17,13
23205,85,103,129,142,18,13
23206,56,73,104,117,17,13
23207,32,47,168,180,15,12
23208,32,56,301,319,24,18
23209,80,101,307,322,21,15
23210,41,54,271,281,13,10
23211,24,47,210,227,23,17
23212,104,117,304,314,13,10
23213,124,142,143,157,18,14
23214,134,150,213,225,16,12
23215,149,164,284,295,15,11
23216,159,176,141,154,17,13
23217,168,183,90,102,15,12
23218,129,146,56,68,17,12
23219,144,168,30,48,24,18
23220,78,93,115,125,15,10
23221,54,78,149,167,24,18
23222,49,61,198,208,12,10
23223,36,59,227,245,23,18
23224,28,56,262,282,28,20
23225,40,59,283,297,19,14
23226,91,105,249,259,14,10
23227,97,113,274,287,16,13
23228,117,139,248,265,22,17
23229,160,179,249,263,19,14
23230,183,207,270,287,24,17
23231,199,221,299,315,22,16
23232,24,39,63,75,15,12
23233,80,95,82,93,15,11
23234,63,94,137,160,31,23
23235,63,80,187,199,17,12
23236,48,71,220,237,23,17
23237,46,61,272,283,15,11
23238,25,49,157,175,24,18
23239,28,44,103,115,16,12
23240,100,120,108,123,20,15
23241,124,162,66,94,38,28
23242,170,195,113,132,25,19
23243,183,208,37,56,25,19
23244,198,217,148,162,19,14
23245,200,222,202,219,22,17
23246,200,224,259,278,24,19
23247,95,112,293,305,17,12
23248,76,100,233,252,24,19
23249,55,79,303,321,24,18
23250,13,43,235,257,30,22
23251,19,37,41,54,18,13
23252,73,98,139,158,25,19
23253,93,112,187,202,19,15
23254,114,139,107,125,25,18
23255,133,162,175,196,29,21
23256,151,174,221,239,23,18
23257,96,111,240,251,15,11
23258,133,161,281,302,28,21
23259,159,189,307,330,30,23
23260,48,69,238,254,21,16
23261,27,53,188,207,26,19
23262,13,35,141,157,22,16
23263,24,52,88,110,28,22
23264,49,77,63,84,28,21
23265,127,153,69,88,26,19
23266,159,185,29,48,26,19
23267,181,210,112,133,29,21
23268,193,211,149,163,18,14
23269,182,200,190,203,18,13
23270,186,205,255,270,19,15
23271,135,164,213,234,29,21
23272,157,189,159,183,32,24
23273,107,139,267,291,32,24
23274,70,98,250,270,28,20
23275,57,88,201,225,31,24
23276,36,69,144,169,33,25
23277,46,68,101,118,22,17
23278,56,78,57,73,22,16
23279,89,127,26,55,38,29
23280,157,185,32,53,28,21
23281,80,123,56,88,43,32
23282,54,73,73,87,19,14
23283,60,85,136,154,25,18
23284,111,145,136,161,34,25
23285,150,186,175,202,36,27
23286,158,179,232,248,21,16
23287,160,181,290,306,21,16
23288,46,68,251,267,22,16
23289,114,142,181,201,28,20
23290,134,158,225,243,24,18
23291,166,188,132,148,22,16
23292,98,120,112,129,22,17
23293,55,73,120,134,18,14
23294,43,58,162,174,15,12
23295,26,42,196,208,16,12
23296,16,32,231,243,16,12
23297,7,27,92,107,20,15
23298,14,35,49,65,21,16
23299,54,80,37,56,26,19
23300,90,112,65,82,22,17
23301,180,205,33,52,25,19
23302,205,225,81,96,20,15
23303,195,210,178,190,15,12
23304,171,200,274,296,29,22
23305,84,98,270,280,14,10
23306,40,55,307,318,15,11
23307,68,97,325,347,29,22
23308,27,42,156,168,15,12
23309,26,51,209,228,25,19
23310,67,91,161,179,24,18
23311,117,151,166,192,34,26
23312,116,142,126,146,26,20
23313,100,124,75,93,24,18
23314,148,171,70,88,23,18
23315,168,192,115,133,24,18
23316,187,213,161,181,26,20
23317,190,222,215,239,32,24
23318,184,212,253,274,28,21
23319,187,203,287,299,16,12
23320,97,124,247,267,27,20
23321,88,100,200,209,12,9
23322,131,158,204,225,27,21
23323,31,47,78,90,16,12
23324,29,53,25,42,24,17
23325,17,40,104,121,23,17
23326,55,73,77,90,18,13
23327,41,80,188,217,39,29
23328,73,110,261,288,37,27
23329,114,143,175,197,29,22
23330,122,163,270,300,41,30
23331,148,175,122,142,27,20
23332,144,173,93,114,29,21
23333,167,186,159,173,19,14
23334,144,178,248,274,34,26
23335,112,135,209,226,23,17
23336,78,111,262,287,33,25
23337,40,66,308,327,26,19
23338,44,68,155,173,24,18
23339,50,76,204,223,26,19
23340,56,72,96,108,16,12
23341,85,113,127,149,28,22
23342,71,88,56,69,17,13
23343,41,62,19,35,21,16
23344,178,209,27,50,31,23
23345,207,228,77,93,21,16
23346,205,227,147,163,22,16
23347,203,217,221,232,14,11
23348,90,122,89,112,32,23
23349,87,104,166,179,17,13
23350,91,110,219,233,19,14
23351,117,134,169,182,17,13
23352,136,163,229,249,27,20
23353,156,178,274,291,22,17
23354,135,148,316,326,13,10
23355,43,58,229,240,15,11
23356,29,44,188,199,15,11
23357,12,29,149,162,17,13
23358,10,26,116,127,16,11
23359,6,19,51,61,13,10
23360,6,26,13,28,20,15
23361,44,62,14,28,18,14
23362,125,144,23,37,19,14
23363,147,171,58,76,24,18
23364,166,192,136,156,26,20
23365,163,183,98,114,20,16
23366,179,194,194,205,15,11
23367,172,197,314,332,25,18
23368,8,34,294,314,26,20
23369,56,80,197,214,24,17
23370,68,86,240,253,18,13
23371,99,115,198,210,16,12
23372,119,142,258,275,23,17
23373,132,158,298,318,26,20
23374,143,165,181,197,22,16
23375,36,63,134,154,27,20
23376,32,49,81,94,17,13
23377,42,73,33,56,31,23
23378,109,138,28,50,29,22
23379,43,67,300,318,24,18
23380,162,181,240,254,19,14
23381,64,80,144,156,16,12
23382,82,105,112,129,23,17
23383,67,101,73,98,34,25
23384,101,117,196,208,16,12
23385,113,149,259,286,36,27
23386,133,144,159,167,11,8
23387,137,164,98,119,27,21
23388,139,162,33,50,23,17
23389,61,73,203,212,12,9
23390,71,87,235,247,16,12
23391,105,122,327,339,17,12
23392,161,182,308,324,21,16
23393,174,198,236,254,24,18
23394,177,199,177,194,22,17
23395,5,29,55,73,24,18
23396,78,99,166,182,21,16
23397,71,105,146,171,34,25
23398,93,135,232,264,42,32
23399,107,125,283,297,18,14
23400,133,154,165,181,21,16
23401,159,181,238,255,22,17
23402,160,186,305,324,26,19
23403,157,171,130,140,14,10
23404,44,63,128,142,19,14
23405,19,34,279,291,15,12
23406,28,51,314,331,23,17
23407,14,30,253,265,16,12
23408,12,29,220,232,17,12
23409,39,53,187,197,14,10
23410,44,58,145,155,14,10
23411,55,78,96,113,23,17
23412,82,101,125,139,19,14
23413,101,124,83,100,23,17
23414,116,139,149,167,23,18
23415,117,133,197,208,16,11
23416,126,148,230,247,22,17
23417,142,155,270,280,13,10
23418,190,215,113,131,25,18
23419,142,166,68,86,24,18
23420,169,195,174,194,26,20
23421,181,210,246,267,29,21
23422,176,196,300,315,20,15
23423,32,51,36,51,19,15
23424,61,80,299,314,19,15
23425,36,54,252,265,18,13
23426,32,45,208,218,13,10
23427,32,62,144,166,30,22
23428,37,58,94,110,21,16
23429,22,48,46,65,26,19
23430,50,73,26,44,23,18
23431,81,98,69,82,17,13
23432,88,100,102,111,12,9
23433,100,127,128,149,27,21
23434,127,159,160,184,32,24
23435,150,176,111,130,26,19
23436,190,207,132,144,17,12
23437,198,215,200,213,17,13
23438,189,212,266,283,23,17
23439,141,155,314,325,14,11
23440,134,154,272,287,20,15
23441,148,176,226,247,28,21
23442,149,173,180,198,24,18
23443,176,208,163,187,32,24
23444,188,213,63,82,25,19
23445,105,114,81,88,9,7
23446,113,133,130,145,20,15
23447,112,145,213,238,33,25
23448,102,117,303,314,15,11
23449,142,157,258,270,15,12
23450,168,186,161,175,18,14
23451,175,194,64,78,19,14
23452,185,210,101,121,25,20
23453,163,182,257,271,19,14
23454,44,58,269,279,14,10
23455,22,34,196,205,12,9
23456,15,39,142,159,24,17
23457,29,42,118,128,13,10
23458,32,44,81,90,12,9
23459,27,47,18,33,20,15
23460,68,104,5,32,36,27
23461,70,93,212,230,23,18
23462,107,118,141,149,11,8
23463,114,128,204,214,14,10
23464,132,154,158,175,22,17
23465,162,184,202,219,22,17
23466,193,208,251,262,15,11
23467,169,195,301,321,26,20
23468,144,158,272,283,14,11
23469,148,176,90,112,28,22
23470,33,49,109,120,16,11
23471,18,38,57,72,20,15
23472,14,37,180,198,23,18
23473,28,50,255,271,22,16
23474,29,48,317,331,19,14
23475,95,114,107,122,19,15
23476,23,39,71,84,16,13
23477,28,57,13,35,29,22
23478,175,195,87,102,20,15
23479,113,127,150,160,14,10
23480,41,51,230,238,10,8
23481,29,48,160,174,19,14
23482,36,58,88,105,22,17
23483,83,100,95,107,17,12
23484,88,104,52,65,16,13
23485,90,112,11,27,22,16
23486,122,142,61,76,20,15
23487,144,164,125,141,20,16
23488,127,151,229,247,24,18
23489,144,172,286,307,28,21
23490,191,216,295,314,25,19
23491,93,119,274,293,26,19
23492,107,130,208,225,23,17
23493,165,192,190,210,27,20
23494,183,203,125,139,20,14
23495,181,208,62,82,27,20
23496,204,220,238,250,16,12
23497,204,228,289,307,24,18
23498,183,196,321,331,13,10
23499,42,57,268,279,15,11
23500,34,56,197,214,22,17
23501,40,58,149,163,18,14
23502,50,64,101,112,14,11
23503,30,58,47,68,28,21
23504,28,40,79,88,12,9
23505,68,87,19,33,19,14
23506,118,146,6,27,28,21
23507,91,114,128,145,23,17
23508,83,109,165,184,26,19
23509,23,43,323,338,20,15
23510,51,68,300,313,17,13
23511,11,28,248,261,17,13
23512,11,22,201,210,11,9
23513,8,26,165,178,18,13
23514,10,24,133,144,14,11
23515,137,186,122,158,49,36
23516,89,107,202,216,18,14
23517,89,114,156,174,25,18
23518,111,132,212,227,21,15
23519,162,174,215,224,12,9
23520,167,184,247,260,17,13
23521,81,98,127,139,17,12
23522,51,64,82,93,13,11
23523,29,46,131,144,17,13
23524,25,36,188,197,11,9
23525,19,34,236,248,15,12
23526,24,36,274,283,12,9
23527,5,20,313,324,15,11
23528,106,121,277,288,15,11
23529,187,206,217,232,19,15
23530,198,221,164,181,23,17
23531,188,215,67,87,27,20
23532,127,139,87,96,12,9
23533,140,159,24,38,19,14
23534,49,68,30,44,19,14
23535,161,203,278,310,42,32
23536,94,104,149,157,10,8
23537,122,144,148,164,22,16
23538,140,147,91,96,7,5
23539,147,170,114,132,23,18
23540,129,148,193,207,19,14
23541,44,71,211,232,27,21
23542,44,53,176,183,9,7
23543,43,54,119,127,11,8
23544,50,70,69,84,20,15
23545,38,53,32,43,15,11
23546,40,76,264,291,36,27
23547,92,118,256,275,26,19
23548,136,158,257,273,22,16
23549,173,187,231,242,14,11
23550,126,151,121,140,25,19
23551,98,142,194,227,44,33
23552,71,98,40,61,27,21
23553,48,76,84,104,28,20
23554,34,63,141,163,29,22
23555,38,65,187,207,27,20
23556,96,123,238,259,27,21
23557,104,139,186,212,35,26
23558,146,162,238,250,16,12
23559,40,54,235,245,14,10
23560,56,76,217,233,20,16
23561,78,93,194,205,15,11
23562,71,99,157,178,28,21
23563,83,115,89,113,32,24
23564,141,157,105,117,16,12
23565,153,193,144,174,40,30
23566,71,91,246,261,20,15
23567,49,70,291,306,21,15
23568,93,121,285,306,28,21
23569,27,50,227,244,23,17
23570,124,145,76,92,21,16
23571,108,132,137,155,24,18
23572,97,115,176,189,18,13
23573,39,58,142,156,19,14
23574,36,54,184,198,18,14
23575,54,76,86,102,22,16
23576,90,112,92,108,22,16
23577,76,96,32,47,20,15
23578,168,185,59,72,17,13
23579,179,209,115,138,30,23
23580,184,210,171,190,26,19
23581,139,173,212,238,34,26
23582,172,190,271,285,18,14
23583,186,208,296,313,22,17
23584,198,211,244,254,13,10
23585,125,140,246,257,15,11
23586,98,120,198,214,22,16
23587,123,146,175,192,23,17
23588,51,68,222,234,17,12
23589,68,83,180,191,15,11
23590,123,151,61,82,28,21
23591,120,147,165,186,27,21
23592,127,171,243,276,44,33
23593,173,201,173,195,28,22
23594,129,159,208,230,30,22
23595,146,175,149,171,29,22
23596,203,236,223,248,33,25
23597,103,125,270,287,22,17
23598,107,127,210,225,20,15
23599,109,130,163,179,21,16
23600,136,156,215,230,20,15
23601,120,145,102,121,25,19
23602,59,78,157,170,19,13
23603,78,90,110,119,12,9
23604,95,118,69,86,23,17
23605,132,153,66,81,21,15
23606,122,153,143,166,31,23
23607,127,154,185,205,27,20
23608,160,190,142,164,30,22
23609,176,202,215,234,26,19
23610,173,198,249,268,25,19
23611,88,108,236,251,20,15
23612,82,101,187,202,19,15
23613,41,66,107,125,25,18
23614,39,69,56,78,30,22
23615,64,100,13,40,36,27
23616,120,160,7,36,40,29
23617,169,193,48,66,24,18
23618,183,207,93,111,24,18
23619,134,154,102,117,20,15
23620,142,163,234,250,21,16
23621,156,181,315,334,25,19
23622,104,121,298,310,17,12
23623,122,140,225,239,18,14
23624,139,161,174,190,22,16
23625,155,176,134,149,21,15
23626,188,203,150,162,15,12
23627,195,210,173,185,15,12
23628,191,205,222,232,14,10
23629,138,153,274,285,15,11
23630,68,82,267,277,14,10
23631,65,82,232,244,17,12
23632,74,89,208,219,15,11
23633,84,105,184,200,21,16
23634,78,89,169,178,11,9
23635,74,90,138,149,16,11
23636,103,115,133,142,12,9
23637,121,140,146,160,19,14
23638,139,149,127,135,10,8
23639,149,168,108,121,19,13
23640,168,181,75,85,13,10
23641,111,120,261,268,9,7
23642,106,129,266,284,23,18
23643,120,140,225,240,20,15
23644,132,146,185,196,14,11
23645,81,99,149,162,18,13
23646,85,101,91,104,16,13
23647,110,134,108,126,24,18
23648,145,171,138,157,26,19
23649,175,194,200,215,19,15
23650,138,166,249,270,28,21
23651,110,129,239,253,19,14
23652,89,105,140,153,16,13
23653,121,133,145,154,12,9
23654,137,152,90,102,15,12
23655,159,181,119,135,22,16
23656,181,195,73,83,14,10
23657,51,57,86,91,6,5
23658,7,22,113,124,15,11
23659,10,24,150,161,14,11
23660,18,32,191,201,14,10
23661,32,41,161,168,9,7
23662,41,61,186,201,20,15
23663,56,68,215,224,12,9
23664,54,68,237,249,14,12
23665,41,55,262,273,14,11
23666,20,23,282,284,3,2
23667,19,29,311,318,10,7
23668,12,22,228,235,10,7
23669,83,97,215,225,14,10
23670,88,99,208,216,11,8
23671,85,99,175,185,14,10
23672,109,121,161,170,12,9
23673,121,134,185,194,13,9
23674,93,104,107,116,11,9
23675,116,127,111,119,11,8
23676,102,117,64,75,15,11
23677,151,172,75,91,21,16
23678,188,202,80,91,14,11
23679,185,200,41,52,15,11
23680,196,211,111,122,15,11
23681,210,222,82,90,12,8
23682,190,218,271,292,28,21
23683,183,197,296,306,14,10
23684,120,139,230,244,19,14
23685,33,46,234,244,13,10
23686,12,22,202,210,10,8
23687,17,27,172,180,10,8
23688,17,35,137,151,18,14
23689,10,31,100,115,21,15
23690,7,25,75,88,18,13
23691,12,27,50,61,15,11
23692,46,59,149,158,13,9
23693,15,30,221,232,15,11
23694,10,41,271,294,31,23
23695,53,62,269,275,9,6
23696,58,63,206,209,5,3
23697,139,170,101,124,31,23
23698,161,192,146,169,31,23
23699,121,152,282,306,31,24
23700,152,170,260,274,18,14
23701,158,178,206,221,20,15
23702,90,107,204,217,17,13
23703,71,86,246,258,15,12
23704,68,88,315,330,20,15
23705,112,128,165,177,16,12
23706,128,140,195,204,12,9
23707,137,154,156,168,17,12
23708,117,134,106,119,17,13
23709,131,142,69,78,11,9
23710,68,85,70,84,17,14
23711,69,88,97,112,19,15
23712,44,66,130,146,22,16
23713,33,59,166,186,26,20
23714,42,61,232,246,19,14
23715,46,55,278,285,9,7
23716,55,70,314,325,15,11
23717,69,78,268,275,9,7
23718,95,110,256,267,15,11
23719,122,141,266,281,19,15
23720,153,171,186,199,18,13
23721,175,194,103,117,19,14
23722,142,155,7,17,13,10
23723,98,110,26,35,12,9
23724,144,155,26,35,11,9
23725,169,202,6,31,33,25
23726,192,205,117,127,13,10
23727,194,217,155,172,23,17
23728,200,229,210,231,29,21
23729,202,223,287,303,21,16
23730,156,178,299,315,22,16
23731,57,86,195,217,29,22
23732,98,134,220,247,36,27
23733,108,132,100,118,24,18
23734,137,166,77,98,29,21
23735,161,192,45,68,31,23
23736,142,161,21,35,19,14
23737,99,114,41,52,15,11
23738,44,59,67,79,15,12
23739,39,52,103,112,13,9
23740,43,57,138,149,14,11
23741,76,88,142,151,12,9
23742,110,127,140,153,17,13
23743,137,156,135,149,19,14
23744,160,174,162,172,14,10
23745,177,197,254,269,20,15
23746,50,73,265,282,23,17
23747,49,57,287,293,8,6
23748,23,39,309,321,16,12
23749,14,34,245,261,20,16
23750,12,27,213,223,15,10
23751,27,38,185,194,11,9
23752,48,61,229,238,13,9
23753,50,76,159,179,26,20
23754,65,79,195,206,14,11
23755,76,85,223,229,9,6
23756,85,100,249,261,15,12
23757,94,112,279,292,18,13
23758,82,95,305,314,13,9
23759,69,78,325,331,9,6
23760,151,193,292,323,42,31
23761,83,105,188,204,22,16
23762,95,126,151,173,31,22
23763,137,162,138,157,25,19
23764,157,172,103,114,15,11
23765,167,191,61,79,24,18
23766,190,203,98,108,13,10
23767,188,206,129,143,18,14
23768,186,207,149,165,21,16
23769,188,201,186,196,13,10
23770,178,203,209,227,25,18
23771,187,212,265,284,25,19
23772,41,66,212,231,25,19
23773,27,50,248,265,23,17
23774,28,48,284,299,20,15
23775,19,58,134,163,39,29
23776,30,57,75,95,27,20
23777,23,44,25,41,21,16
23778,93,121,12,33,28,21
23779,160,185,10,29,25,19
23780,167,196,34,56,29,22
23781,201,215,48,59,14,11
23782,210,230,67,81,20,14
23783,148,166,177,190,18,13
23784,117,133,186,198,16,12
23785,138,156,305,318,18,13
23786,164,188,304,321,24,17
23787,192,221,229,251,29,22
23788,107,126,208,222,19,14
23789,92,111,236,250,19,14
23790,148,178,131,154,30,23
23791,161,197,97,124,36,27
23792,171,201,179,201,30,22
23793,98,120,211,228,22,17
23794,106,129,122,139,23,17
23795,120,147,64,84,27,20
23796,140,176,22,49,36,27
23797,55,70,88,99,15,11
23798,29,54,46,65,25,19
23799,29,49,117,131,20,14
23800,18,34,148,159,16,11
23801,15,39,184,201,24,17
23802,15,29,226,237,14,11
23803,10,28,251,264,18,13
23804,2,30,286,307,28,21
23805,34,61,303,322,27,19
23806,70,88,319,333,18,14
23807,99,120,293,309,21,16
23808,58,70,197,206,12,9
23809,73,93,224,239,20,15
23810,85,101,260,272,16,12
23811,103,126,189,206,23,17
23812,124,142,235,248,18,13
23813,146,172,165,185,26,20
23814,71,92,164,179,21,15
23815,84,118,109,134,34,25
23816,104,129,188,207,25,19
23817,41,73,139,163,32,24
23818,70,101,94,118,31,24
23819,43,78,252,278,35,26
23820,80,123,288,320,43,32
23821,71,101,113,135,30,22
23822,102,132,36,58,30,22
23823,129,164,77,102,35,25
23824,136,173,130,158,37,28
23825,142,171,199,220,29,21
23826,138,173,23,49,35,26
23827,125,153,222,243,28,21
23828,150,176,194,214,26,20
23829,178,195,235,248,17,13
23830,190,200,161,168,10,7
23831,192,212,98,114,20,16
23832,138,158,74,89,20,15
23833,60,83,82,99,23,17
23834,45,63,145,158,18,13
23835,37,58,188,203,21,15
23836,36,60,223,241,24,18
23837,46,66,269,284,20,15
23838,14,27,306,315,13,9
23839,54,76,303,319,22,16
23840,93,113,304,319,20,15
23841,132,145,306,316,13,10
23842,154,174,279,294,20,15
23843,172,192,299,314,20,15
23844,186,200,267,278,14,11
23845,121,135,174,184,14,10
23846,59,78,197,212,19,15
23847,82,121,147,177,39,30
23848,139,171,154,178,32,24
23849,142,173,209,233,31,24
23850,42,54,245,254,12,9
23851,49,66,154,166,17,12
23852,66,83,118,131,17,13
23853,111,127,132,144,16,12
23854,115,139,179,197,24,18
23855,118,137,222,236,19,14
23856,115,139,260,278,24,18
23857,124,149,291,310,25,19
23858,63,72,214,221,9,7
23859,70,88,242,256,18,14
23860,128,148,135,150,20,15
23861,148,168,102,118,20,16
23862,141,178,54,82,37,28
23863,141,180,145,175,39,30
23864,115,133,204,218,18,14
23865,118,142,131,149,24,18
23866,53,76,170,188,23,18
23867,34,51,205,218,17,13
23868,15,43,30,50,28,20
23869,35,58,66,84,23,18
23870,42,61,86,100,19,14
23871,90,107,91,104,17,13
23872,120,142,69,86,22,17
23873,154,177,42,59,23,17
23874,152,181,84,106,29,22
23875,178,199,133,148,21,15
23876,163,194,170,194,31,24
23877,121,139,145,158,18,13
23878,134,154,91,106,20,15
23879,149,161,149,158,12,9
23880,172,203,179,202,31,23
23881,80,97,76,89,17,13
23882,100,115,52,63,15,11
23883,139,165,40,60,26,20
23884,160,183,72,89,23,17
23885,176,195,111,125,19,14
23886,33,51,241,255,18,14
23887,23,48,288,307,25,19
23888,12,33,190,206,21,16
23889,9,21,136,145,12,9
23890,3,14,97,106,11,9
23891,31,53,119,135,22,16
23892,47,69,159,175,22,16
23893,58,87,214,236,29,22
23894,80,100,300,315,20,15
23895,116,134,316,329,18,13
23896,154,167,304,314,13,10
23897,171,188,285,298,17,13
23898,190,211,277,293,21,16
23899,211,224,247,257,13,10
23900,152,160,183,189,8,6
23901,178,198,158,173,20,15
23902,102,114,113,123,12,10
23903,43,56,73,83,13,10
23904,46,64,39,53,18,14
23905,88,107,30,44,19,14
23906,115,143,8,28,28,20
23907,170,193,12,29,23,17
23908,192,228,28,55,36,27
23909,56,69,223,232,13,9
23910,63,78,188,199,15,11
23911,71,92,141,157,21,16
23912,97,112,192,203,15,11
23913,68,79,273,281,11,8
23914,45,61,302,313,16,11
23915,34,44,282,289,10,7
23916,19,34,248,259,15,11
23917,22,35,193,203,13,10
23918,29,44,155,166,15,11
23919,36,53,118,131,17,13
23920,46,56,78,86,10,8
23921,54,58,40,43,4,3
23922,171,186,66,77,15,11
23923,168,191,25,43,23,18
23924,198,216,43,57,18,14
23925,194,217,10,27,23,17
23926,211,225,99,109,14,10
23927,179,188,163,170,9,7
23928,174,190,127,139,16,12
23929,181,198,107,119,17,12
23930,185,200,207,218,15,11
23931,200,216,177,188,16,11
23932,188,215,254,274,27,20
23933,183,204,295,311,21,16
23934,146,158,283,292,12,9
23935,120,133,240,249,13,9
23936,112,121,220,227,9,7
23937,93,103,209,216,10,7
23938,105,112,196,202,7,6
23939,112,119,181,186,7,5
23940,120,132,167,176,12,9
23941,137,150,157,167,13,10
23942,154,161,157,162,7,5
23943,168,186,145,158,18,13
23944,198,213,146,157,15,11
23945,165,178,180,190,13,10
23946,46,66,130,145,20,15
23947,68,79,106,113,11,7
23948,82,102,72,86,20,14
23949,88,106,46,59,18,13
23950,80,95,12,24,15,12
23951,44,58,12,22,14,10
23952,7,22,45,55,15,10
23953,2,19,84,97,17,13
23954,4,24,120,135,20,15
23955,2,14,158,167,12,9
23956,29,49,170,185,20,15
23957,41,52,214,222,11,8
23958,44,54,245,253,10,8
23959,24,38,317,327,14,10
23960,54,69,317,328,15,11
23961,87,100,310,320,13,10
23962,95,110,334,345,15,11
23963,70,83,229,239,13,10
23964,83,94,179,187,11,8
23965,96,122,124,143,26,19
23966,129,137,173,178,8,5
23967,122,139,213,226,17,13
23968,126,137,255,263,11,8
23969,131,155,295,313,24,18
23970,162,176,280,290,14,10
23971,172,191,206,220,19,14
23972,184,200,124,135,16,11
23973,161,180,66,80,19,14
23974,161,195,25,51,34,26
23975,71,95,142,160,24,18
23976,72,93,185,200,21,15
23977,106,130,138,156,24,18
23978,115,139,192,211,24,19
23979,119,138,234,249,19,15
23980,56,76,236,251,20,15
23981,44,58,206,217,14,11
23982,33,52,139,153,19,14
23983,52,84,96,120,32,24
23984,105,137,86,110,32,24
23985,145,168,65,83,23,18
23986,154,180,119,138,26,19
23987,157,183,203,223,26,20
23988,59,80,136,152,21,16
23989,81,100,164,178,19,14
23990,51,76,211,230,25,19
23991,81,100,239,253,19,14
23992,113,132,227,241,19,14
23993,146,148,256,257,2,1
23994,159,176,212,225,17,13
23995,177,193,246,258,16,12
23996,190,207,163,176,17,13
23997,116,136,280,295,20,15
23998,139,149,258,266,10,8
23999,153,164,235,243,11,8
24000,164,168,264,267,4,3
24001,173,184,230,238,11,8
24002,173,186,193,203,13,10
24003,139,154,157,168,15,11
24004,115,129,169,179,14,10
24005,66,77,191,199,11,8
24006,35,50,213,224,15,11
24007,34,51,170,184,17,14
24008,49,62,120,129,13,9
24009,63,69,89,93,6,4
24010,93,105,97,105,12,8
24011,117,129,110,119,12,9
24012,145,161,109,120,16,11
24013,79,109,52,75,30,23
24014,90,107,87,101,17,14
24015,78,97,143,158,19,15
24016,51,66,178,189,15,11
24017,34,48,205,215,14,10
24018,35,52,129,142,17,13
24019,93,115,220,237,22,17
24020,131,153,242,259,22,17
24021,159,199,272,302,40,30
24022,66,90,317,336,24,19
24023,108,112,312,315,4,3
24024,80,95,282,293,15,11
24025,122,129,285,290,7,5
24026,120,141,257,273,21,16
24027,65,81,233,245,16,12
24028,34,51,201,215,17,14
24029,36,51,162,173,15,11
24030,57,88,113,137,31,24
24031,90,107,146,158,17,12
24032,116,142,158,177,26,19
24033,137,158,162,178,21,16
24034,189,199,204,212,10,8
24035,189,211,244,260,22,16
24036,131,164,60,85,33,25
24037,65,85,32,48,20,16
24038,63,95,66,90,32,24
24039,32,47,109,120,15,11
24040,19,46,147,167,27,20
24041,14,30,165,176,16,11
24042,8,29,124,140,21,16
24043,8,29,214,229,21,15
24044,9,34,257,276,25,19
24045,13,36,294,311,23,17
24046,51,65,283,293,14,10
24047,139,156,315,328,17,13
24048,161,185,280,298,24,18
24049,180,206,311,331,26,20
24050,186,205,124,139,19,15
24051,130,156,99,118,26,19
24052,149,172,21,38,23,17
24053,163,205,326,357,42,31
24054,122,142,225,240,20,15
24055,12,69,282,326,57,44
24056,20,43,153,170,23,17
24057,44,66,117,134,22,17
24058,76,92,162,175,16,13
24059,81,102,57,73,21,16
24060,122,142,78,93,20,15
24061,163,175,96,106,12,10
24062,171,190,135,149,19,14
24063,176,215,172,201,39,29
24064,206,222,207,219,16,12
24065,148,181,180,205,33,25
24066,144,169,223,242,25,19
24067,102,121,195,209,19,14
24068,90,106,225,237,16,12
24069,57,73,169,181,16,12
24070,16,27,190,198,11,8
24071,18,33,146,157,15,11
24072,39,56,110,122,17,12
24073,66,82,83,95,16,12
24074,92,110,56,70,18,14
24075,111,124,87,97,13,10
24076,132,145,97,107,13,10
24077,152,167,74,85,15,11
24078,169,188,98,111,19,13
24079,171,186,127,139,15,12
24080,185,200,36,48,15,12
24081,196,206,70,77,10,7
24082,199,212,136,146,13,10
24083,191,210,184,198,19,14
24084,117,129,163,172,12,9
24085,117,130,225,235,13,10
24086,120,138,256,269,18,13
24087,159,205,252,286,46,34
24088,65,80,194,205,15,11
24089,58,75,53,65,17,12
24090,77,98,8,24,21,16
24091,32,50,19,33,18,14
24092,8,24,53,65,16,12
24093,10,22,106,115,12,9
24094,144,159,18,29,15,11
24095,106,118,201,210,12,9
24096,125,140,233,244,15,11
24097,138,154,159,171,16,12
24098,156,172,188,200,16,12
24099,167,192,234,253,25,19
24100,194,209,105,117,15,12
24101,147,161,57,67,14,10
24102,79,97,74,88,18,14
24103,68,81,113,123,13,10
24104,47,64,156,168,17,12
24105,41,59,200,213,18,13
24106,123,163,158,188,40,30
24107,127,142,210,221,15,11
24108,160,178,204,218,18,14
24109,173,196,99,116,23,17
24110,122,151,90,112,29,22
24111,146,171,47,66,25,19
24112,98,113,127,139,15,12
24113,80,105,172,190,25,18
24114,86,103,219,232,17,13
24115,74,95,244,260,21,16
24116,58,74,295,307,16,12
24117,27,46,243,257,19,14
24118,20,39,174,188,19,14
24119,23,37,146,157,14,11
24120,22,34,110,119,12,9
24121,18,31,60,70,13,10
24122,39,51,21,30,12,9
24123,51,58,49,55,7,6
24124,66,79,28,38,13,10
24125,116,142,15,35,26,20
24126,117,127,52,60,10,8
24127,119,148,140,162,29,22
24128,135,154,175,190,19,15
24129,160,184,113,131,24,18
24130,168,187,181,195,19,14
24131,171,184,230,240,13,10
24132,198,216,155,169,18,14
24133,203,217,216,227,14,11
24134,208,225,71,84,17,13
24135,170,183,52,62,13,10
24136,154,175,71,87,21,16
24137,84,98,219,230,14,11
24138,64,81,258,271,17,13
24139,44,61,232,245,17,13
24140,25,44,166,181,19,15
24141,10,31,247,263,21,16
24142,25,46,295,311,21,16
24143,17,34,126,139,17,13
24144,32,61,66,88,29,22
24145,51,70,117,131,19,14
24146,66,88,30,46,22,16
24147,34,51,29,41,17,12
24148,124,156,154,179,32,25
24149,93,123,312,334,30,22
24150,83,114,200,223,31,23
24151,176,203,64,84,27,20
24152,90,112,83,99,22,16
24153,86,110,105,123,24,18
24154,93,118,174,194,25,20
24155,51,68,208,221,17,13
24156,45,58,247,257,13,10
24157,34,75,287,317,41,30
24158,74,86,204,213,12,9
24159,83,112,57,79,29,22
24160,67,116,41,77,49,36
24161,52,85,117,142,33,25
24162,204,237,13,38,33,25
24163,193,238,36,69,45,33
24164,149,200,260,299,51,39
24165,77,134,306,349,57,43
24166,124,144,135,149,20,14
24167,107,133,174,194,26,20
24168,116,150,224,249,34,25
24169,94,113,163,177,19,14
24170,78,108,214,237,30,23
24171,54,66,197,206,12,9
24172,71,84,162,172,13,10
24173,73,96,127,145,23,18
24174,163,193,68,91,30,23
24175,154,184,116,138,30,22
24176,193,236,221,253,43,32
24177,93,122,81,103,29,22
24178,82,111,119,141,29,22
24179,73,108,156,182,35,26
24180,85,122,14,43,37,29
24181,47,74,62,83,27,21
24182,85,133,104,140,48,36
24183,87,112,190,208,25,18
24184,33,56,214,231,23,17
24185,43,74,130,154,31,24
24186,63,89,56,75,26,19
24187,51,77,86,106,26,20
24188,73,115,229,261,42,32
24189,36,59,319,336,23,17
24190,117,140,194,211,23,17
24191,178,213,57,83,35,26
24192,158,200,104,135,42,31
24193,165,195,155,178,30,23
24194,28,71,289,321,43,32
24195,41,62,234,250,21,16
24196,44,59,167,178,15,11
24197,83,104,299,315,21,16
24198,63,90,328,348,27,20
24199,56,71,202,213,15,11
24200,46,77,223,247,31,24
24201,49,83,130,155,34,25
24202,51,83,77,101,32,24
24203,56,78,49,66,22,17
24204,68,93,13,32,25,19
24205,149,177,54,75,28,21
24206,155,183,99,120,28,21
24207,173,201,161,183,28,22
24208,127,157,72,94,30,22
24209,90,131,142,172,41,30
24210,85,120,202,227,35,25
24211,63,94,238,262,31,24
24212,146,183,77,105,37,28
24213,127,164,137,165,37,28
24214,116,164,5,41,48,36
24215,139,168,39,61,29,22
24216,93,116,112,129,23,17
24217,80,112,189,212,32,23
24218,102,144,171,203,42,32
24219,88,115,114,134,27,20
24220,47,85,151,179,38,28
24221,58,85,85,106,27,21
24222,74,99,38,57,25,19
24223,63,102,69,98,39,29
24224,76,107,103,127,31,24
24225,170,194,34,53,24,19
24226,164,186,80,97,22,17
24227,124,156,222,246,32,24
24228,95,131,266,293,36,27
24229,54,81,267,287,27,20
24230,58,102,206,239,44,33
24231,41,80,137,166,39,29
24232,48,78,167,190,30,23
24233,103,132,141,162,29,21
24234,83,105,82,99,22,17
24235,75,110,58,84,35,26
24236,105,157,140,180,52,40
24237,99,134,218,244,35,26
24238,86,113,282,303,27,21
24239,80,124,312,346,44,34
24240,42,63,283,298,21,15
24241,48,69,211,227,21,16
24242,107,127,37,52,20,15
24243,105,132,105,125,27,20
24244,103,127,151,169,24,18
24245,108,141,193,218,33,25
24246,32,58,179,199,26,20
24247,7,35,211,232,28,21
24248,54,83,111,133,29,22
24249,35,72,42,70,37,28
24250,56,79,123,141,23,18
24251,90,128,58,86,38,28
24252,115,129,211,222,14,11
24253,159,195,168,194,36,26
24254,167,190,286,304,23,18
24255,97,129,270,295,32,25
24256,50,79,253,275,29,22
24257,62,83,320,336,21,16
24258,73,105,138,162,32,24
24259,34,64,149,172,30,23
24260,58,79,72,88,21,16
24261,52,96,4,37,44,33
24262,86,122,41,68,36,27
24263,82,117,75,101,35,26
24264,44,70,137,157,26,20
24265,17,45,189,210,28,21
24266,36,58,228,245,22,17
24267,64,96,266,290,32,24
24268,54,79,39,58,25,19
24269,54,77,80,98,23,18
24270,44,88,105,138,44,33
24271,57,96,163,192,39,29
24272,66,95,195,216,29,21
24273,66,98,231,255,32,24
24274,68,94,274,293,26,19
24275,119,141,264,281,22,17
24276,164,199,289,315,35,26
24277,45,81,51,78,36,27
24278,51,84,86,110,33,24
24279,60,84,143,161,24,18
24280,55,86,187,211,31,24
24281,46,62,233,245,16,12
24282,167,203,269,296,36,27
24283,163,201,158,187,38,29
24284,122,164,34,65,42,31
24285,112,136,113,131,24,18
24286,113,137,161,180,24,19
24287,96,115,191,204,19,13
24288,100,121,214,230,21,16
24289,186,208,167,183,22,16
24290,211,228,217,230,17,13
24291,186,212,5,24,26,19
24292,162,211,36,73,49,37
24293,166,215,82,118,49,36
24294,181,217,173,200,36,27
24295,137,171,200,226,34,26
24296,124,152,140,161,28,21
24297,89,115,153,172,26,19
24298,51,76,136,154,25,18
24299,29,63,62,87,34,25
24300,110,129,168,182,19,14
24301,106,128,191,208,22,17
24302,104,135,216,239,31,23
24303,156,178,211,227,22,16
24304,117,142,282,300,25,18
24305,117,140,191,208,23,17
24306,116,144,141,162,28,21
24307,91,116,172,190,25,18
24308,73,102,227,249,29,22
24309,36,73,300,328,37,28
24310,50,80,266,288,30,22
24311,46,66,225,240,20,15
24312,141,175,3,29,34,26
24313,82,115,11,36,33,25
24314,56,68,74,83,12,9
24315,41,60,103,117,19,14
24316,67,90,319,337,23,18
24317,46,68,264,280,22,16
24318,45,89,189,222,44,33
24319,81,98,152,165,17,13
24320,70,105,101,128,35,27
24321,95,119,135,153,24,18
24322,106,137,167,191,31,24
24323,90,119,129,150,29,21
24324,71,110,85,114,39,29
24325,105,129,41,59,24,18
24326,136,149,38,48,13,10
24327,154,169,42,54,15,12
24328,124,156,50,73,32,23
24329,130,158,79,100,28,21
24330,131,154,88,106,23,18
24331,116,139,133,150,23,17
24332,75,99,170,188,24,18
24333,76,96,196,211,20,15
24334,53,77,249,267,24,18
24335,70,90,127,142,20,15
24336,102,118,237,249,16,12
24337,127,151,58,76,24,18
24338,110,137,89,109,27,20
24339,90,124,123,149,34,26
24340,86,133,177,212,47,35
24341,105,127,155,172,22,17
24342,101,119,197,210,18,13
24343,68,87,97,111,19,14
24344,38,65,134,154,27,20
24345,59,90,20,43,31,23
24346,45,73,54,75,28,21
24347,94,109,4,15,15,11
24348,95,114,190,205,19,15
24349,79,122,203,236,43,33
24350,89,114,136,154,25,18
24351,83,112,79,101,29,22
24352,23,59,314,341,36,27
24353,41,73,261,285,32,24
24354,50,78,189,210,28,21
24355,54,75,107,123,21,16
24356,42,64,125,141,22,16
24357,118,140,86,103,22,17
24358,155,178,18,35,23,17
24359,96,122,170,190,26,20
24360,112,129,148,161,17,13
24361,100,124,205,223,24,18
24362,68,93,274,293,25,19
24363,59,86,99,119,27,20
24364,47,80,16,41,33,25
24365,37,64,80,100,27,20
24366,44,73,135,156,29,21
24367,49,72,171,189,23,18
24368,41,71,226,248,30,22
24369,173,200,287,308,27,21
24370,46,65,19,34,19,15
24371,32,54,52,68,22,16
24372,32,68,87,114,36,27
24373,27,56,109,131,29,22
24374,100,135,25,51,35,26
24375,107,146,126,154,39,28
24376,120,159,181,211,39,30
24377,123,147,256,274,24,18
24378,90,116,207,227,26,20
24379,66,84,182,195,18,13
24380,127,151,183,201,24,18
24381,126,154,220,241,28,21
24382,89,115,236,256,26,20
24383,78,113,171,197,35,26
24384,86,114,33,54,28,21
24385,53,67,69,79,14,10
24386,81,127,110,145,46,35
24387,137,180,195,228,43,33
24388,162,190,62,83,28,21
24389,134,166,98,122,32,24
24390,52,78,191,211,26,20
24391,109,137,207,228,28,21
24392,108,137,259,281,29,22
24393,134,168,142,167,34,25
24394,174,201,3,23,27,20
24395,148,196,209,245,48,36
24396,58,82,218,235,24,17
24397,54,88,274,300,34,26
24398,108,131,312,329,23,17
24399,87,127,170,201,40,31
24400,102,149,106,141,47,35
24401,95,136,223,254,41,31
24402,131,155,211,229,24,18
24403,132,168,169,196,36,27
24404,134,161,133,153,27,20
24405,145,185,69,99,40,30
24406,141,172,97,121,31,24
24407,150,176,23,42,26,19
24408,53,95,240,272,42,32
24409,37,61,285,302,24,17
24410,14,54,125,155,40,30
24411,52,83,131,154,31,23
24412,47,85,45,73,38,28
24413,51,71,92,107,20,15
24414,95,122,182,202,27,20
24415,61,93,254,279,32,25
24416,46,64,296,310,18,14
24417,36,63,226,247,27,21
24418,30,49,193,207,19,14
24419,111,136,216,234,25,18
24420,98,117,257,270,19,13
24421,65,87,296,313,22,17
24422,24,54,317,340,30,23
24423,2,54,252,292,52,40
24424,39,66,186,206,27,20
24425,43,80,125,152,37,27
24426,19,54,73,98,35,25
24427,30,59,38,59,29,21
24428,84,124,248,278,40,30
24429,80,126,161,195,46,34
24430,45,85,221,251,40,30
24431,49,88,113,143,39,30
24432,33,53,165,180,20,15
24433,29,49,194,209,20,15
24434,29,47,219,233,18,14
24435,27,53,254,274,26,20
24436,85,117,305,329,32,24
24437,85,108,236,253,23,17
24438,85,110,200,218,25,18
24439,99,121,143,160,22,17
24440,112,138,99,118,26,19
24441,129,154,48,67,25,19
24442,122,151,176,198,29,22
24443,134,161,216,237,27,21
24444,108,156,124,160,48,36
24445,144,179,48,74,35,26
24446,116,144,24,45,28,21
24447,72,93,23,39,21,16
24448,54,80,50,69,26,19
24449,61,97,89,116,36,27
24450,77,130,139,179,53,40
24451,139,175,46,72,36,26
24452,128,159,169,193,31,24
24453,155,189,238,264,34,26
24454,62,75,186,195,13,9
24455,41,57,204,216,16,12
24456,31,58,238,258,27,20
24457,35,64,283,305,29,22
24458,28,58,305,327,30,22
24459,121,165,33,66,44,33
24460,120,142,98,115,22,17
24461,108,129,146,161,21,15
24462,100,129,192,213,29,21
24463,98,113,240,252,15,12
24464,88,102,61,72,14,11
24465,55,78,100,117,23,17
24466,39,71,2,26,32,24
24467,36,54,60,74,18,14
24468,113,139,170,190,26,20
24469,110,161,234,272,51,38
24470,157,190,184,209,33,25
24471,53,73,232,247,20,15
24472,43,76,150,175,33,25
24473,42,58,189,201,16,12
24474,49,72,118,135,23,17
24475,62,95,58,83,33,25
24476,124,156,55,79,32,24
24477,175,215,74,105,40,31
24478,148,176,181,202,28,21
24479,120,166,254,288,46,34
24480,74,91,122,134,17,12
24481,53,66,152,161,13,9
24482,161,191,63,86,30,23
24483,145,175,177,199,30,22
24484,141,188,221,256,47,35
24485,153,206,275,315,53,40
24486,206,227,87,102,21,15
24487,200,228,162,182,28,20
24488,149,188,164,193,39,29
24489,122,151,91,114,29,23
24490,107,134,116,137,27,21
24491,120,144,73,92,24,19
24492,126,164,182,210,38,28
24493,129,151,259,275,22,16
24494,111,130,307,321,19,14
24495,74,98,323,341,24,18
24496,29,51,317,333,22,16
24497,44,63,255,269,19,14
24498,39,76,200,227,37,27
24499,80,120,166,195,40,29
24500,71,103,217,241,32,24
24501,147,176,284,305,29,21
24502,134,164,327,349,30,22
24503,130,168,216,245,38,29
24504,99,136,165,192,37,27
24505,130,159,122,144,29,22
24506,139,167,163,184,28,21
24507,147,190,206,239,43,33
24508,186,214,106,127,28,21
24509,188,216,175,196,28,21
24510,173,204,271,293,31,22
24511,77,105,188,209,28,21
24512,68,93,154,173,25,19
24513,56,83,114,134,27,20
24514,49,64,155,167,15,12
24515,35,68,180,205,33,25
24516,60,93,60,84,33,24
24517,46,70,155,172,24,17
24518,45,68,91,109,23,18
24519,36,73,29,57,37,28
24520,132,180,52,89,48,37
24521,181,210,1,23,29,22
24522,126,152,189,209,26,20
24523,101,129,48,70,28,22
24524,101,132,91,114,31,23
24525,67,95,160,181,28,21
24526,46,77,202,226,31,24
24527,44,78,263,289,34,26
24528,41,66,315,333,25,18
24529,189,225,62,89,36,27
24530,163,193,182,204,30,22
24531,176,216,255,285,40,30
24532,158,199,120,151,41,31
24533,146,168,240,257,22,17
24534,141,166,52,71,25,19
24535,131,151,91,107,20,16
24536,129,158,148,169,29,21
24537,134,160,214,234,26,20
24538,115,149,14,40,34,26
24539,105,146,112,143,41,31
24540,106,134,188,209,28,21
24541,104,129,242,261,25,19
24542,116,134,307,320,18,13
24543,70,88,316,330,18,14
24544,39,50,319,327,11,8
24545,63,88,126,145,25,19
24546,57,75,182,196,18,14
24547,42,56,229,239,14,10
24548,37,61,265,282,24,17
24549,39,57,307,321,18,14
24550,43,66,326,344,23,18
24551,103,132,79,101,29,22
24552,75,95,117,132,20,15
24553,45,64,166,181,19,15
24554,23,41,84,97,18,13
24555,34,59,28,47,25,19
24556,36,54,223,236,18,13
24557,36,59,256,273,23,17
24558,38,61,297,315,23,18
24559,113,150,236,264,37,28
24560,157,195,90,119,38,29
24561,162,198,21,48,36,27
24562,148,179,243,266,31,23
24563,22,56,191,216,34,25
24564,24,51,154,173,27,19
24565,121,156,190,216,35,26
24566,120,137,164,177,17,13
24567,86,112,132,151,26,19
24568,58,84,166,186,26,20
24569,103,134,154,177,31,23
24570,34,72,278,306,38,28
24571,109,143,276,301,34,25
24572,101,146,313,346,45,33
24573,154,225,260,314,71,54
24574,120,141,205,221,21,16
24575,88,111,241,258,23,17
24576,134,170,34,60,36,26
24577,143,198,113,154,55,41
24578,73,100,145,165,27,20
24579,71,100,202,224,29,22
24580,80,133,237,276,53,39
24581,147,187,33,63,40,30
24582,114,132,213,227,18,14
24583,75,103,23,44,28,21
24584,161,193,59,82,32,23
24585,172,214,101,132,42,31
24586,178,216,151,180,38,29
24587,190,230,248,278,40,30
24588,217,231,334,344,14,10
24589,166,200,283,308,34,25
24590,73,96,22,39,23,17
24591,68,100,145,169,32,24
24592,58,90,208,232,32,24
24593,71,105,154,179,34,25
24594,85,109,128,146,24,18
24595,73,92,92,106,19,14
24596,87,112,162,181,25,19
24597,87,110,138,155,23,17
24598,58,76,120,133,18,13
24599,44,76,133,157,32,24
24600,32,62,164,187,30,23
24601,41,66,48,67,25,19
24602,36,70,249,275,34,26
24603,35,61,178,197,26,19
24604,37,56,128,142,19,14
24605,28,50,93,109,22,16
24606,27,51,69,86,24,17
24607,129,165,136,164,36,28
24608,163,203,219,250,40,31
24609,178,215,303,331,37,28
24610,48,73,89,107,25,18
24611,50,78,129,151,28,22
24612,48,73,176,195,25,19
24613,42,76,215,240,34,25
24614,100,131,231,254,31,23
24615,122,172,62,100,50,38
24616,118,147,159,181,29,22
24617,98,120,293,309,22,16
24618,76,117,168,198,41,30
24619,104,149,64,97,45,33
24620,127,163,133,160,36,27
24621,133,171,20,48,38,28
24622,89,112,33,51,23,18
24623,61,90,53,74,29,21
24624,44,92,91,127,48,36
24625,32,58,153,174,26,21
24626,132,164,226,251,32,25
24627,147,186,60,89,39,29
24628,176,220,240,273,44,33
24629,180,217,143,171,37,28
24630,156,188,183,208,32,25
24631,94,120,201,221,26,20
24632,90,117,229,249,27,20
24633,29,51,313,329,22,16
24634,29,51,278,293,22,15
24635,28,56,122,143,28,21
24636,24,67,18,50,43,32
24637,39,67,63,84,28,21
24638,66,88,92,109,22,17
24639,92,105,34,44,13,10
24640,87,112,58,76,25,18
24641,78,105,121,142,27,21
24642,53,71,174,187,18,13
24643,57,80,73,90,23,17
24644,44,58,166,177,14,11
24645,36,61,189,207,25,18
24646,54,74,223,239,20,16
24647,40,63,244,261,23,17
24648,100,123,132,149,23,17
24649,137,182,89,123,45,34
24650,194,216,220,237,22,17
24651,69,100,262,285,31,23
24652,79,115,212,239,36,27
24653,47,102,128,170,55,42
24654,117,176,215,259,59,44
24655,43,79,196,223,36,27
24656,39,63,239,258,24,19
24657,103,127,46,64,24,18
24658,124,157,9,34,33,25
24659,110,159,134,171,49,37
24660,129,181,5,45,52,40
24661,137,178,73,104,41,31
24662,78,110,108,132,32,24
24663,44,89,169,203,45,34
24664,51,84,215,240,33,25
24665,40,80,271,301,40,30
24666,36,80,301,334,44,33
24667,19,60,87,117,41,30
24668,181,210,157,180,29,23
24669,203,225,80,95,22,15
24670,186,222,188,214,36,26
24671,82,117,184,211,35,27
24672,61,81,257,273,20,16
24673,39,63,271,290,24,19
24674,23,73,149,186,50,37
24675,134,170,293,319,36,26
24676,70,97,102,122,27,20
24677,50,69,141,155,19,14
24678,33,52,164,178,19,14
24679,28,38,144,152,10,8
24680,24,39,83,94,15,11
24681,13,33,102,117,20,15
24682,20,36,52,65,16,13
24683,60,80,212,228,20,16
24684,44,76,227,252,32,25
24685,50,74,171,190,24,19
24686,42,71,115,137,29,22
24687,69,93,35,53,24,18
24688,78,105,68,88,27,20
24689,90,127,97,125,37,28
24690,134,164,163,186,30,23
24691,183,210,119,139,27,20
24692,117,157,4,34,40,30
24693,109,154,220,254,45,34
24694,166,203,269,297,37,28
24695,137,157,47,62,20,15
24696,103,121,113,126,18,13
24697,90,121,150,173,31,23
24698,62,93,187,211,31,24
24699,67,93,233,253,26,20
24700,46,69,300,317,23,17
24701,86,102,305,317,16,12
24702,52,80,322,344,28,22
24703,21,45,231,249,24,18
24704,22,48,159,179,26,20
24705,71,96,45,63,25,18
24706,52,89,106,133,37,27
24707,58,91,151,176,33,25
24708,137,164,36,56,27,20
24709,112,134,119,136,22,17
24710,69,93,186,203,24,17
24711,44,83,118,147,39,29
24712,39,77,45,74,38,29
24713,71,100,130,152,29,22
24714,59,80,72,88,21,16
24715,107,133,218,237,26,19
24716,97,123,276,296,26,20
24717,149,198,177,214,49,37
24718,196,229,32,56,33,24
24719,160,201,88,119,41,31
24720,125,151,150,170,26,20
24721,90,119,170,191,29,21
24722,88,111,69,86,23,17
24723,99,134,145,172,35,27
24724,103,135,222,246,32,24
24725,120,156,269,295,36,26
24726,49,74,177,195,25,18
24727,115,156,176,207,41,31
24728,159,215,22,64,56,42
24729,192,214,134,150,22,16
24730,78,107,26,48,29,22
24731,68,87,110,124,19,14
24732,49,73,178,196,24,18
24733,45,102,227,269,57,42
24734,58,84,35,55,26,20
24735,60,95,71,97,35,26
24736,67,92,133,151,25,18
24737,59,88,189,211,29,22
24738,36,61,199,217,25,18
24739,107,151,242,275,44,33
24740,109,165,25,67,56,42
24741,56,94,152,180,38,28
24742,52,80,235,255,28,20
24743,51,90,43,72,39,29
24744,41,68,171,191,27,20
24745,65,105,107,136,40,29
24746,27,60,218,242,33,24
24747,46,82,279,306,36,27
24748,49,66,253,266,17,13
24749,38,56,284,297,18,13
24750,43,66,312,330,23,18
24751,23,44,201,217,21,16
24752,26,40,176,187,14,11
24753,32,45,102,111,13,9
24754,48,66,62,76,18,14
24755,56,83,75,95,27,20
24756,87,117,124,146,30,22
24757,138,158,184,199,20,15
24758,195,211,260,272,16,12
24759,81,126,11,45,45,34
24760,85,107,88,104,22,16
24761,177,222,204,238,45,34
24762,175,208,260,284,33,24
24763,171,210,301,331,39,30
24764,163,197,53,78,34,25
24765,86,115,247,269,29,22
24766,39,78,158,187,39,29
24767,93,113,279,295,20,16
24768,93,125,309,334,32,25
24769,97,122,201,220,25,19
24770,99,122,165,182,23,17
24771,102,136,105,130,34,25
24772,132,157,28,47,25,19
24773,77,122,62,95,45,33
24774,30,61,141,164,31,23
24775,116,158,212,243,42,31
24776,129,169,245,275,40,30
24777,140,166,122,141,26,19
24778,141,165,65,83,24,18
24779,156,188,13,37,32,24
24780,166,194,76,96,28,20
24781,37,68,158,181,31,23
24782,35,56,216,231,21,15
24783,45,76,266,288,31,22
24784,46,74,312,334,28,22
24785,137,168,193,217,31,24
24786,134,149,234,246,15,12
24787,79,93,239,250,14,11
24788,65,103,185,213,38,28
24789,49,80,260,284,31,24
24790,154,203,47,84,49,37
24791,115,129,45,55,14,10
24792,94,120,63,82,26,19
24793,56,71,60,71,15,11
24794,25,56,97,121,31,24
24795,40,69,155,177,29,22
24796,117,165,193,229,48,36
24797,90,128,292,320,38,28
24798,80,117,106,133,37,27
24799,60,80,155,170,20,15
24800,88,112,113,131,24,18
24801,127,147,89,104,20,15
24802,111,139,172,193,28,21
24803,87,112,76,95,25,19
24804,165,191,9,29,26,20
24805,32,48,168,180,16,12
24806,22,42,202,217,20,15
24807,27,49,242,258,22,16
24808,37,61,281,300,24,19
24809,57,73,320,332,16,12
24810,105,139,28,53,34,25
24811,85,110,105,124,25,19
24812,71,131,165,209,60,44
24813,97,131,226,251,34,25
24814,107,136,329,350,29,21
24815,101,130,280,301,29,21
24816,70,92,305,321,22,16
24817,52,66,338,348,14,10
24818,52,85,233,257,33,24
24819,67,101,188,214,34,26
24820,99,140,115,146,41,31
24821,110,146,196,223,36,27
24822,136,156,235,250,20,15
24823,110,140,271,293,30,22
24824,96,119,300,317,23,17
24825,153,190,74,102,37,28
24826,115,143,64,85,28,21
24827,96,115,91,105,19,14
24828,76,94,113,126,18,13
24829,73,113,156,185,40,29
24830,86,126,222,251,40,29
24831,88,116,293,315,28,22
24832,107,130,114,132,23,18
24833,91,115,154,172,24,18
24834,71,114,172,204,43,32
24835,47,69,232,248,22,16
24836,36,71,277,304,35,27
24837,56,81,316,335,25,19
24838,137,176,168,197,39,29
24839,155,187,252,275,32,23
24840,144,165,107,123,21,16
24841,151,178,147,167,27,20
24842,127,144,218,231,17,13
24843,90,119,237,259,29,22
24844,63,93,288,311,30,23
24845,49,75,323,343,26,20
24846,44,70,140,159,26,19
24847,36,60,96,114,24,18
24848,53,78,23,42,25,19
24849,97,124,14,35,27,21
24850,171,199,30,51,28,21
24851,193,227,184,210,34,26
24852,200,230,234,256,30,22
24853,70,90,12,27,20,15
24854,68,82,64,75,14,11
24855,53,80,128,148,27,20
24856,51,73,177,194,22,17
24857,44,72,228,249,28,21
24858,65,96,266,289,31,23
24859,83,101,97,111,18,14
24860,79,103,151,169,24,18
24861,60,85,197,216,25,19
24862,55,73,238,252,18,14
24863,49,79,267,290,30,23
24864,53,80,304,324,27,20
24865,98,123,309,327,25,18
24866,64,103,118,148,39,30
24867,68,98,151,173,30,22
24868,54,80,202,223,26,21
24869,48,73,236,254,25,18
24870,94,139,166,199,45,33
24871,156,181,110,129,25,19
24872,160,195,172,199,35,27
24873,151,179,230,250,28,20
24874,59,101,213,244,42,31
24875,82,117,277,303,35,26
24876,78,115,300,328,37,28
24877,117,151,129,155,34,26
24878,55,71,82,94,16,12
24879,40,52,133,142,12,9
24880,120,149,113,134,29,21
24881,105,120,163,174,15,11
24882,93,121,214,235,28,21
24883,97,142,249,283,45,34
24884,124,144,304,319,20,15
24885,128,151,325,343,23,18
24886,81,100,207,221,19,14
24887,102,146,257,290,44,33
24888,161,200,312,341,39,29
24889,177,211,156,181,34,25
24890,176,206,33,56,30,23
24891,80,105,200,218,25,18
24892,77,108,243,267,31,24
24893,92,134,277,309,42,32
24894,133,166,159,184,33,25
24895,165,198,216,241,33,25
24896,166,193,271,291,27,20
24897,64,104,173,202,40,29
24898,94,144,237,275,50,38
24899,104,130,279,299,26,20
24900,62,88,48,68,26,20
24901,36,55,112,126,19,14
24902,36,53,249,261,17,12
24903,36,50,268,278,14,10
24904,41,64,289,306,23,17
24905,34,58,308,326,24,18
24906,53,75,334,351,22,17
24907,36,62,132,151,26,19
24908,32,52,69,84,20,15
24909,62,88,127,147,26,20
24910,49,69,190,206,20,16
24911,47,78,209,232,31,23
24912,36,65,256,278,29,22
24913,31,65,288,314,34,26
24914,145,180,184,210,35,26
24915,146,180,71,96,34,25
24916,154,192,121,149,38,28
24917,191,220,219,240,29,21
24918,153,182,299,321,29,22
24919,84,128,116,149,44,33
24920,112,151,232,261,39,29
24921,115,153,291,319,38,28
24922,32,71,165,194,39,29
24923,38,66,92,114,28,22
24924,29,51,126,143,22,17
24925,62,80,198,211,18,13
24926,54,69,248,260,15,12
24927,61,97,269,295,36,26
24928,76,101,302,320,25,18
24929,120,151,254,277,31,23
24930,41,58,77,89,17,12
24931,41,66,94,113,25,19
24932,66,83,146,159,17,13
24933,80,112,190,213,32,23
24934,87,112,292,310,25,18
24935,127,166,247,277,39,30
24936,146,183,58,86,37,28
24937,95,127,82,106,32,24
24938,57,85,107,129,28,22
24939,33,61,145,166,28,21
24940,36,61,198,216,25,18
24941,41,70,238,259,29,21
24942,100,154,230,270,54,40
24943,112,134,290,308,22,18
24944,41,70,151,172,29,21
24945,42,80,199,227,38,28
24946,56,93,253,281,37,28
24947,82,109,286,306,27,20
24948,105,122,223,236,17,13
24949,117,142,176,194,25,18
24950,93,124,111,134,31,23
24951,115,134,58,72,19,14
24952,142,164,195,211,22,16
24953,149,188,223,253,39,30
24954,139,193,283,323,54,40
24955,102,144,163,195,42,32
24956,105,136,218,242,31,24
24957,48,82,155,180,34,25
24958,57,77,206,221,20,15
24959,43,61,241,254,18,13
24960,14,42,288,309,28,21
24961,24,44,329,344,20,15
24962,107,134,39,58,27,19
24963,96,135,85,114,39,29
24964,105,146,148,179,41,31
24965,122,151,195,217,29,22
24966,101,134,214,239,33,25
24967,71,101,261,284,30,23
24968,66,83,122,135,17,13
24969,63,84,206,222,21,16
24970,65,93,254,275,28,21
24971,54,74,297,311,20,14
24972,51,68,315,327,17,12
24973,129,159,97,120,30,23
24974,119,151,159,183,32,24
24975,128,153,223,242,25,19
24976,114,156,274,305,42,31
24977,144,185,4,35,41,31
24978,103,132,60,81,29,21
24979,112,140,95,116,28,21
24980,106,144,150,179,38,29
24981,100,134,254,280,34,26
24982,62,83,102,117,21,15
24983,54,81,143,164,27,21
24984,49,76,180,201,27,21
24985,42,76,201,226,34,25
24986,42,66,226,243,24,17
24987,85,120,288,314,35,26
24988,87,116,214,236,29,22
24989,55,88,180,204,33,24
24990,77,109,129,153,32,24
24991,58,81,258,275,23,17
24992,66,99,135,159,33,24
24993,56,78,99,116,22,17
24994,61,80,65,80,19,15
24995,54,73,24,38,19,14
24996,106,134,7,28,28,21
24997,143,168,59,79,25,20
24998,142,158,171,183,16,12
24999,119,156,121,148,37,27
25000,84,114,65,87,30,22
25001,67,80,176,186,13,10
25002,67,85,202,216,18,14
25003,49,68,239,254,19,15
25004,110,146,55,82,36,27
25005,107,129,127,143,22,16
25006,86,119,185,209,33,24
25007,63,88,279,297,25,18
25008,47,56,218,224,9,6
25009,51,69,249,262,18,13
25010,32,57,273,292,25,19
25011,49,67,299,313,18,14
25012,40,61,320,336,21,16
25013,76,107,130,153,31,23
25014,110,142,63,87,32,24
25015,99,142,51,84,43,33
25016,72,85,236,247,13,11
25017,69,90,271,286,21,15
25018,56,81,143,162,25,19
25019,66,95,171,194,29,23
25020,75,98,233,250,23,17
25021,45,63,173,186,18,13
25022,51,68,202,215,17,13
25023,37,58,224,239,21,15
25024,28,50,263,280,22,17
25025,29,51,297,313,22,16
25026,22,49,314,335,27,21
25027,132,165,57,81,33,24
25028,142,188,183,217,46,34
25029,158,186,251,272,28,21
25030,82,110,291,312,28,21
25031,70,100,258,280,30,22
25032,47,67,296,311,20,15
25033,69,97,127,148,28,21
25034,51,72,109,125,21,16
25035,32,64,196,220,32,24
25036,53,68,221,232,15,11
25037,150,188,58,87,38,29
25038,146,185,155,183,39,28
25039,73,95,101,117,22,16
25040,68,86,146,160,18,14
25041,68,93,186,204,25,18
25042,53,68,223,234,15,11
25043,37,61,240,258,24,18
25044,51,78,62,82,27,20
25045,56,69,141,151,13,10
25046,50,81,186,209,31,23
25047,70,93,226,243,23,17
25048,64,90,137,157,26,20
25049,71,98,178,198,27,20
25050,74,108,238,264,34,26
25051,76,110,300,326,34,26
25052,52,71,110,124,19,14
25053,52,69,134,147,17,13
25054,39,59,174,189,20,15
25055,39,57,209,223,18,14
25056,37,59,239,255,22,16
25057,41,54,277,286,13,9
25058,42,68,297,317,26,20
25059,39,59,327,343,20,16
25060,90,127,100,128,37,28
25061,165,181,92,104,16,12
25062,194,221,104,124,27,20
25063,165,188,206,224,23,18
25064,198,222,257,275,24,18
25065,98,139,287,317,41,30
25066,42,61,179,193,19,14
25067,48,71,244,261,23,17
25068,78,107,182,204,29,22
25069,105,133,245,265,28,20
25070,102,128,281,300,26,19
25071,85,119,311,336,34,25
25072,126,157,167,190,31,23
25073,80,115,181,208,35,27
25074,67,91,33,51,24,18
25075,68,92,91,108,24,17
25076,65,83,144,158,18,14
25077,61,84,181,198,23,17
25078,80,125,232,266,45,34
25079,56,76,156,171,20,15
25080,46,66,187,202,20,15
25081,35,66,214,237,31,23
25082,63,92,236,258,29,22
25083,75,111,78,105,36,27
25084,95,117,35,52,22,17
25085,68,81,51,61,13,10
25086,66,100,96,122,34,26
25087,73,113,137,167,40,30
25088,78,117,179,208,39,29
25089,166,217,35,74,51,39
25090,100,137,209,236,37,27
25091,71,102,68,92,31,24
25092,74,100,139,158,26,19
25093,67,95,203,224,28,21
25094,105,145,217,247,40,30
25095,91,120,303,325,29,22
25096,59,85,324,344,26,20
25097,40,64,285,303,24,18
25098,22,50,216,237,28,21
25099,123,166,297,328,43,31
25100,62,83,141,157,21,16
25101,65,89,174,192,24,18
25102,59,84,203,222,25,19
25103,51,73,227,244,22,17
25104,11,41,274,297,30,23
25105,27,49,312,329,22,17
25106,160,198,257,285,38,28
25107,125,159,103,128,34,25
25108,115,136,157,173,21,16
25109,115,137,192,209,22,17
25110,110,132,217,233,22,16
25111,78,98,209,224,20,15
25112,68,89,147,163,21,16
25113,66,88,90,106,22,16
25114,64,85,59,75,21,16
25115,55,99,240,273,44,33
25116,61,89,297,318,28,21
25117,36,58,310,327,22,17
25118,25,52,248,268,27,20
25119,32,50,207,221,18,14
25120,36,56,148,162,20,14
25121,40,80,55,85,40,30
25122,59,80,72,88,21,16
25123,44,75,147,170,31,23
25124,59,82,195,212,23,17
25125,41,59,247,260,18,13
25126,43,66,128,145,23,17
25127,36,58,182,198,22,16
25128,36,66,215,237,30,22
25129,90,107,244,257,17,13
25130,51,68,130,143,17,13
25131,41,70,166,188,29,22
25132,71,100,215,236,29,21
25133,61,76,24,36,15,12
25134,70,85,67,78,15,11
25135,48,71,100,118,23,18
25136,13,34,112,128,21,16
25137,34,46,153,163,12,10
25138,31,51,197,212,20,15
25139,36,62,238,257,26,19
25140,111,146,12,39,35,27
25141,66,85,8,23,19,15
25142,46,67,34,49,21,15
25143,41,60,85,99,19,14
25144,40,68,110,132,28,22
25145,36,61,157,176,25,19
25146,78,115,78,105,37,27
25147,61,80,171,186,19,15
25148,41,65,205,223,24,18
25149,30,51,231,247,21,16
25150,115,142,261,280,27,19
25151,127,151,177,194,24,17
25152,137,159,125,141,22,16
25153,63,84,173,188,21,15
25154,60,73,226,236,13,10
25155,52,73,260,276,21,16
25156,41,63,290,308,22,18
25157,45,66,326,341,21,15
25158,92,124,150,174,32,24
25159,92,120,176,197,28,21
25160,76,107,85,108,31,23
25161,56,83,25,45,27,20
25162,37,55,83,96,18,13
25163,36,61,120,138,25,18
25164,39,58,179,193,19,14
25165,37,53,221,233,16,12
25166,35,52,250,263,17,13
25167,32,46,279,289,14,10
25168,38,54,304,316,16,12
25169,41,56,325,336,15,11
25170,19,36,232,245,17,13
25171,23,33,265,273,10,8
25172,56,76,278,293,20,15
25173,93,120,295,315,27,20
25174,132,148,322,333,16,11
25175,161,180,329,343,19,14
25176,108,129,139,154,21,15
25177,101,116,186,197,15,11
25178,86,103,234,246,17,12
25179,80,100,271,286,20,15
25180,80,102,294,310,22,16
25181,63,90,314,335,27,21
25182,108,138,233,256,30,23
25183,78,102,243,261,24,18
25184,58,85,292,312,27,20
25185,61,94,211,236,33,25
25186,76,97,249,264,21,15
25187,80,110,281,303,30,22
25188,95,117,315,331,22,16
25189,119,140,187,203,21,16
25190,116,136,147,162,20,15
25191,85,102,158,171,17,13
25192,129,162,121,145,33,24
25193,129,151,171,187,22,16
25194,105,127,199,215,22,16
25195,82,115,241,266,33,25
25196,73,94,285,301,21,16
25197,63,82,300,314,19,14
25198,18,51,227,252,33,25
25199,39,63,161,179,24,18
25200,38,66,69,90,28,21
25201,49,75,47,67,26,20
25202,66,85,98,112,19,14
25203,43,79,112,139,36,27
25204,146,201,14,55,55,41
25205,171,197,79,98,26,19
25206,145,166,89,104,21,15
25207,55,68,286,296,13,10
25208,43,73,311,333,30,22
25209,101,117,324,335,16,11
25210,127,161,44,70,34,26
25211,138,160,84,101,22,17
25212,139,156,132,144,17,12
25213,125,148,167,184,23,17
25214,115,152,187,215,37,28
25215,116,142,263,282,26,19
25216,93,122,190,212,29,22
25217,89,115,240,260,26,20
25218,90,131,283,313,41,30
25219,78,109,210,233,31,23
25220,71,89,169,182,18,13
25221,41,58,194,207,17,13
25222,43,67,224,242,24,18
25223,33,51,247,261,18,14
25224,21,43,275,292,22,17
25225,64,88,198,216,24,18
25226,64,89,212,231,25,19
25227,61,94,142,166,33,24
25228,87,110,107,124,23,17
25229,146,164,139,153,18,14
25230,177,195,216,230,18,14
25231,133,186,243,282,53,39
25232,138,176,71,99,38,28
25233,123,152,72,93,29,21
25234,84,128,28,61,44,33
25235,58,90,86,109,32,23
25236,53,80,111,132,27,21
25237,51,71,157,172,20,15
25238,42,88,200,235,46,35
25239,36,59,283,300,23,17
25240,92,121,48,70,29,22
25241,82,124,92,124,42,32
25242,78,102,141,159,24,18
25243,71,113,182,213,42,31
25244,66,98,239,263,32,24
25245,58,76,244,257,18,13
25246,50,68,282,296,18,14
25247,44,71,314,335,27,21
25248,54,83,153,175,29,22
25249,39,84,86,119,45,33
25250,35,59,132,150,24,18
25251,29,53,161,179,24,18
25252,28,45,208,221,17,13
25253,116,137,298,313,21,15
25254,88,120,166,190,32,24
25255,117,139,203,219,22,16
25256,56,85,224,246,29,22
25257,58,95,91,118,37,27
25258,41,68,46,65,27,19
25259,44,70,19,39,26,20
25260,27,43,92,104,16,12
25261,31,55,142,160,24,18
25262,33,54,185,200,21,15
25263,62,75,198,208,13,10
25264,51,62,162,170,11,8
25265,45,61,128,139,16,11
25266,52,71,92,106,19,14
25267,62,80,45,59,18,14
25268,112,132,109,123,20,14
25269,116,139,167,184,23,17
25270,117,145,219,240,28,21
25271,112,149,280,308,37,28
25272,186,223,157,184,37,27
25273,199,230,219,243,31,24
25274,171,207,308,334,36,26
25275,194,227,106,130,33,24
25276,39,65,44,63,26,19
25277,39,74,91,118,35,27
25278,53,86,157,182,33,25
25279,76,102,223,243,26,20
25280,76,115,289,318,39,29
25281,133,189,188,230,56,42
25282,74,111,98,125,37,27
25283,58,88,52,75,30,23
25284,32,59,81,102,27,21
25285,34,71,108,135,37,27
25286,29,66,150,178,37,28
25287,124,165,0,31,41,31
25288,66,75,141,147,9,6
25289,58,91,168,192,33,24
25290,64,90,212,231,26,19
25291,71,98,233,253,27,20
25292,105,137,181,205,32,24
25293,120,139,255,269,19,14
25294,129,175,278,312,46,34
25295,99,117,238,251,18,13
25296,69,80,261,269,11,8
25297,54,80,165,185,26,20
25298,53,68,95,106,15,11
25299,30,54,131,149,24,18
25300,52,71,27,40,19,13
25301,61,88,46,66,27,20
25302,85,107,83,99,22,16
25303,124,151,117,137,27,20
25304,141,176,242,269,35,27
25305,169,201,296,319,32,23
25306,66,80,86,97,14,11
25307,27,48,208,224,21,16
25308,110,137,293,313,27,20
25309,106,132,231,251,26,20
25310,104,133,148,169,29,21
25311,96,117,81,97,21,16
25312,77,93,228,240,16,12
25313,127,151,90,108,24,18
25314,124,148,143,161,24,18
25315,115,134,208,222,19,14
25316,99,120,303,319,21,16
25317,76,98,322,339,22,17
25318,66,93,224,244,27,20
25319,107,122,46,58,15,12
25320,105,121,96,108,16,12
25321,115,134,144,158,19,14
25322,149,161,139,149,12,10
25323,159,173,194,205,14,11
25324,161,179,241,255,18,14
25325,93,110,225,237,17,12
25326,63,73,187,195,10,8
25327,47,66,218,231,19,13
25328,39,51,174,183,12,9
25329,30,49,97,111,19,14
25330,41,57,131,143,16,12
25331,79,96,178,191,17,13
25332,92,109,147,160,17,13
25333,112,128,108,120,16,12
25334,127,144,170,183,17,13
25335,146,164,212,226,18,14
25336,165,178,153,163,13,10
25337,36,50,164,174,14,10
25338,32,49,217,230,17,13
25339,33,46,104,114,13,10
25340,63,75,90,99,12,9
25341,83,100,66,79,17,13
25342,110,122,42,51,12,9
25343,153,176,80,97,23,17
25344,40,54,276,286,14,10
25345,37,53,310,322,16,12
25346,56,73,195,207,17,12
25347,59,76,238,251,17,13
25348,50,63,283,292,13,9
25349,18,30,243,252,12,9
25350,23,34,187,195,11,8
25351,36,45,165,172,9,7
25352,43,54,126,134,11,8
25353,38,51,86,96,13,10
25354,22,35,110,120,13,10
25355,31,40,76,82,9,6
25356,56,69,70,80,13,10
25357,52,62,50,57,10,7
25358,100,116,73,85,16,12
25359,139,158,72,86,19,14
25360,147,165,101,115,18,14
25361,126,144,22,36,18,14
25362,164,174,40,48,10,8
25363,181,193,68,77,12,9
25364,190,206,103,116,16,13
25365,178,200,150,166,22,16
25366,171,185,179,189,14,10
25367,132,141,159,165,9,6
25368,101,110,176,183,9,7
25369,84,95,249,257,11,8
25370,173,189,227,239,16,12
25371,186,207,250,266,21,16
25372,198,210,294,304,12,10
25373,144,155,204,212,11,8
25374,132,142,191,199,10,8
25375,58,71,30,40,13,10
25376,35,54,5,19,19,14
25377,28,46,25,38,18,13
25378,6,19,54,64,13,10
25379,99,110,188,196,11,8
25380,100,120,234,250,20,16
25381,76,86,142,149,10,7
25382,42,54,164,173,12,9
25383,32,47,192,203,15,11
25384,37,48,76,84,11,8
25385,41,56,100,112,15,12
25386,47,64,19,32,17,13
25387,115,135,23,38,20,15
25388,139,161,58,74,22,16
25389,167,184,81,94,17,13
25390,177,195,141,155,18,14
25391,159,186,222,241,27,19
25392,151,178,288,308,27,20
25393,95,109,127,138,14,11
25394,109,130,160,176,21,16
25395,119,142,197,214,23,17
25396,130,155,237,256,25,19
25397,77,86,138,145,9,7
25398,53,66,171,181,13,10
25399,34,43,206,213,9,7
25400,42,53,132,140,11,8
25401,45,51,82,87,6,5
25402,73,83,23,31,10,8
25403,120,139,33,48,19,15
25404,136,151,68,80,15,12
25405,157,171,99,109,14,10
25406,57,63,171,176,6,5
25407,46,60,209,219,14,10
25408,76,91,190,201,15,11
25409,113,126,178,187,13,9
25410,134,152,192,205,18,13
25411,156,174,172,186,18,14
25412,166,183,220,233,17,13
25413,158,176,275,288,18,13
25414,88,107,293,307,19,14
25415,32,54,289,305,22,16
25416,39,52,231,241,13,10
25417,23,36,193,202,13,9
25418,6,23,158,171,17,13
25419,12,19,116,121,7,5
25420,32,48,123,135,16,12
25421,62,75,90,99,13,9
25422,85,100,72,82,15,10
25423,125,144,49,63,19,14
25424,146,165,85,99,19,14
25425,132,146,136,146,14,10
25426,168,181,42,51,13,9
25427,183,201,76,90,18,14
25428,183,206,105,122,23,17
25429,205,218,45,55,13,10
25430,133,150,12,25,17,13
25431,116,132,287,298,16,11
25432,137,156,227,241,19,14
25433,183,207,282,300,24,18
25434,207,223,250,262,16,12
25435,80,90,321,328,10,7
25436,38,49,310,318,11,8
25437,16,27,249,257,11,8
25438,75,89,150,160,14,10
25439,130,158,42,63,28,21
25440,141,152,225,234,11,9
25441,129,147,184,197,18,13
25442,139,150,140,148,11,8
25443,170,187,111,124,17,13
25444,86,102,116,127,16,11
25445,66,85,143,158,19,15
25446,53,68,183,195,15,12
25447,48,69,219,235,21,16
25448,47,67,264,279,20,15
25449,46,66,305,321,20,16
25450,18,33,239,251,15,12
25451,20,36,187,198,16,11
25452,34,45,147,155,11,8
25453,39,51,105,114,12,9
25454,50,65,75,86,15,11
25455,79,98,76,90,19,14
25456,41,58,39,52,17,13
25457,48,61,20,29,13,9
25458,107,131,3,21,24,18
25459,117,134,72,84,17,12
25460,178,204,62,82,26,20
25461,193,205,41,50,12,9
25462,190,210,275,289,20,14
25463,99,111,264,273,12,9
25464,22,34,279,288,12,9
25465,115,122,251,256,7,5
25466,102,119,210,222,17,12
25467,106,123,180,193,17,13
25468,117,132,144,156,15,12
25469,122,141,109,123,19,14
25470,13,30,322,334,17,12
25471,6,20,213,224,14,11
25472,5,24,139,154,19,15
25473,164,175,150,157,11,7
25474,144,165,187,203,21,16
25475,151,163,89,98,12,9
25476,136,154,27,40,18,13
25477,77,93,87,98,16,11
25478,50,66,131,143,16,12
25479,49,63,177,187,14,10
25480,48,62,204,214,14,10
25481,42,60,248,261,18,13
25482,46,63,297,310,17,13
25483,20,32,321,330,12,9
25484,21,32,294,302,11,8
25485,16,28,255,264,12,9
25486,14,27,214,224,13,10
25487,17,31,177,188,14,11
25488,20,30,145,152,10,7
25489,22,39,97,110,17,13
25490,32,54,69,86,22,17
25491,29,50,27,43,21,16
25492,65,83,14,28,18,14
25493,154,175,159,174,21,15
25494,200,216,201,214,16,13
25495,204,220,248,259,16,11
25496,194,207,155,165,13,10
25497,136,151,125,137,15,12
25498,120,138,71,84,18,13
25499,107,119,96,105,12,9
25500,83,93,150,158,10,8
25501,79,93,175,186,14,11
25502,83,95,223,232,12,9
25503,81,99,254,267,18,13
25504,78,95,299,311,17,12
25505,72,78,334,339,6,5
25506,106,117,320,328,11,8
25507,111,118,347,353,7,6
25508,186,208,302,319,22,17
25509,197,217,272,288,20,16
25510,178,190,232,241,12,9
25511,117,152,324,350,35,26
25512,178,228,96,133,50,37
25513,117,140,135,152,23,17
25514,109,131,171,187,22,16
25515,149,167,99,112,18,13
25516,162,181,154,168,19,14
25517,149,171,199,216,22,17
25518,145,176,223,246,31,23
25519,104,117,216,226,13,10
25520,39,54,202,213,15,11
25521,29,43,152,162,14,10
25522,29,46,100,112,17,12
25523,41,64,28,45,23,17
25524,71,105,237,263,34,26
25525,150,163,180,190,13,10
25526,142,166,232,251,24,19
25527,81,96,193,204,15,11
25528,48,56,166,172,8,6
25529,25,39,204,214,14,10
25530,22,45,264,281,23,17
25531,68,95,283,304,27,21
25532,22,34,113,123,12,10
25533,48,70,92,109,22,17
25534,87,111,66,84,24,18
25535,139,161,71,87,22,16
25536,159,178,120,134,19,14
25537,108,121,161,170,13,9
25538,165,185,200,215,20,15
25539,153,178,278,297,25,19
25540,105,125,317,332,20,15
25541,109,128,194,208,19,14
25542,180,204,237,255,24,18
25543,196,217,168,184,21,16
25544,188,205,83,95,17,12
25545,167,195,40,61,28,21
25546,66,90,29,48,24,19
25547,96,112,158,169,16,11
25548,102,113,186,195,11,9
25549,49,63,169,179,14,10
25550,29,44,133,144,15,11
25551,29,40,100,109,11,9
25552,26,41,56,68,15,12
25553,51,63,27,36,12,9
25554,65,76,53,61,11,8
25555,117,137,77,92,20,15
25556,151,166,45,56,15,11
25557,151,170,108,122,19,14
25558,149,168,148,163,19,15
25559,144,161,194,207,17,13
25560,154,180,238,257,26,19
25561,169,191,283,299,22,16
25562,106,117,231,239,11,8
25563,24,34,239,246,10,7
25564,21,34,274,283,13,9
25565,19,39,306,321,20,15
25566,119,135,249,261,16,12
25567,119,134,208,219,15,11
25568,176,197,174,190,21,16
25569,186,201,121,132,15,11
25570,183,205,66,82,22,16
25571,112,132,122,137,20,15
25572,9,17,171,177,8,6
25573,10,22,110,118,12,8
25574,11,21,47,54,10,7
25575,23,41,8,21,18,13
25576,138,161,6,23,23,17
25577,146,168,313,330,22,17
25578,200,215,281,293,15,12
25579,85,100,186,197,15,11
25580,88,112,124,142,24,18
25581,120,140,207,222,20,15
25582,137,161,259,277,24,18
25583,154,168,134,145,14,11
25584,48,65,261,274,17,13
25585,20,44,185,203,24,18
25586,21,43,98,115,22,17
25587,47,59,72,81,12,9
25588,118,151,154,179,33,25
25589,117,144,206,226,27,20
25590,120,142,102,118,22,16
25591,64,83,152,166,19,14
25592,53,78,244,263,25,19
25593,45,66,290,306,21,16
25594,44,65,70,86,21,16
25595,64,94,20,42,30,22
25596,127,154,22,42,27,20
25597,162,180,62,76,18,14
25598,184,202,106,120,18,14
25599,96,110,222,232,14,10
25600,85,104,288,302,19,14
25601,48,68,237,253,20,16
25602,45,61,184,196,16,12
25603,43,60,99,112,17,13
25604,63,80,48,61,17,13
25605,99,118,71,85,19,14
25606,146,169,224,242,23,18
25607,143,173,281,303,30,22
25608,23,42,292,306,19,14
25609,56,77,311,327,21,16
25610,46,63,268,281,17,13
25611,92,110,250,264,18,14
25612,144,172,149,170,28,21
25613,169,188,121,135,19,14
25614,193,208,50,60,15,10
25615,196,215,67,81,19,14
25616,191,208,203,216,17,13
25617,100,120,99,114,20,15
25618,115,129,220,231,14,11
25619,115,133,160,174,18,14
25620,76,97,269,285,21,16
25621,40,58,303,317,18,14
25622,27,43,238,250,16,12
25623,19,32,122,132,13,10
25624,18,34,168,179,16,11
25625,32,44,55,64,12,9
25626,54,80,23,42,26,19
25627,104,124,25,40,20,15
25628,152,178,58,77,26,19
25629,155,174,107,121,19,14
25630,159,177,146,160,18,14
25631,161,179,208,222,18,14
25632,161,179,265,279,18,14
25633,71,90,195,209,19,14
25634,56,85,255,277,29,22
25635,36,52,216,227,16,11
25636,41,58,162,174,17,12
25637,67,81,134,145,14,11
25638,95,110,143,153,15,10
25639,113,130,176,189,17,13
25640,122,137,228,239,15,11
25641,120,139,287,301,19,14
25642,160,179,263,278,19,15
25643,173,200,302,322,27,20
25644,192,215,233,251,23,18
25645,34,46,110,119,12,9
25646,32,46,42,53,14,11
25647,66,90,12,30,24,18
25648,109,137,10,31,28,21
25649,90,107,47,60,17,13
25650,84,104,86,101,20,15
25651,11,24,185,194,13,9
25652,13,28,255,266,15,11
25653,11,26,299,310,15,11
25654,33,60,303,323,27,20
25655,60,83,322,339,23,17
25656,36,49,238,248,13,10
25657,68,85,227,240,17,13
25658,107,129,240,256,22,16
25659,154,174,216,231,20,15
25660,190,220,254,276,30,22
25661,127,145,145,158,18,13
25662,71,87,289,302,16,13
25663,43,62,249,263,19,14
25664,34,56,193,209,22,16
25665,32,51,155,169,19,14
25666,68,89,160,176,21,16
25667,41,56,118,128,15,10
25668,29,48,68,83,19,15
25669,11,26,108,119,15,11
25670,12,29,36,49,17,13
25671,39,54,19,31,15,12
25672,49,63,48,59,14,11
25673,72,82,21,28,10,7
25674,117,133,13,25,16,12
25675,142,166,37,55,24,18
25676,155,173,93,106,18,13
25677,154,175,135,151,21,16
25678,106,126,168,183,20,15
25679,133,151,183,197,18,14
25680,147,172,208,227,25,19
25681,186,212,212,232,26,20
25682,198,217,257,271,19,14
25683,103,121,300,313,18,13
25684,56,71,311,322,15,11
25685,27,46,289,302,19,13
25686,19,39,326,341,20,15
25687,14,29,262,272,15,10
25688,14,39,223,242,25,19
25689,54,83,216,237,29,21
25690,10,24,174,185,14,11
25691,127,154,102,122,27,20
25692,142,161,150,164,19,14
25693,144,166,178,194,22,16
25694,101,110,199,206,9,7
25695,108,115,219,224,7,5
25696,59,75,289,301,16,12
25697,10,26,250,262,16,12
25698,17,29,187,196,12,9
25699,13,29,162,175,16,13
25700,16,32,116,127,16,11
25701,16,36,68,84,20,16
25702,44,54,24,32,10,8
25703,53,72,85,100,19,15
25704,58,73,118,128,15,10
25705,56,68,146,155,12,9
25706,47,58,183,191,11,8
25707,9,22,221,231,13,10
25708,175,194,125,139,19,14
25709,188,207,83,97,19,14
25710,186,210,33,51,24,18
25711,166,181,56,68,15,12
25712,202,218,134,146,16,12
25713,186,207,191,207,21,16
25714,188,209,239,255,21,16
25715,195,212,281,294,17,13
25716,156,174,218,232,18,14
25717,124,136,195,203,12,8
25718,110,115,240,244,5,4
25719,95,124,263,285,29,22
25720,71,94,189,206,23,17
25721,76,97,124,140,21,16
25722,105,122,78,90,17,12
25723,131,149,98,112,18,14
25724,36,54,92,106,18,14
25725,17,37,149,164,20,15
25726,101,122,153,168,21,15
25727,100,128,197,218,28,21
25728,63,76,230,239,13,9
25729,28,41,262,272,13,10
25730,31,45,305,316,14,11
25731,127,153,233,253,26,20
25732,138,159,280,296,21,16
25733,168,193,147,167,25,20
25734,171,187,199,211,16,12
25735,152,173,79,95,21,16
25736,137,161,102,120,24,18
25737,184,205,61,77,21,16
25738,166,183,27,40,17,13
25739,129,146,49,61,17,12
25740,48,63,28,39,15,11
25741,26,46,50,64,20,14
25742,10,34,85,103,24,18
25743,17,35,118,131,18,13
25744,12,37,143,162,25,19
25745,14,32,180,193,18,13
25746,9,34,199,217,25,18
25747,52,72,173,188,20,15
25748,71,92,191,207,21,16
25749,11,28,330,342,17,12
25750,146,167,303,319,21,16
25751,195,215,249,264,20,15
25752,195,221,295,314,26,19
25753,139,160,177,193,21,16
25754,98,119,123,139,21,16
25755,125,146,174,190,21,16
25756,125,149,209,227,24,18
25757,132,164,261,285,32,24
25758,90,110,307,322,20,15
25759,37,52,290,301,15,11
25760,36,54,218,231,18,13
25761,139,158,203,217,19,14
25762,142,166,256,274,24,18
25763,161,177,145,157,16,12
25764,171,190,202,216,19,14
25765,183,203,268,283,20,15
25766,115,133,100,114,18,14
25767,58,70,110,119,12,9
25768,48,62,137,147,14,10
25769,24,37,112,121,13,9
25770,56,66,74,82,10,8
25771,92,116,63,81,24,18
25772,140,169,47,69,29,22
25773,171,188,96,109,17,13
25774,191,202,54,62,11,8
25775,204,223,129,144,19,15
25776,125,139,163,174,14,11
25777,24,34,186,194,10,8
25778,15,27,226,235,12,9
25779,14,29,278,290,15,12
25780,18,30,312,321,12,9
25781,151,180,301,322,29,21
25782,113,129,317,328,16,11
25783,113,126,237,246,13,9
25784,114,127,194,204,13,10
25785,177,199,175,192,22,17
25786,208,225,216,228,17,12
25787,115,132,17,29,17,12
25788,132,151,298,313,19,15
25789,115,132,298,310,17,12
25790,142,155,147,157,13,10
25791,153,171,170,184,18,14
25792,173,188,209,220,15,11
25793,178,194,99,110,16,11
25794,200,213,156,166,13,10
25795,198,220,274,290,22,16
25796,181,203,329,346,22,17
25797,132,146,253,264,14,11
25798,90,99,251,258,9,7
25799,41,51,255,262,10,7
25800,39,56,213,225,17,12
25801,43,58,161,173,15,12
25802,41,54,98,108,13,10
25803,41,60,28,42,19,14
25804,65,85,41,56,20,15
25805,107,129,28,45,22,17
25806,150,172,37,54,22,17
25807,149,171,76,92,22,16
25808,195,212,47,60,17,13
25809,215,231,24,36,16,12
25810,205,230,95,113,25,18
25811,10,24,278,290,14,12
25812,8,26,318,331,18,13
25813,41,59,306,319,18,13
25814,52,66,328,339,14,11
25815,74,90,302,314,16,12
25816,63,81,222,236,18,14
25817,47,59,281,290,12,9
25818,22,46,192,210,24,18
25819,46,74,134,156,28,22
25820,62,80,71,84,18,13
25821,21,50,89,110,29,21
25822,39,58,30,44,19,14
25823,91,107,33,44,16,11
25824,120,144,10,28,24,18
25825,129,148,37,51,19,14
25826,115,137,66,82,22,16
25827,94,111,106,119,17,13
25828,90,106,141,152,16,11
25829,89,102,184,194,13,10
25830,100,117,238,251,17,13
25831,78,100,307,324,22,17
25832,132,159,303,323,27,20
25833,166,190,266,284,24,18
25834,186,205,215,229,19,14
25835,196,217,137,153,21,16
25836,177,202,38,56,25,18
25837,172,197,55,74,25,19
25838,188,208,76,91,20,15
25839,193,214,164,179,21,15
25840,122,142,144,159,20,15
25841,164,198,289,315,34,26
25842,130,152,245,261,22,16
25843,141,157,227,239,16,12
25844,190,217,236,257,27,21
25845,197,212,115,126,15,11
25846,121,134,87,97,13,10
25847,155,171,14,26,16,12
25848,190,215,5,24,25,19
25849,8,24,233,245,16,12
25850,102,128,159,179,26,20
25851,121,149,92,114,28,22
25852,123,148,191,210,25,19
25853,70,90,217,233,20,16
25854,49,56,211,217,7,6
25855,22,34,186,195,12,9
25856,24,40,143,155,16,12
25857,34,46,102,111,12,9
25858,44,71,36,56,27,20
25859,110,132,4,21,22,17
25860,137,157,50,65,20,15
25861,142,161,111,125,19,14
25862,77,93,126,138,16,12
25863,46,51,193,197,5,4
25864,34,48,153,164,14,11
25865,31,55,242,260,24,18
25866,36,60,295,313,24,18
25867,9,33,259,277,24,18
25868,10,26,168,179,16,11
25869,9,24,91,103,15,12
25870,27,49,41,57,22,16
25871,46,59,89,99,13,10
25872,17,35,125,138,18,13
25873,105,119,115,125,14,10
25874,117,127,145,153,10,8
25875,146,176,153,175,30,22
25876,166,197,203,226,31,23
25877,181,205,266,284,24,18
25878,192,208,55,67,16,12
25879,209,229,95,110,20,15
25880,168,188,301,316,20,15
25881,76,88,286,295,12,9
25882,34,58,317,335,24,18
25883,71,88,164,177,17,13
25884,127,146,73,87,19,14
25885,164,188,8,26,24,18
25886,202,222,15,31,20,16
25887,171,189,100,113,18,13
25888,186,210,131,149,24,18
25889,194,220,165,184,26,19
25890,207,227,237,252,20,15
25891,199,223,302,320,24,18
25892,68,91,251,268,23,17
25893,115,131,206,219,16,13
25894,133,156,148,166,23,18
25895,176,195,152,166,19,14
25896,173,191,211,224,18,13
25897,168,188,263,278,20,15
25898,123,143,292,306,20,14
25899,49,69,301,316,20,15
25900,46,61,278,289,15,11
25901,34,52,219,233,18,14
25902,32,53,162,178,21,16
25903,34,56,107,124,22,17
25904,50,74,63,81,24,18
25905,95,114,83,97,19,14
25906,59,71,19,28,12,9
25907,173,194,29,45,21,16
25908,132,149,139,152,17,13
25909,142,164,169,185,22,16
25910,65,87,181,198,22,17
25911,148,171,207,224,23,17
25912,165,187,84,101,22,17
25913,126,156,17,40,30,23
25914,62,87,29,47,25,18
25915,77,94,6,19,17,13
25916,5,19,17,29,14,12
25917,14,36,69,86,22,17
25918,29,48,119,133,19,14
25919,54,71,109,122,17,13
25920,63,85,137,153,22,16
25921,34,54,181,195,20,14
25922,25,46,221,237,21,16
25923,19,36,260,273,17,13
25924,17,43,297,316,26,19
25925,56,81,272,291,25,19
25926,63,79,328,341,16,13
25927,98,115,241,254,17,13
25928,106,123,265,278,17,13
25929,175,200,239,258,25,19
25930,190,212,286,303,22,17
25931,188,213,195,214,25,19
25932,193,217,151,170,24,19
25933,136,160,98,116,24,18
25934,94,111,139,151,17,12
25935,89,107,119,132,18,13
25936,74,94,79,94,20,15
25937,45,60,94,105,15,11
25938,25,38,125,135,13,10
25939,44,54,62,70,10,8
25940,51,63,31,40,12,9
25941,85,100,36,48,15,12
25942,122,147,67,86,25,19
25943,154,176,114,131,22,17
25944,152,176,172,190,24,18
25945,142,159,225,238,17,13
25946,96,111,190,202,15,12
25947,81,102,217,232,21,15
25948,41,57,238,250,16,12
25949,39,54,269,280,15,11
25950,34,63,315,337,29,22
25951,83,107,317,335,24,18
25952,125,141,300,312,16,12
25953,37,53,185,196,16,11
25954,43,56,224,234,13,10
25955,77,94,207,220,17,13
25956,91,111,157,172,20,15
25957,19,38,147,160,19,13
25958,16,31,117,129,15,12
25959,13,31,72,86,18,14
25960,6,18,28,37,12,9
25961,12,27,183,195,15,12
25962,112,130,194,207,18,13
25963,145,164,160,174,19,14
25964,140,165,234,252,25,18
25965,143,170,264,284,27,20
25966,152,172,297,311,20,14
25967,173,190,211,224,17,13
25968,184,192,163,169,8,6
25969,188,203,247,259,15,12
25970,182,210,277,298,28,21
25971,10,31,244,260,21,16
25972,14,30,286,298,16,12
25973,19,39,317,332,20,15
25974,124,154,318,340,30,22
25975,144,171,80,100,27,20
25976,144,167,26,44,23,18
25977,110,130,46,61,20,15
25978,83,104,61,77,21,16
25979,78,95,167,179,17,12
25980,87,105,201,214,18,13
25981,61,78,127,140,17,13
25982,94,108,126,137,14,11
25983,134,159,133,151,25,18
25984,153,175,67,84,22,17
25985,174,186,118,128,12,10
25986,160,177,183,195,17,12
25987,132,151,231,245,19,14
25988,99,127,284,304,28,20
25989,54,71,302,315,17,13
25990,24,44,270,284,20,14
25991,19,39,228,243,20,15
25992,14,31,167,180,17,13
25993,9,26,107,120,17,13
25994,11,28,52,65,17,13
25995,38,58,17,33,20,16
25996,81,97,17,29,16,12
25997,127,146,37,51,19,14
25998,154,172,17,31,18,14
25999,113,129,176,189,16,13
26000,154,180,196,216,26,20
26001,173,193,234,250,20,16
26002,156,184,273,294,28,21
26003,104,123,237,252,19,15
26004,141,161,291,306,20,15
26005,156,176,310,325,20,15
26006,196,215,291,305,19,14
26007,200,217,162,175,17,13
26008,201,218,90,103,17,13
26009,177,202,39,58,25,19
26010,196,220,5,22,24,17
26011,110,129,8,22,19,14
26012,130,151,178,194,21,16
26013,135,155,245,260,20,15
26014,75,85,298,306,10,8
26015,68,78,270,278,10,8
26016,66,73,224,229,7,5
26017,72,79,191,196,7,5
26018,68,80,154,163,12,9
26019,131,149,113,126,18,13
26020,96,118,76,93,22,17
26021,71,88,123,136,17,13
26022,56,71,77,88,15,11
26023,73,90,35,48,17,13
26024,112,129,33,45,17,12
26025,150,173,37,54,23,17
26026,164,173,81,88,9,7
26027,175,188,114,124,13,10
26028,98,108,123,131,10,8
26029,40,56,223,235,16,12
26030,32,52,279,295,20,16
26031,12,31,248,262,19,14
26032,11,29,173,186,18,13
26033,29,36,209,214,7,5
26034,12,30,129,142,18,13
26035,12,29,80,93,17,13
26036,15,29,43,54,14,11
26037,22,39,2,14,17,12
26038,49,67,49,62,18,13
26039,159,181,152,169,22,17
26040,168,198,267,289,30,22
26041,130,148,291,304,18,13
26042,115,129,315,326,14,11
26043,83,101,306,319,18,13
26044,41,55,325,335,14,10
26045,61,68,296,301,7,5
26046,69,81,253,262,12,9
26047,199,225,166,185,26,19
26048,131,149,138,151,18,13
26049,122,143,63,78,21,15
26050,73,90,91,104,17,13
26051,56,74,6,20,18,14
26052,110,130,6,20,20,14
26053,160,180,11,25,20,14
26054,193,218,40,59,25,19
26055,207,225,79,92,18,13
26056,154,166,247,256,12,9
26057,175,198,304,322,23,18
26058,137,157,162,178,20,16
26059,87,110,212,230,23,18
26060,61,72,194,202,11,8
26061,41,55,218,229,14,11
26062,26,46,145,160,20,15
26063,36,51,97,108,15,11
26064,51,69,45,59,18,14
26065,82,99,15,28,17,13
26066,83,99,70,82,16,12
26067,122,143,28,44,21,16
26068,139,159,58,73,20,15
26069,149,166,90,103,17,13
26070,181,195,76,86,14,10
26071,184,198,41,52,14,11
26072,185,201,108,121,16,13
26073,188,205,149,161,17,12
26074,171,203,206,230,32,24
26075,154,178,254,272,24,18
26076,83,99,159,172,16,13
26077,41,49,175,181,8,6
26078,7,22,188,199,15,11
26079,7,19,215,224,12,9
26080,12,26,251,262,14,11
26081,17,29,290,300,12,10
26082,46,61,261,273,15,12
26083,51,67,288,300,16,12
26084,52,67,310,321,15,11
26085,7,23,109,120,16,11
26086,7,26,44,58,19,14
26087,56,65,17,23,9,6
26088,134,149,145,155,15,10
26089,212,239,83,103,27,20
26090,154,164,207,214,10,7
26091,152,162,246,254,10,8
26092,159,167,170,176,8,6
26093,170,184,206,216,14,10
26094,78,85,214,219,7,5
26095,75,83,191,197,8,6
26096,68,78,146,154,10,8
26097,60,69,111,118,9,7
26098,17,29,125,134,12,9
26099,17,32,85,97,15,12
26100,22,32,48,55,10,7
26101,12,19,161,166,7,5
26102,14,23,191,198,9,7
26103,19,29,230,237,10,7
26104,39,49,212,219,10,7
26105,41,49,259,265,8,6
26106,34,51,299,313,17,14
26107,71,79,310,316,8,6
26108,82,90,273,279,8,6
26109,96,103,301,306,7,5
26110,107,117,329,336,10,7
26111,112,118,245,250,6,5
26112,137,151,263,274,14,11
26113,157,171,284,294,14,10
26114,135,147,213,222,12,9
26115,166,184,228,242,18,14
26116,184,190,265,270,6,5
26117,190,198,181,187,8,6
26118,200,210,209,216,10,7
26119,208,218,243,250,10,7
26120,205,214,287,293,9,6
26121,165,180,319,330,15,11
26122,161,181,120,135,20,15
26123,110,129,42,55,19,13
26124,58,70,51,59,12,8
26125,48,63,21,32,15,11
26126,71,87,109,121,16,12
26127,76,95,141,155,19,14
26128,76,99,51,69,23,18
26129,107,127,79,93,20,14
26130,116,132,20,32,16,12
26131,139,153,57,67,14,10
26132,134,151,124,136,17,12
26133,121,146,169,188,25,19
26134,138,156,228,241,18,13
26135,176,189,180,190,13,10
26136,179,196,232,245,17,13
26137,185,204,111,125,19,14
26138,178,200,48,65,22,17
26139,105,123,111,125,18,14
26140,49,68,75,89,19,14
26141,49,65,35,47,16,12
26142,66,82,8,20,16,12
26143,13,25,152,161,12,9
26144,13,29,196,208,16,12
26145,15,31,228,240,16,12
26146,18,32,265,276,14,11
26147,63,83,189,204,20,15
26148,98,118,205,221,20,16
26149,130,150,257,272,20,15
26150,169,193,284,302,24,18
26151,182,200,314,328,18,14
26152,204,217,272,282,13,10
26153,199,216,198,211,17,13
26154,161,183,138,154,22,16
26155,159,177,91,105,18,14
26156,152,172,8,23,20,15
26157,14,28,0,10,14,10
26158,3,16,26,36,13,10
26159,5,14,63,70,9,7
26160,21,36,74,85,15,11
26161,26,49,296,313,23,17
26162,78,91,88,98,13,10
26163,76,98,123,139,22,16
26164,49,59,120,128,10,8
26165,24,33,76,82,9,6
26166,19,26,99,104,7,5
26167,39,49,33,40,10,7
26168,71,83,54,63,12,9
26169,100,118,66,80,18,14
26170,117,127,92,100,10,8
26171,143,156,73,82,13,9
26172,156,165,124,131,9,7
26173,150,161,155,163,11,8
26174,136,147,195,203,11,8
26175,125,142,232,245,17,13
26176,97,107,198,205,10,7
26177,107,122,261,273,15,12
26178,104,122,306,319,18,13
26179,139,155,290,302,16,12
26180,174,187,245,254,13,9
26181,190,200,193,201,10,8
26182,190,200,147,154,10,7
26183,189,199,97,104,10,7
26184,182,194,52,62,12,10
26185,112,128,117,129,16,12
26186,107,124,145,159,17,14
26187,75,85,170,178,10,8
26188,22,32,212,219,10,7
26189,16,27,259,268,11,9
26190,27,41,287,298,14,11
26191,46,60,253,263,14,10
26192,54,68,284,295,14,11
26193,61,75,315,325,14,10
26194,132,151,319,334,19,15
26195,182,197,304,315,15,11
26196,138,155,259,271,17,12
26197,10,27,162,174,17,12
26198,5,17,110,120,12,10
26199,2,15,71,80,13,9
26200,8,24,32,45,16,13
26201,89,98,155,162,9,7
26202,63,74,111,119,11,8
26203,69,79,70,78,10,8
26204,48,59,132,141,11,9
26205,25,34,99,106,9,7
26206,30,43,55,65,13,10
26207,50,61,30,39,11,9
26208,84,102,18,32,18,14
26209,164,183,32,46,19,14
26210,177,195,59,73,18,14
26211,188,208,101,115,20,14
26212,200,216,147,159,16,12
26213,169,181,195,203,12,8
26214,129,143,217,227,14,10
26215,122,133,197,205,11,8
26216,118,127,245,252,9,7
26217,109,122,278,287,13,9
26218,139,164,288,306,25,18
26219,165,190,315,334,25,19
26220,196,215,280,295,19,15
26221,192,205,233,243,13,10
26222,51,61,307,315,10,8
26223,49,61,330,339,12,9
26224,18,30,316,325,12,9
26225,23,38,283,294,15,11
26226,41,56,259,270,15,11
26227,20,32,234,243,12,9
26228,28,37,203,210,9,7
26229,17,33,178,190,16,12
26230,38,51,174,183,13,9
26231,22,33,157,166,11,9
26232,14,33,126,140,19,14
26233,5,16,66,74,11,8
26234,26,39,75,85,13,10
26235,9,24,23,35,15,12
26236,30,44,14,24,14,10
26237,71,82,175,183,11,8
26238,64,76,195,204,12,9
26239,58,71,210,219,13,9
26240,85,91,200,205,6,5
26241,90,100,131,139,10,8
26242,159,173,216,227,14,11
26243,82,104,216,232,22,16
26244,73,95,177,194,22,17
26245,63,81,123,137,18,14
26246,67,88,78,94,21,16
26247,102,118,93,106,16,13
26248,139,156,101,114,17,13
26249,162,181,123,137,19,14
26250,166,190,49,67,24,18
26251,193,208,179,190,15,11
26252,178,205,245,265,27,20
26253,113,128,227,238,15,11
26254,78,90,295,304,12,9
26255,49,60,272,281,11,9
26256,27,43,314,325,16,11
26257,16,29,255,265,13,10
26258,22,36,211,221,14,10
26259,18,36,165,178,18,13
26260,18,37,116,130,19,14
26261,22,39,81,94,17,13
26262,32,45,32,42,13,10
26263,70,91,35,51,21,16
26264,107,128,42,58,21,16
26265,132,151,27,40,19,13
26266,168,189,72,88,21,16
26267,158,172,165,175,14,10
26268,167,181,199,209,14,10
26269,157,166,244,251,9,7
26270,171,186,290,301,15,11
26271,151,164,315,325,13,10
26272,95,109,241,252,14,11
26273,161,173,252,261,12,9
26274,171,186,169,181,15,12
26275,178,194,109,120,16,11
26276,130,144,143,153,14,10
26277,110,122,119,127,12,8
26278,54,69,93,104,15,11
26279,37,51,144,154,14,10
26280,29,47,194,207,18,13
26281,28,39,227,235,11,8
26282,44,58,245,256,14,11
26283,48,61,274,284,13,10
26284,75,94,275,290,19,15
26285,107,119,278,286,12,8
26286,139,157,281,294,18,13
26287,161,176,311,323,15,12
26288,199,215,300,312,16,12
26289,208,223,236,247,15,11
26290,207,219,185,194,12,9
26291,172,193,44,59,21,15
26292,134,158,70,88,24,18
26293,122,145,7,24,23,17
26294,74,88,7,17,14,10
26295,32,42,22,30,10,8
26296,21,30,42,49,9,7
26297,48,73,44,63,25,19
26298,21,36,76,88,15,12
26299,19,34,116,127,15,11
26300,60,83,120,137,23,17
26301,67,78,170,178,11,8
26302,52,66,190,201,14,11
26303,59,73,216,226,14,10
26304,63,77,232,242,14,10
26305,24,33,257,263,9,6
26306,26,39,286,295,13,9
26307,32,46,312,322,14,10
26308,71,79,314,321,8,7
26309,77,88,340,349,11,9
26310,101,110,314,321,9,7
26311,139,156,315,328,17,13
26312,124,137,297,307,13,10
26313,183,205,315,331,22,16
26314,168,188,281,296,20,15
26315,113,129,251,262,16,11
26316,113,127,174,184,14,10
26317,134,152,165,178,18,13
26318,168,188,130,145,20,15
26319,144,159,110,121,15,11
26320,126,141,121,132,15,11
26321,179,193,86,97,14,11
26322,29,38,217,223,9,6
26323,46,57,189,198,11,9
26324,65,76,167,175,11,8
26325,67,88,202,218,21,16
26326,36,49,173,182,13,9
26327,79,90,137,145,11,8
26328,103,124,149,165,21,16
26329,76,90,101,111,14,10
26330,59,73,73,83,14,10
26331,71,80,24,31,9,7
26332,95,107,7,17,12,10
26333,128,144,13,25,16,12
26334,149,166,32,45,17,13
26335,156,172,70,81,16,11
26336,151,168,105,118,17,13
26337,119,127,112,117,8,5
26338,134,151,131,143,17,12
26339,142,165,162,179,23,17
26340,129,145,195,207,16,12
26341,105,120,231,242,15,11
26342,105,115,192,199,10,7
26343,76,82,238,243,6,5
26344,72,82,266,274,10,8
26345,55,69,319,330,14,11
26346,17,27,322,330,10,8
26347,5,16,298,306,11,8
26348,12,23,247,255,11,8
26349,12,19,208,214,7,6
26350,13,24,176,185,11,9
26351,15,27,139,148,12,9
26352,18,32,99,110,14,11
26353,14,28,55,65,14,10
26354,38,50,37,46,12,9
26355,174,190,66,78,16,12
26356,179,197,103,116,18,13
26357,187,208,131,146,21,15
26358,191,208,177,189,17,12
26359,173,199,217,237,26,20
26360,161,188,255,275,27,20
26361,161,179,296,309,18,13
26362,135,151,316,328,16,12
26363,124,144,273,288,20,15
26364,116,127,327,335,11,8
26365,86,100,321,331,14,10
26366,119,133,184,194,14,10
26367,126,151,222,240,25,18
26368,90,103,133,143,13,10
26369,54,69,175,187,15,12
26370,42,56,105,116,14,11
26371,69,84,58,70,15,12
26372,107,129,21,38,22,17
26373,117,132,72,82,15,10
26374,76,89,104,115,13,11
26375,47,61,136,147,14,11
26376,17,32,190,201,15,11
26377,27,43,242,255,16,13
26378,40,57,286,298,17,12
26379,42,60,206,220,18,14
26380,12,29,123,136,17,13
26381,17,32,80,91,15,11
26382,24,39,41,52,15,11
26383,46,60,24,34,14,10
26384,181,198,212,225,17,13
26385,166,186,273,288,20,15
26386,127,147,311,326,20,15
26387,98,105,281,286,7,5
26388,73,85,307,317,12,10
26389,59,70,247,255,11,8
26390,80,92,222,231,12,9
26391,97,114,195,208,17,13
26392,127,149,154,171,22,17
26393,127,142,117,129,15,12
26394,143,156,88,97,13,9
26395,159,172,42,52,13,10
26396,134,146,159,169,12,10
26397,135,146,198,206,11,8
26398,125,141,122,134,16,12
26399,155,170,147,158,15,11
26400,168,178,183,191,10,8
26401,170,186,117,129,16,12
26402,193,206,178,188,13,10
26403,188,199,228,236,11,8
26404,151,171,260,275,20,15
26405,118,132,237,248,14,11
26406,90,103,219,229,13,10
26407,39,54,173,185,15,12
26408,32,48,211,223,16,12
26409,27,43,153,164,16,11
26410,44,63,109,124,19,15
26411,54,70,64,77,16,13
26412,65,78,88,98,13,10
26413,40,56,40,51,16,11
26414,19,44,70,89,25,19
26415,19,31,118,127,12,9
26416,87,96,110,117,9,7
26417,100,112,79,88,12,9
26418,79,93,25,35,14,10
26419,151,177,63,82,26,19
26420,181,200,26,41,19,15
26421,188,205,73,85,17,12
26422,185,203,263,276,18,13
26423,52,64,282,291,12,9
26424,45,56,313,322,11,9
26425,16,29,274,284,13,10
26426,33,47,245,256,14,11
26427,21,34,322,332,13,10
26428,14,29,299,309,15,10
26429,9,26,234,246,17,12
26430,5,17,194,203,12,9
26431,73,93,140,155,20,15
26432,95,112,105,117,17,12
26433,104,124,162,177,20,15
26434,112,134,203,219,22,16
26435,98,120,246,263,22,17
26436,51,73,295,311,22,16
26437,33,43,326,333,10,7
26438,97,112,308,320,15,12
26439,152,176,175,192,24,17
26440,166,186,115,130,20,15
26441,78,102,47,65,24,18
26442,166,187,71,87,21,16
26443,186,195,106,113,9,7
26444,193,215,160,177,22,17
26445,107,122,194,204,15,10
26446,102,123,242,258,21,16
26447,134,151,269,282,17,13
26448,136,159,316,334,23,18
26449,73,97,295,313,24,18
26450,42,56,265,276,14,11
26451,33,51,204,218,18,14
26452,37,56,158,172,19,14
26453,36,56,108,123,20,15
26454,35,59,46,64,24,18
26455,62,78,88,101,16,13
26456,71,86,132,143,15,11
26457,68,83,173,185,15,12
26458,52,68,241,252,16,11
26459,76,87,260,267,11,7
26460,58,65,300,305,7,5
26461,43,49,315,320,6,5
26462,12,16,295,298,4,3
26463,14,18,319,322,4,3
26464,12,16,278,281,4,3
26465,14,19,255,258,5,3
26466,14,21,235,240,7,5
26467,12,16,211,214,4,3
26468,8,14,183,188,6,5
26469,8,16,152,158,8,6
26470,6,14,131,137,8,6
26471,9,16,105,111,7,6
26472,9,19,76,83,10,7
26473,8,16,51,57,8,6
26474,12,22,25,33,10,8
26475,100,132,328,352,32,24
26476,118,139,212,227,21,15
26477,95,112,140,153,17,13
26478,56,78,176,192,22,16
26479,51,66,138,149,15,11
26480,71,83,101,110,12,9
26481,92,108,71,83,16,12
26482,123,136,88,97,13,9
26483,143,160,56,68,17,12
26484,157,169,90,99,12,9
26485,154,171,141,154,17,13
26486,144,164,184,199,20,15
26487,164,173,225,232,9,7
26488,148,168,272,287,20,15
26489,86,105,224,238,19,14
26490,83,98,190,201,15,11
26491,107,122,171,183,15,12
26492,124,139,121,133,15,12
26493,10,24,155,166,14,11
26494,10,29,125,138,19,13
26495,14,29,90,101,15,11
26496,11,24,57,67,13,10
26497,7,24,21,34,17,13
26498,57,76,33,48,19,15
26499,105,116,38,46,11,8
26500,129,143,19,30,14,11
26501,162,193,18,42,31,24
26502,192,208,67,79,16,12
26503,202,215,104,114,13,10
26504,194,213,138,152,19,14
26505,193,217,173,191,24,18
26506,193,217,199,217,24,18
26507,200,221,233,249,21,16
26508,188,212,272,291,24,19
26509,171,195,307,325,24,18
26510,117,126,256,263,9,7
26511,142,161,189,203,19,14
26512,135,153,150,163,18,13
26513,111,124,168,177,13,9
26514,109,117,199,206,8,7
26515,73,85,157,167,12,10
26516,68,78,120,128,10,8
26517,65,75,78,86,10,8
26518,33,47,178,189,14,11
26519,40,57,214,227,17,13
26520,29,41,263,272,12,9
26521,3,17,213,224,14,11
26522,10,19,147,154,9,7
26523,13,27,95,105,14,10
26524,22,34,53,62,12,9
26525,44,55,45,53,11,8
26526,37,55,11,25,18,14
26527,58,73,269,280,15,11
26528,44,58,303,313,14,10
26529,58,72,331,342,14,11
26530,84,95,323,331,11,8
26531,107,126,322,336,19,14
26532,112,128,248,260,16,12
26533,137,154,226,238,17,12
26534,161,175,250,261,14,11
26535,176,186,227,235,10,8
26536,146,159,112,121,13,9
26537,137,148,70,78,11,8
26538,122,133,103,111,11,8
26539,155,168,88,98,13,10
26540,171,186,121,131,15,10
26541,183,200,152,165,17,13
26542,193,210,176,189,17,13
26543,198,212,206,217,14,11
26544,195,217,237,253,22,16
26545,195,213,265,279,18,14
26546,192,213,304,320,21,16
26547,109,117,282,288,8,6
26548,105,121,214,226,16,12
26549,115,136,166,182,21,16
26550,56,82,135,155,26,20
26551,53,67,188,199,14,11
26552,21,39,109,122,18,13
26553,44,66,56,72,22,16
26554,87,110,19,36,23,17
26555,110,130,38,53,20,15
26556,138,149,30,38,11,8
26557,155,167,45,54,12,9
26558,180,198,66,79,18,13
26559,189,205,32,45,16,13
26560,190,208,147,161,18,14
26561,161,184,178,196,23,18
26562,173,200,236,257,27,21
26563,131,148,219,232,17,13
26564,71,85,232,243,14,11
26565,35,50,244,255,15,11
26566,12,36,285,303,24,18
26567,20,37,323,336,17,13
26568,67,83,288,300,16,12
26569,133,155,330,346,22,16
26570,177,208,297,320,31,23
26571,90,102,254,263,12,9
26572,15,32,164,177,17,13
26573,6,22,198,210,16,12
26574,5,21,44,56,16,12
26575,7,26,73,88,19,15
26576,8,27,14,28,19,14
26577,56,74,138,151,18,13
26578,61,71,166,173,10,7
26579,66,77,86,95,11,9
26580,77,93,111,123,16,12
26581,98,110,66,74,12,8
26582,123,142,304,318,19,14
26583,115,127,106,115,12,9
26584,112,130,152,165,18,13
26585,68,81,206,216,13,10
26586,24,41,221,234,17,13
26587,28,44,255,267,16,12
26588,33,48,288,299,15,11
26589,9,19,191,199,10,8
26590,10,22,136,145,12,9
26591,10,21,15,24,11,9
26592,51,68,25,38,17,13
26593,91,112,27,43,21,16
26594,132,154,40,56,22,16
26595,139,154,94,105,15,11
26596,144,156,128,136,12,8
26597,142,158,170,181,16,11
26598,125,151,201,221,26,20
26599,133,158,229,248,25,19
26600,141,161,255,270,20,15
26601,144,164,282,297,20,15
26602,152,171,311,325,19,14
26603,190,203,230,239,13,9
26604,199,222,264,281,23,17
26605,208,225,303,315,17,12
26606,208,224,198,210,16,12
26607,183,197,154,165,14,11
26608,185,202,105,118,17,13
26609,125,139,7,18,14,11
26610,124,138,225,235,14,10
26611,124,139,274,285,15,11
26612,60,76,305,317,16,12
26613,57,70,274,284,13,10
26614,56,69,236,246,13,10
26615,54,68,190,200,14,10
26616,55,68,142,151,13,9
26617,32,48,168,180,16,12
26618,36,44,132,138,8,6
26619,44,54,96,103,10,7
26620,55,66,113,122,11,9
26621,64,88,66,84,24,18
26622,46,63,44,57,17,13
26623,27,41,64,75,14,11
26624,28,37,31,38,9,7
26625,60,73,19,29,13,10
26626,91,113,18,34,22,16
26627,134,154,22,38,20,16
26628,154,164,59,66,10,7
26629,145,161,97,109,16,12
26630,121,142,122,138,21,16
26631,137,148,162,171,11,9
26632,127,142,189,199,15,10
26633,141,150,206,213,9,7
26634,164,181,166,178,17,12
26635,176,193,193,205,17,12
26636,177,194,230,243,17,13
26637,180,199,268,282,19,14
26638,183,205,305,321,22,16
26639,152,172,329,344,20,15
26640,154,171,287,300,17,13
26641,100,111,242,250,11,8
26642,22,38,254,266,16,12
26643,15,34,222,236,19,14
26644,9,28,192,207,19,15
26645,10,26,134,146,16,12
26646,130,153,84,101,23,17
26647,83,97,144,154,14,10
26648,51,67,169,181,16,12
26649,32,48,119,130,16,11
26650,36,49,63,73,13,10
26651,44,58,21,32,14,11
26652,78,89,12,20,11,8
26653,110,124,12,22,14,10
26654,138,155,23,36,17,13
26655,140,155,54,65,15,11
26656,172,188,93,105,16,12
26657,178,195,135,148,17,13
26658,178,195,187,200,17,13
26659,173,192,230,243,19,13
26660,75,88,246,256,13,10
26661,51,66,277,288,15,11
26662,44,61,316,329,17,13
26663,18,36,264,277,18,13
26664,11,37,222,241,26,19
26665,6,22,188,200,16,12
26666,7,24,152,164,17,12
26667,34,49,155,166,15,11
26668,58,68,145,153,10,8
26669,60,73,104,114,13,10
26670,10,30,80,95,20,15
26671,46,56,80,87,10,7
26672,73,80,73,78,7,5
26673,102,117,143,154,15,11
26674,139,159,148,163,20,15
26675,171,183,66,74,12,8
26676,200,219,233,247,19,14
26677,205,225,275,289,20,14
26678,72,93,307,322,21,15
26679,122,143,97,112,21,15
26680,112,132,140,155,20,15
26681,134,153,163,177,19,14
26682,145,164,198,212,19,14
26683,165,186,54,70,21,16
26684,170,188,101,114,18,13
26685,96,116,30,45,20,15
26686,56,69,98,107,13,9
26687,42,61,133,147,19,14
26688,34,61,170,190,27,20
26689,39,56,207,220,17,13
26690,36,54,243,256,18,13
26691,36,46,283,291,10,8
26692,71,84,288,297,13,9
26693,113,132,291,305,19,14
26694,124,154,318,340,30,22
26695,167,186,271,286,19,15
26696,177,200,209,227,23,18
26697,174,193,233,247,19,14
26698,100,110,190,198,10,8
26699,108,127,208,222,19,14
26700,176,203,165,185,27,20
26701,182,204,129,145,22,16
26702,146,166,131,146,20,15
26703,129,146,41,54,17,13
26704,92,110,65,79,18,14
26705,49,64,42,54,15,12
26706,28,43,62,73,15,11
26707,10,27,88,101,17,13
26708,9,22,130,139,13,9
26709,68,85,186,199,17,13
26710,73,90,225,238,17,13
26711,83,97,128,139,14,11
26712,95,117,164,180,22,16
26713,101,120,204,218,19,14
26714,122,134,115,124,12,9
26715,132,150,157,171,18,14
26716,135,155,201,216,20,15
26717,156,173,101,113,17,12
26718,167,186,147,161,19,14
26719,171,189,191,205,18,14
26720,115,134,256,271,19,15
26721,83,103,247,263,20,16
26722,81,100,49,63,19,14
26723,80,100,86,101,20,15
26724,111,126,40,51,15,11
26725,113,136,68,85,23,17
26726,148,166,25,38,18,13
26727,156,170,49,59,14,10
26728,188,198,34,42,10,8
26729,186,204,52,66,18,14
26730,190,208,86,99,18,13
26731,193,211,113,126,18,13
26732,205,218,158,168,13,10
26733,193,213,211,226,20,15
26734,160,185,246,264,25,18
26735,144,166,309,326,22,17
26736,19,34,112,124,15,12
26737,6,16,138,145,10,7
26738,6,21,165,176,15,11
26739,7,19,194,202,12,8
26740,6,19,220,230,13,10
26741,10,19,268,275,9,7
26742,8,16,310,316,8,6
26743,19,39,329,343,20,14
26744,105,118,231,242,13,11
26745,108,127,171,186,19,15
26746,141,158,127,139,17,12
26747,149,169,217,232,20,15
26748,157,180,264,281,23,17
26749,147,162,92,103,15,11
26750,101,120,102,117,19,15
26751,120,136,63,75,16,12
26752,139,149,31,39,10,8
26753,147,162,58,69,15,11
26754,164,175,30,38,11,8
26755,178,193,66,77,15,11
26756,177,200,132,149,23,17
26757,160,178,160,174,18,14
26758,134,155,172,188,21,16
26759,103,121,196,209,18,13
26760,64,77,191,200,13,9
26761,11,25,199,209,14,10
26762,7,23,242,255,16,13
26763,4,19,156,168,15,12
26764,7,22,109,121,15,12
26765,7,26,66,80,19,14
26766,11,25,32,42,14,10
26767,34,51,68,81,17,13
26768,37,57,96,111,20,15
26769,43,60,31,44,17,13
26770,51,66,10,21,15,11
26771,93,117,6,24,24,18
26772,100,120,130,145,20,15
26773,120,134,218,229,14,11
26774,127,139,259,268,12,9
26775,132,153,294,310,21,16
26776,49,64,318,329,15,11
26777,95,115,185,200,20,15
26778,99,117,219,233,18,14
26779,62,80,260,274,18,14
26780,36,48,317,326,12,9
26781,20,37,257,270,17,13
26782,27,41,228,238,14,10
26783,24,39,203,214,15,11
26784,19,34,166,178,15,12
26785,15,29,136,146,14,10
26786,10,24,83,94,14,11
26787,11,28,48,61,17,13
26788,45,59,37,48,14,11
26789,74,92,20,33,18,13
26790,98,115,50,64,17,14
26791,120,135,16,28,15,12
26792,134,155,48,64,21,16
26793,110,119,82,89,9,7
26794,146,171,212,231,25,19
26795,146,168,243,259,22,16
26796,134,156,289,305,22,16
26797,97,112,276,288,15,12
26798,79,101,309,326,22,17
26799,112,129,326,338,17,12
26800,134,151,135,149,17,14
26801,173,201,108,129,28,21
26802,180,199,41,56,19,15
26803,211,223,143,152,12,9
26804,203,222,179,194,19,15
26805,199,214,228,239,15,11
26806,194,205,272,280,11,8
26807,104,122,161,175,18,14
26808,99,121,205,221,22,16
26809,54,76,169,186,22,17
26810,39,56,228,241,17,13
26811,34,50,296,308,16,12
26812,10,29,197,211,19,14
26813,11,29,121,135,18,14
26814,12,28,70,81,16,11
26815,8,24,24,36,16,12
26816,37,56,14,28,19,14
26817,67,82,21,32,15,11
26818,49,62,111,121,13,10
26819,56,71,136,147,15,11
26820,161,184,167,185,23,18
26821,134,151,249,262,17,13
26822,133,152,280,294,19,14
26823,171,198,259,278,27,19
26824,193,235,284,315,42,31
26825,210,237,259,279,27,20
26826,126,151,272,292,25,20
26827,48,66,289,303,18,14
26828,33,55,251,267,22,16
26829,28,47,202,217,19,15
26830,24,44,138,152,20,14
26831,37,48,86,94,11,8
26832,51,58,164,169,7,5
26833,50,65,186,197,15,11
26834,63,73,221,228,10,7
26835,78,95,100,113,17,13
26836,71,90,35,49,19,14
26837,14,39,35,54,25,19
26838,5,21,76,88,16,12
26839,6,24,106,119,18,13
26840,8,24,176,188,16,12
26841,8,22,213,224,14,11
26842,5,22,247,260,17,13
26843,10,27,295,308,17,13
26844,30,48,326,340,18,14
26845,67,83,326,337,16,11
26846,95,116,325,341,21,16
26847,98,114,209,220,16,11
26848,96,115,235,249,19,14
26849,76,98,284,300,22,16
26850,122,134,284,293,12,9
26851,139,160,222,238,21,16
26852,169,190,195,211,21,16
26853,148,167,99,114,19,15
26854,127,147,48,63,20,15
26855,71,85,79,89,14,10
26856,45,63,107,121,18,14
26857,27,44,67,79,17,12
26858,20,34,121,132,14,11
26859,18,31,162,172,13,10
26860,20,40,209,223,20,14
26861,58,75,189,201,17,12
26862,34,49,271,283,15,12
26863,157,180,250,267,23,17
26864,188,212,135,153,24,18
26865,176,203,57,77,27,20
26866,170,193,20,37,23,17
26867,131,147,18,30,16,12
26868,166,178,297,307,12,10
26869,135,151,160,172,16,12
26870,127,151,243,261,24,18
26871,161,176,125,135,15,10
26872,90,109,133,147,19,14
26873,85,102,188,201,17,13
26874,129,149,285,300,20,15
26875,165,187,226,243,22,17
26876,154,171,160,174,17,14
26877,100,115,178,189,15,11
26878,102,120,135,148,18,13
26879,142,160,108,121,18,13
26880,160,171,88,96,11,8
26881,172,190,130,143,18,13
26882,141,156,67,78,15,11
26883,58,75,202,214,17,12
26884,37,56,236,250,19,14
26885,22,39,285,298,17,13
26886,12,30,178,192,18,14
26887,17,39,133,149,22,16
26888,21,37,88,100,16,12
26889,30,44,51,62,14,11
26890,196,212,243,254,16,11
26891,168,194,292,311,26,19
26892,155,173,318,331,18,13
26893,98,118,143,158,20,15
26894,98,117,195,209,19,14
26895,114,130,74,87,16,13
26896,123,146,123,140,23,17
26897,83,96,103,112,13,9
26898,56,71,159,169,15,10
26899,52,66,207,217,14,10
26900,21,37,259,271,16,12
26901,105,124,237,251,19,14
26902,159,197,230,258,38,28
26903,190,208,181,194,18,13
26904,189,201,109,118,12,9
26905,139,154,228,240,15,12
26906,137,161,281,299,24,18
26907,96,117,196,212,21,16
26908,45,58,229,239,13,10
26909,34,54,179,194,20,15
26910,29,46,128,141,17,13
26911,25,40,74,85,15,11
26912,54,71,66,78,17,12
26913,41,58,31,44,17,13
26914,143,161,26,40,18,14
26915,143,166,51,68,23,17
26916,188,207,59,73,19,14
26917,190,208,87,100,18,13
26918,191,211,119,134,20,15
26919,160,178,153,166,18,13
26920,110,125,171,183,15,12
26921,133,160,179,199,27,20
26922,171,195,204,222,24,18
26923,188,205,246,258,17,12
26924,150,175,310,329,25,19
26925,88,108,229,244,20,15
26926,25,41,261,273,16,12
26927,23,44,290,305,21,15
26928,56,72,302,314,16,12
26929,73,103,323,346,30,23
26930,117,129,327,336,12,9
26931,186,204,306,320,18,14
26932,132,149,252,265,17,13
26933,186,203,164,177,17,13
26934,87,105,164,177,18,13
26935,81,99,211,224,18,13
26936,125,141,182,193,16,11
26937,127,144,229,242,17,13
26938,134,153,113,126,19,13
26939,85,113,41,63,28,22
26940,66,88,94,110,22,16
26941,28,46,122,136,18,14
26942,13,28,165,176,15,11
26943,10,22,208,217,12,9
26944,40,49,238,245,9,7
26945,69,90,243,258,21,15
26946,110,134,263,282,24,19
26947,177,190,275,285,13,10
26948,69,86,75,88,17,13
26949,90,105,139,151,15,12
26950,93,109,161,173,16,12
26951,95,108,192,202,13,10
26952,78,95,229,241,17,12
26953,82,95,265,275,13,10
26954,58,80,302,318,22,16
26955,32,55,240,257,23,17
26956,34,49,214,225,15,11
26957,24,38,167,177,14,10
26958,7,20,134,144,13,10
26959,10,20,84,92,10,8
26960,7,21,35,45,14,10
26961,67,85,140,153,18,13
26962,71,93,86,102,22,16
26963,97,112,134,145,15,11
26964,89,109,174,189,20,15
26965,124,140,195,207,16,12
26966,143,168,135,154,25,19
26967,177,199,284,301,22,17
26968,102,120,326,339,18,13
26969,99,133,330,355,34,25
26970,104,117,214,224,13,10
26971,91,107,160,171,16,11
26972,103,116,121,131,13,10
26973,160,179,174,188,19,14
26974,149,165,268,279,16,11
26975,83,98,287,298,15,11
26976,47,62,320,331,15,11
26977,38,54,262,274,16,12
26978,60,65,256,260,5,4
26979,61,65,219,223,4,4
26980,65,73,173,179,8,6
26981,82,88,149,153,6,4
26982,54,72,105,118,18,13
26983,58,73,62,72,15,10
26984,83,95,93,102,12,9
26985,98,109,115,124,11,9
26986,151,172,99,115,21,16
26987,188,200,132,141,12,9
26988,196,208,160,168,12,8
26989,203,217,200,212,14,12
26990,200,215,248,259,15,11
26991,196,211,290,301,15,11
26992,192,217,312,331,25,19
26993,124,146,233,249,22,16
26994,115,129,190,202,14,12
26995,90,107,198,211,17,13
26996,194,212,76,90,18,14
26997,195,217,22,39,22,17
26998,66,78,10,19,12,9
26999,27,42,31,42,15,11
27000,75,99,33,51,24,18
27001,122,147,276,295,25,19
27002,14,32,283,297,18,14
27003,12,32,229,244,20,15
27004,11,34,182,199,23,17
27005,7,32,139,157,25,18
27006,9,22,65,75,13,10
27007,210,232,252,269,22,17
27008,121,145,286,304,24,18
27009,125,160,215,241,35,26
27010,98,130,247,271,32,24
27011,37,52,239,251,15,12
27012,63,90,167,188,27,21
27013,82,124,81,113,42,32
27014,130,149,31,45,19,14
27015,71,92,83,98,21,15
27016,63,84,119,135,21,16
27017,104,119,22,33,15,11
27018,134,151,69,82,17,13
27019,125,145,142,157,20,15
27020,114,135,201,217,21,16
27021,118,144,245,264,26,19
27022,90,105,156,168,15,12
27023,143,156,171,181,13,10
27024,171,189,127,141,18,14
27025,177,196,184,198,19,14
27026,172,195,230,247,23,17
27027,173,196,269,286,23,17
27028,160,186,306,326,26,20
27029,46,59,279,288,13,9
27030,37,51,312,322,14,10
27031,19,36,237,250,17,13
27032,15,32,194,206,17,12
27033,11,29,148,161,18,13
27034,12,27,98,109,15,11
27035,8,26,48,62,18,14
27036,41,55,57,67,14,10
27037,80,114,198,223,34,25
27038,100,132,135,158,32,23
27039,132,163,169,193,31,24
27040,124,141,273,285,17,12
27041,67,84,69,82,17,13
27042,61,78,120,132,17,12
27043,129,185,50,92,56,42
27044,166,193,105,125,27,20
27045,36,71,259,285,35,26
27046,66,93,301,321,27,20
27047,91,110,164,178,19,14
27048,115,131,130,143,16,13
27049,117,133,182,194,16,12
27050,115,134,222,236,19,14
27051,94,113,261,276,19,15
27052,129,149,271,286,20,15
27053,161,178,206,219,17,13
27054,166,183,133,146,17,13
27055,157,178,64,80,21,16
27056,139,165,91,111,26,20
27057,122,139,31,44,17,13
27058,27,39,135,145,12,10
27059,17,34,176,189,17,13
27060,14,30,59,71,16,12
27061,28,46,18,32,18,14
27062,41,61,59,73,20,14
27063,23,45,233,250,22,17
27064,32,49,276,288,17,12
27065,29,45,314,326,16,12
27066,66,80,310,320,14,10
27067,139,161,318,334,22,16
27068,173,188,298,309,15,11
27069,178,200,251,267,22,16
27070,95,117,228,245,22,17
27071,116,135,307,322,19,15
27072,121,144,157,174,23,17
27073,114,147,91,116,33,25
27074,213,228,254,265,15,11
27075,46,71,226,244,25,18
27076,50,92,66,98,42,32
27077,46,68,181,198,22,17
27078,75,102,179,199,27,20
27079,51,76,183,201,25,18
27080,68,82,95,106,14,11
27081,40,56,141,153,16,12
27082,107,128,122,137,21,15
27083,93,113,171,186,20,15
27084,66,85,76,89,19,13
27085,78,96,27,40,18,13
27086,32,54,67,83,22,16
27087,45,68,113,130,23,17
27088,54,68,154,165,14,11
27089,65,80,201,213,15,12
27090,48,70,231,248,22,17
27091,28,36,282,288,8,6
27092,108,133,263,282,25,19
27093,101,125,201,219,24,18
27094,101,137,138,165,36,27
27095,199,227,248,269,28,21
27096,40,60,254,269,20,15
27097,107,135,51,72,28,21
27098,149,183,88,113,34,25
27099,73,103,124,147,30,23
27100,103,129,177,196,26,19
27101,141,168,212,232,27,20
27102,210,230,254,269,20,15
27103,108,138,288,310,30,22
27104,130,162,48,72,32,24
27105,57,85,69,90,28,21
27106,63,100,166,195,37,29
27107,132,149,162,175,17,13
27108,133,154,207,223,21,16
27109,135,149,111,121,14,10
27110,128,146,57,71,18,14
27111,81,101,116,131,20,15
27112,54,68,140,151,14,11
27113,25,47,178,194,22,16
27114,22,42,210,225,20,15
27115,19,37,263,277,18,14
27116,25,44,304,318,19,14
27117,81,98,308,321,17,13
27118,111,132,314,330,21,16
27119,144,171,279,299,27,20
27120,168,195,222,242,27,20
27121,183,200,179,193,17,14
27122,51,80,47,69,29,22
27123,26,49,90,108,23,18
27124,200,228,247,268,28,21
27125,169,195,170,189,26,19
27126,120,140,118,133,20,15
27127,68,102,59,84,34,25
27128,54,87,113,138,33,25
27129,84,110,164,183,26,19
27130,112,132,282,297,20,15
27131,100,114,105,115,14,10
27132,80,99,156,170,19,14
27133,137,149,92,102,12,10
27134,137,152,158,169,15,11
27135,125,143,208,221,18,13
27136,117,139,254,270,22,16
27137,124,151,290,311,27,21
27138,65,79,50,61,14,11
27139,110,157,247,282,47,35
27140,118,145,190,210,27,20
27141,127,151,127,145,24,18
27142,74,100,189,209,26,20
27143,44,67,264,281,23,17
27144,124,161,68,96,37,28
27145,198,221,239,256,23,17
27146,65,97,78,102,32,24
27147,61,87,198,218,26,20
27148,76,107,265,288,31,23
27149,129,159,227,250,30,23
27150,112,143,135,158,31,23
27151,85,111,76,95,26,19
27152,53,81,118,139,28,21
27153,154,190,17,44,36,27
27154,198,222,241,259,24,18
27155,174,209,141,167,35,26
27156,103,139,238,265,36,27
27157,114,148,170,195,34,25
27158,103,137,102,127,34,25
27159,61,84,133,151,23,18
27160,85,115,24,46,30,22
27161,139,175,50,77,36,27
27162,181,212,134,157,31,23
27163,173,202,247,269,29,22
27164,37,69,308,332,32,24
27165,29,58,208,230,29,22
27166,108,146,114,142,38,28
27167,95,127,169,193,32,24
27168,118,144,276,295,26,19
27169,171,200,168,190,29,22
27170,113,159,30,65,46,35
27171,73,87,62,73,14,11
27172,35,56,132,148,21,16
27173,41,66,191,210,25,19
27174,47,69,262,279,22,17
27175,142,179,228,255,37,27
27176,168,198,285,307,30,22
27177,49,82,315,340,33,25
27178,26,46,42,57,20,15
27179,172,215,10,42,43,32
27180,105,142,266,294,37,28
27181,112,151,198,228,39,30
27182,61,86,248,267,25,19
27183,73,107,146,172,34,26
27184,105,141,58,85,36,27
27185,137,165,102,123,28,21
27186,151,186,179,205,35,26
27187,192,213,263,279,21,16
27188,195,229,67,92,34,25
27189,38,58,42,57,20,15
27190,51,85,83,109,34,26
27191,30,55,196,215,25,19
27192,30,62,305,329,32,24
27193,85,114,316,337,29,21
27194,111,154,258,290,43,32
27195,87,124,227,255,37,28
27196,100,117,172,185,17,13
27197,105,129,130,148,24,18
27198,110,136,52,72,26,20
27199,66,90,79,97,24,18
27200,178,205,47,68,27,21
27201,169,191,142,159,22,17
27202,164,191,209,229,27,20
27203,102,115,234,243,13,9
27204,100,110,202,209,10,7
27205,109,119,158,166,10,8
27206,133,151,178,191,18,13
27207,137,155,223,236,18,13
27208,104,124,273,288,20,15
27209,93,111,310,323,18,13
27210,34,52,306,319,18,13
27211,9,27,239,253,18,14
27212,8,22,178,188,14,10
27213,12,25,128,138,13,10
27214,19,29,83,91,10,8
27215,32,48,38,50,16,12
27216,63,81,22,35,18,13
27217,97,117,18,33,20,15
27218,127,145,26,40,18,14
27219,88,104,114,126,16,12
27220,161,177,205,217,16,12
27221,168,181,233,243,13,10
27222,151,177,261,280,26,19
27223,169,182,106,116,13,10
27224,181,191,131,139,10,8
27225,181,196,157,169,15,12
27226,178,193,36,47,15,11
27227,175,195,56,72,20,16
27228,56,68,188,197,12,9
27229,120,151,133,157,31,24
27230,76,103,62,83,27,21
27231,55,80,167,187,25,20
27232,63,94,209,232,31,23
27233,85,107,255,271,22,16
27234,117,154,284,311,37,27
27235,124,162,25,53,38,28
27236,173,213,48,78,40,30
27237,32,59,50,70,27,20
27238,67,98,123,147,31,24
27239,123,156,191,216,33,25
27240,33,71,265,293,38,28
27241,202,233,246,270,31,24
27242,181,210,312,334,29,22
27243,107,154,223,258,47,35
27244,205,229,250,268,24,18
27245,112,146,278,304,34,26
27246,50,85,236,262,35,26
27247,60,83,167,185,23,18
27248,68,95,55,76,27,21
27249,99,122,91,108,23,17
27250,144,169,102,120,25,18
27251,154,191,30,57,37,27
27252,188,200,148,157,12,9
27253,49,78,107,129,29,22
27254,114,147,156,181,33,25
27255,61,102,305,336,41,31
27256,29,58,279,300,29,21
27257,24,34,230,238,10,8
27258,34,52,193,207,18,14
27259,29,38,82,89,9,7
27260,49,66,99,112,17,13
27261,61,70,127,134,9,7
27262,68,78,70,77,10,7
27263,67,81,33,44,14,11
27264,41,50,44,51,9,7
27265,41,52,67,75,11,8
27266,11,22,54,63,11,9
27267,8,19,95,104,11,9
27268,7,22,123,134,15,11
27269,7,17,147,154,10,7
27270,10,22,167,176,12,9
27271,15,34,207,222,19,15
27272,45,65,216,231,20,15
27273,88,101,138,148,13,10
27274,105,123,162,176,18,14
27275,112,129,193,206,17,13
27276,95,115,241,255,20,14
27277,94,110,280,292,16,12
27278,62,76,297,308,14,11
27279,34,46,322,331,12,9
27280,18,41,261,279,23,18
27281,58,76,253,266,18,13
27282,124,144,122,137,20,15
27283,106,129,76,93,23,17
27284,93,111,32,45,18,13
27285,82,100,106,119,18,13
27286,60,74,150,160,14,10
27287,146,168,194,210,22,16
27288,139,159,241,256,20,15
27289,136,162,285,305,26,20
27290,110,130,320,336,20,16
27291,190,208,284,297,18,13
27292,195,213,201,214,18,13
27293,173,198,83,102,25,19
27294,76,101,239,258,25,19
27295,105,129,181,199,24,18
27296,80,107,111,132,27,21
27297,102,124,48,66,22,18
27298,145,166,115,130,21,15
27299,156,190,156,181,34,25
27300,201,230,259,281,29,22
27301,136,156,232,248,20,16
27302,34,52,205,219,18,14
27303,32,57,107,126,25,19
27304,44,66,49,65,22,16
27305,162,183,16,32,21,16
27306,171,202,55,78,31,23
27307,85,123,308,337,38,29
27308,66,87,128,144,21,16
27309,74,91,164,177,17,13
27310,74,92,200,213,18,13
27311,50,68,226,240,18,14
27312,43,56,202,212,13,10
27313,44,59,160,171,15,11
27314,44,54,124,132,10,8
27315,58,80,85,101,22,16
27316,93,109,77,88,16,11
27317,112,126,98,108,14,10
27318,114,128,128,138,14,10
27319,117,135,156,169,18,13
27320,118,135,188,201,17,13
27321,112,125,237,246,13,9
27322,84,100,264,276,16,12
27323,70,84,284,294,14,10
27324,102,123,297,313,21,16
27325,76,88,234,243,12,9
27326,111,134,256,274,23,18
27327,142,164,283,299,22,16
27328,169,186,199,212,17,13
27329,167,178,130,138,11,8
27330,69,100,162,185,31,23
27331,86,116,208,231,30,23
27332,112,140,261,283,28,22
27333,157,198,216,247,41,31
27334,145,178,73,98,33,25
27335,85,112,72,93,27,21
27336,63,91,27,47,28,20
27337,41,71,104,126,30,22
27338,19,47,236,257,28,21
27339,52,96,309,342,44,33
27340,168,202,147,172,34,25
27341,90,104,165,175,14,10
27342,85,105,193,209,20,16
27343,61,76,241,252,15,11
27344,34,50,282,294,16,12
27345,19,33,218,228,14,10
27346,87,111,152,170,24,18
27347,115,147,187,211,32,24
27348,127,157,95,118,30,23
27349,61,96,62,89,35,27
27350,34,56,171,187,22,16
27351,197,230,236,261,33,25
27352,179,208,144,166,29,22
27353,148,186,26,54,38,28
27354,148,188,270,301,40,31
27355,48,83,220,246,35,26
27356,79,95,221,232,16,11
27357,78,96,173,187,18,14
27358,108,127,192,207,19,15
27359,104,117,141,151,13,10
27360,71,84,102,112,13,10
27361,54,68,142,152,14,10
27362,34,49,186,198,15,12
27363,32,54,228,245,22,17
27364,34,52,269,282,18,13
27365,85,96,254,263,11,9
27366,121,141,257,272,20,15
27367,149,183,205,230,34,25
27368,49,62,73,83,13,10
27369,14,35,24,39,21,15
27370,13,33,89,104,20,15
27371,10,27,117,130,17,13
27372,9,32,147,164,23,17
27373,5,22,173,185,17,12
27374,6,28,195,211,22,16
27375,11,27,263,275,16,12
27376,17,34,304,318,17,14
27377,49,61,311,321,12,10
27378,131,151,73,89,20,16
27379,109,158,225,261,49,36
27380,78,104,141,160,26,19
27381,92,120,78,99,28,21
27382,36,56,179,193,20,14
27383,46,66,237,252,20,15
27384,142,168,99,118,26,19
27385,166,195,36,58,29,22
27386,181,225,180,213,44,33
27387,134,158,158,176,24,18
27388,40,72,22,46,32,24
27389,131,139,200,206,8,6
27390,137,150,232,241,13,9
27391,140,153,259,269,13,10
27392,137,155,290,304,18,14
27393,41,57,290,302,16,12
27394,46,56,260,267,10,7
27395,43,63,213,228,20,15
27396,49,59,177,184,10,7
27397,39,54,136,147,15,11
27398,41,58,93,106,17,13
27399,47,64,57,70,17,13
27400,12,25,165,175,13,10
27401,120,138,106,120,18,14
27402,133,146,73,83,13,10
27403,108,123,42,53,15,11
27404,78,90,18,27,12,9
27405,143,160,32,45,17,13
27406,174,193,64,78,19,14
27407,76,112,182,209,36,27
27408,106,134,227,249,28,22
27409,137,164,287,308,27,21
27410,159,188,170,191,29,21
27411,111,146,82,108,35,26
27412,67,101,95,120,34,25
27413,27,52,235,254,25,19
27414,32,49,161,174,17,13
27415,159,206,42,77,47,35
27416,85,98,164,173,13,9
27417,81,95,213,223,14,10
27418,71,98,252,271,27,19
27419,67,91,306,324,24,18
27420,37,56,232,246,19,14
27421,44,57,192,203,13,11
27422,41,50,160,167,9,7
27423,46,62,111,123,16,12
27424,80,92,123,132,12,9
27425,111,126,129,141,15,12
27426,126,142,163,175,16,12
27427,127,149,207,224,22,17
27428,139,156,250,263,17,13
27429,178,193,204,216,15,12
27430,185,204,151,165,19,14
27431,186,200,97,108,14,11
27432,166,182,256,268,16,12
27433,123,142,290,304,19,14
27434,7,21,275,285,14,10
27435,9,24,227,239,15,12
27436,12,25,188,197,13,9
27437,6,20,140,150,14,10
27438,7,19,25,34,12,9
27439,44,61,36,48,17,12
27440,91,108,112,125,17,13
27441,80,97,156,168,17,12
27442,99,105,184,189,6,5
27443,130,146,135,148,16,13
27444,145,163,167,181,18,14
27445,132,147,208,219,15,11
27446,123,142,240,254,19,14
27447,134,152,83,97,18,14
27448,124,145,35,51,21,16
27449,71,94,46,63,23,17
27450,54,68,67,78,14,11
27451,39,55,93,105,16,12
27452,12,32,131,146,20,15
27453,10,26,170,182,16,12
27454,12,28,199,211,16,12
27455,12,27,234,245,15,11
27456,12,24,280,289,12,9
27457,49,63,250,260,14,10
27458,90,113,243,260,23,17
27459,128,152,265,283,24,18
27460,137,159,308,325,22,17
27461,173,194,225,240,21,15
27462,175,195,260,275,20,15
27463,180,206,289,309,26,20
27464,173,189,136,148,16,12
27465,181,202,68,84,21,16
27466,179,204,99,117,25,18
27467,96,119,63,80,23,17
27468,89,107,17,31,18,14
27469,122,144,10,26,22,16
27470,163,186,16,33,23,17
27471,26,44,214,228,18,14
27472,9,22,181,190,13,9
27473,35,46,174,182,11,8
27474,37,51,139,149,14,10
27475,119,134,152,164,15,12
27476,131,146,112,124,15,12
27477,140,153,187,197,13,10
27478,125,146,226,242,21,16
27479,110,131,279,295,21,16
27480,82,97,313,324,15,11
27481,34,46,294,303,12,9
27482,11,24,318,328,13,10
27483,11,23,277,286,12,9
27484,32,44,257,267,12,10
27485,63,77,254,265,14,11
27486,179,203,233,251,24,18
27487,150,168,57,71,18,14
27488,170,183,86,96,13,10
27489,159,183,116,134,24,18
27490,166,193,142,161,27,19
27491,115,129,56,68,14,12
27492,124,142,22,36,18,14
27493,39,55,6,18,16,12
27494,14,28,26,37,14,11
27495,7,23,96,108,16,12
27496,8,23,124,135,15,11
27497,11,26,154,165,15,11
27498,7,21,240,250,14,10
27499,56,77,293,309,21,16
27500,112,137,312,330,25,18
27501,108,119,208,216,11,8
27502,99,117,175,189,18,14
27503,68,80,133,141,12,8
27504,63,74,98,106,11,8
27505,54,66,40,49,12,9
27506,91,110,38,52,19,14
27507,87,102,65,76,15,11
27508,74,90,20,32,16,12
27509,102,121,3,17,19,14
27510,193,208,23,34,15,11
27511,190,209,63,77,19,14
27512,186,203,97,109,17,12
27513,176,200,135,153,24,18
27514,186,210,169,188,24,19
27515,184,208,214,231,24,17
27516,129,144,239,251,15,12
27517,91,109,302,315,18,13
27518,51,71,317,332,20,15
27519,34,54,287,302,20,15
27520,19,41,247,263,22,16
27521,29,46,202,215,17,13
27522,9,29,168,184,20,16
27523,11,25,137,147,14,10
27524,6,20,96,106,14,10
27525,13,29,110,122,16,12
27526,12,35,66,84,23,18
27527,9,24,23,35,15,12
27528,46,58,65,73,12,8
27529,54,68,153,164,14,11
27530,66,83,180,192,17,12
27531,99,112,229,239,13,10
27532,164,199,248,274,35,26
27533,198,216,286,300,18,14
27534,159,178,87,102,19,15
27535,167,182,139,150,15,11
27536,168,181,198,208,13,10
27537,151,167,255,267,16,12
27538,127,141,302,313,14,11
27539,74,93,259,273,19,14
27540,74,93,291,305,19,14
27541,43,61,207,221,18,14
27542,58,70,147,156,12,9
27543,47,64,86,99,17,13
27544,31,46,107,119,15,12
27545,18,31,146,155,13,9
27546,24,41,52,65,17,13
27547,37,56,9,23,19,14
27548,52,65,47,57,13,10
27549,81,95,54,64,14,10
27550,106,120,20,30,14,10
27551,110,121,48,56,11,8
27552,105,118,68,77,13,9
27553,173,188,16,28,15,12
27554,181,200,46,60,19,14
27555,119,129,124,132,10,8
27556,98,110,154,163,12,9
27557,92,107,188,200,15,12
27558,84,100,235,247,16,12
27559,29,46,265,278,17,13
27560,24,43,308,322,19,14
27561,73,88,315,326,15,11
27562,97,125,259,280,28,21
27563,88,127,122,152,39,30
27564,142,182,64,94,40,30
27565,139,167,222,243,28,21
27566,63,73,221,229,10,8
27567,81,105,243,261,24,18
27568,132,173,179,209,41,30
27569,193,220,235,256,27,21
27570,169,196,297,317,27,20
27571,58,88,27,49,30,22
27572,71,99,74,95,28,21
27573,86,132,173,208,46,35
27574,112,139,222,242,27,20
27575,150,190,109,140,40,31
27576,178,211,169,193,33,24
27577,39,62,241,259,23,18
27578,63,93,270,291,30,21
27579,123,165,273,305,42,32
27580,176,212,248,276,36,28
27581,135,172,29,57,37,28
27582,120,137,77,90,17,13
27583,136,151,107,118,15,11
27584,144,161,158,171,17,13
27585,151,169,206,220,18,14
27586,139,161,252,268,22,16
27587,56,71,244,255,15,11
27588,34,56,284,300,22,16
27589,15,44,203,224,29,21
27590,25,45,157,172,20,15
27591,14,30,113,126,16,13
27592,43,60,92,105,17,13
27593,67,98,56,79,31,23
27594,118,144,37,57,26,20
27595,150,167,20,33,17,13
27596,166,191,57,77,25,20
27597,179,191,109,118,12,9
27598,159,190,145,169,31,24
27599,173,195,179,196,22,17
27600,171,200,216,238,29,22
27601,182,200,267,280,18,13
27602,173,201,303,325,28,22
27603,100,116,242,254,16,12
27604,40,66,319,338,26,19
27605,10,27,251,263,17,12
27606,7,17,174,181,10,7
27607,5,22,135,148,17,13
27608,5,20,58,69,15,11
27609,7,19,17,27,12,10
27610,32,46,31,42,14,11
27611,184,205,27,43,21,16
27612,208,228,88,103,20,15
27613,211,230,125,138,19,13
27614,104,137,148,173,33,25
27615,100,128,215,237,28,22
27616,109,145,253,281,36,28
27617,42,76,254,279,34,25
27618,67,100,304,328,33,24
27619,161,195,306,331,34,25
27620,193,215,108,124,22,16
27621,42,97,61,102,55,41
27622,120,162,41,73,42,32
27623,45,63,162,176,18,14
27624,101,130,157,179,29,22
27625,110,144,205,230,34,25
27626,106,122,268,280,16,12
27627,61,90,194,216,29,22
27628,61,101,103,133,40,30
27629,98,156,57,101,58,44
27630,188,219,52,75,31,23
27631,175,207,178,202,32,24
27632,176,198,260,276,22,16
27633,168,201,284,308,33,24
27634,61,92,301,324,31,23
27635,37,73,253,281,36,28
27636,32,64,53,77,32,24
27637,100,141,12,42,41,30
27638,54,82,207,229,28,22
27639,105,142,131,159,37,28
27640,120,149,188,210,29,22
27641,109,149,266,295,40,29
27642,168,200,232,256,32,24
27643,177,197,140,155,20,15
27644,90,118,14,36,28,22
27645,135,171,39,65,36,26
27646,80,120,77,106,40,29
27647,156,193,85,112,37,27
27648,47,83,157,184,36,27
27649,35,58,296,313,23,17
27650,166,203,294,322,37,28
27651,88,137,132,168,49,36
27652,133,166,204,229,33,25
27653,163,214,127,165,51,38
27654,75,112,242,271,37,29
27655,117,161,264,297,44,33
27656,92,120,70,91,28,21
27657,110,153,12,44,43,32
27658,41,71,53,75,30,22
27659,172,197,60,79,25,19
27660,199,227,217,238,28,21
27661,50,90,190,220,40,30
27662,132,155,298,315,23,17
27663,102,117,175,186,15,11
27664,51,66,172,183,15,11
27665,23,39,262,274,16,12
27666,14,33,215,229,19,14
27667,14,29,149,161,15,12
27668,24,39,106,116,15,10
27669,36,47,70,78,11,8
27670,38,57,38,53,19,15
27671,24,36,22,31,12,9
27672,7,25,44,58,18,14
27673,61,76,15,26,15,11
27674,68,79,66,74,11,8
27675,70,78,99,105,8,6
27676,144,158,106,116,14,10
27677,162,178,63,75,16,12
27678,175,190,98,109,15,11
27679,163,181,142,155,18,13
27680,153,176,174,191,23,17
27681,154,179,210,229,25,19
27682,176,200,241,258,24,17
27683,180,203,286,303,23,17
27684,195,215,314,329,20,15
27685,121,129,326,332,8,6
27686,44,54,300,308,10,8
27687,51,66,260,271,15,11
27688,12,34,300,316,22,16
27689,27,47,325,340,20,15
27690,63,80,327,339,17,12
27691,65,80,223,235,15,12
27692,71,90,185,199,19,14
27693,51,65,142,152,14,10
27694,22,42,180,195,20,15
27695,36,48,207,215,12,8
27696,10,22,242,251,12,9
27697,56,68,235,244,12,9
27698,101,110,250,257,9,7
27699,130,143,233,243,13,10
27700,99,115,210,222,16,12
27701,100,125,252,271,25,19
27702,112,136,153,171,24,18
27703,134,157,203,220,23,17
27704,139,165,257,276,26,19
27705,120,145,116,135,25,19
27706,79,101,192,209,22,17
27707,94,117,262,279,23,17
27708,73,98,237,256,25,19
27709,147,169,192,209,22,17
27710,132,167,127,153,35,26
27711,161,185,267,285,24,18
27712,51,74,83,100,23,17
27713,80,114,50,75,34,25
27714,132,178,45,80,46,35
27715,172,198,190,209,26,19
27716,206,223,240,253,17,13
27717,32,65,162,186,33,24
27718,76,97,126,142,21,16
27719,72,84,199,208,12,9
27720,87,102,242,253,15,11
27721,82,102,123,138,20,15
27722,110,122,157,166,12,9
27723,126,141,102,113,15,11
27724,71,100,155,176,29,21
27725,101,121,205,220,20,15
27726,110,144,83,109,34,26
27727,52,74,76,92,22,16
27728,99,134,33,59,35,26
27729,170,190,125,141,20,16
27730,146,179,192,217,33,25
27731,114,149,280,306,35,26
27732,47,74,274,294,27,20
27733,34,63,187,208,29,21
27734,117,156,201,231,39,30
27735,143,186,128,160,43,32
27736,190,236,244,278,46,34
27737,101,140,304,333,39,29
27738,73,92,267,280,19,13
27739,44,70,207,227,26,20
27740,47,63,141,153,16,12
27741,64,105,89,120,41,31
27742,78,105,22,42,27,20
27743,129,164,36,62,35,26
27744,151,182,73,96,31,23
27745,204,222,101,115,18,14
27746,71,98,155,176,27,21
27747,93,128,248,274,35,26
27748,142,167,230,249,25,19
27749,129,164,162,188,35,26
27750,56,83,223,243,27,20
27751,71,102,53,77,31,24
27752,115,142,69,89,27,20
27753,154,178,88,106,24,18
27754,188,208,137,152,20,15
27755,193,217,237,256,24,19
27756,126,161,308,334,35,26
27757,33,66,272,297,33,25
27758,27,60,112,137,33,25
27759,73,113,5,35,40,30
27760,76,89,132,142,13,10
27761,78,91,153,163,13,10
27762,76,90,90,101,14,11
27763,98,116,108,121,18,13
27764,112,124,141,149,12,8
27765,109,120,170,178,11,8
27766,110,123,225,235,13,10
27767,106,122,275,287,16,12
27768,110,122,319,328,12,9
27769,75,90,257,269,15,12
27770,34,49,230,241,15,11
27771,11,25,178,189,14,11
27772,34,47,166,176,13,10
27773,35,44,204,211,9,7
27774,61,75,173,183,14,10
27775,112,136,179,197,24,18
27776,144,159,132,143,15,11
27777,156,170,166,177,14,11
27778,165,177,211,220,12,9
27779,166,176,258,265,10,7
27780,164,181,296,308,17,12
27781,142,166,74,91,24,17
27782,178,196,79,92,18,13
27783,181,198,111,125,17,14
27784,193,214,145,161,21,16
27785,105,123,69,83,18,14
27786,74,93,39,53,19,14
27787,9,22,15,24,13,9
27788,19,33,197,208,14,11
27789,37,51,166,176,14,10
27790,59,87,106,126,28,20
27791,83,120,153,181,37,28
27792,131,162,81,104,31,23
27793,151,170,179,192,19,13
27794,112,184,83,137,72,54
27795,137,195,161,205,58,44
27796,95,126,239,261,31,22
27797,50,76,253,272,26,19
27798,102,164,266,312,62,46
27799,181,211,257,280,30,23
27800,53,76,132,149,23,17
27801,58,88,50,73,30,23
27802,36,54,189,203,18,14
27803,81,109,193,214,28,21
27804,154,202,2,38,48,36
27805,70,83,206,216,13,10
27806,39,50,225,233,11,8
27807,17,32,249,261,15,12
27808,5,15,208,215,10,7
27809,4,15,168,176,11,8
27810,6,17,131,139,11,8
27811,10,23,85,94,13,9
27812,33,47,90,101,14,11
27813,40,51,106,113,11,7
27814,39,54,47,57,15,10
27815,19,44,8,27,25,19
27816,59,77,23,37,18,14
27817,97,110,39,49,13,10
27818,120,134,60,71,14,11
27819,123,137,96,106,14,10
27820,123,141,123,136,18,13
27821,153,166,169,179,13,10
27822,152,167,200,211,15,11
27823,124,144,225,240,20,15
27824,119,134,193,205,15,12
27825,108,125,245,258,17,13
27826,78,91,223,233,13,10
27827,35,52,313,326,17,13
27828,134,152,281,295,18,14
27829,161,179,130,144,18,14
27830,168,190,68,84,22,16
27831,115,139,143,162,24,19
27832,88,109,110,126,21,16
27833,78,94,150,161,16,11
27834,29,42,200,210,13,10
27835,44,54,213,220,10,7
27836,61,66,200,204,5,4
27837,80,90,191,198,10,7
27838,102,110,201,207,8,6
27839,155,170,225,236,15,11
27840,189,205,255,267,16,12
27841,195,205,305,312,10,7
27842,197,218,331,347,21,16
27843,210,227,285,298,17,13
27844,158,180,269,286,22,17
27845,126,149,254,271,23,17
27846,110,123,294,304,13,10
27847,66,93,220,240,27,20
27848,72,95,134,152,23,18
27849,117,156,128,157,39,29
27850,144,171,92,112,27,20
27851,122,167,44,78,45,34
27852,165,193,164,185,28,21
27853,173,193,247,262,20,15
27854,102,146,279,312,44,33
27855,126,151,216,235,25,19
27856,71,93,88,105,22,17
27857,36,56,52,67,20,15
27858,82,110,166,187,28,21
27859,117,158,226,257,41,31
27860,107,161,246,287,54,41
27861,149,171,98,114,22,16
27862,97,114,61,74,17,13
27863,43,73,40,62,30,22
27864,63,90,88,108,27,20
27865,139,165,55,74,26,19
27866,181,203,139,156,22,17
27867,137,161,167,185,24,18
27868,38,65,183,203,27,20
27869,39,63,245,264,24,19
27870,58,83,284,304,25,20
27871,84,100,182,194,16,12
27872,74,98,227,245,24,18
27873,116,133,136,149,17,13
27874,124,142,203,216,18,13
27875,90,115,277,297,25,20
27876,74,94,313,328,20,15
27877,28,51,250,267,23,17
27878,25,46,190,206,21,16
27879,36,51,159,170,15,11
27880,22,32,69,77,10,8
27881,14,27,106,116,13,10
27882,37,54,34,46,17,12
27883,71,90,25,39,19,14
27884,124,139,30,42,15,12
27885,129,144,54,65,15,11
27886,161,188,59,79,27,20
27887,153,172,102,117,19,15
27888,153,170,140,153,17,13
27889,144,174,168,191,30,23
27890,77,93,153,164,16,11
27891,120,144,223,241,24,18
27892,134,153,277,291,19,14
27893,63,104,195,226,41,31
27894,90,122,153,177,32,24
27895,100,131,89,113,31,24
27896,152,187,137,163,35,26
27897,164,191,272,292,27,20
27898,91,112,291,307,21,16
27899,38,58,253,268,20,15
27900,144,181,70,98,37,28
27901,104,125,33,49,21,16
27902,64,89,48,66,25,18
27903,195,225,14,36,30,22
27904,101,163,212,258,62,46
27905,133,161,163,184,28,21
27906,108,134,103,123,26,20
27907,147,193,90,124,46,34
27908,56,86,62,85,30,23
27909,100,124,42,61,24,19
27910,146,187,39,70,41,31
27911,178,214,256,282,36,26
27912,89,130,287,318,41,31
27913,56,81,233,252,25,19
27914,60,98,161,189,38,28
27915,129,145,146,158,16,12
27916,129,143,195,205,14,10
27917,129,149,237,252,20,15
27918,145,166,92,108,21,16
27919,160,178,121,135,18,14
27920,145,156,39,47,11,8
27921,115,132,49,62,17,13
27922,63,80,40,53,17,13
27923,17,39,64,80,22,16
27924,23,36,102,112,13,10
27925,12,34,142,158,22,16
27926,25,35,165,173,10,8
27927,16,32,180,191,16,11
27928,18,38,233,248,20,15
27929,27,44,279,292,17,13
27930,34,53,310,324,19,14
27931,72,91,320,335,19,15
27932,109,139,324,347,30,23
27933,154,182,290,311,28,21
27934,161,178,324,338,17,14
27935,183,200,244,256,17,12
27936,176,195,197,211,19,14
27937,88,109,135,151,21,16
27938,107,124,97,110,17,13
27939,120,135,77,89,15,12
27940,161,179,66,80,18,14
27941,180,195,35,47,15,12
27942,190,203,83,93,13,10
27943,195,211,128,140,16,12
27944,169,191,162,178,22,16
27945,119,134,117,129,15,12
27946,106,124,160,174,18,14
27947,133,147,172,182,14,10
27948,121,139,263,276,18,13
27949,49,61,184,194,12,10
27950,45,56,207,215,11,8
27951,61,76,163,174,15,11
27952,60,70,207,214,10,7
27953,46,59,254,264,13,10
27954,10,22,304,313,12,9
27955,114,128,294,305,14,11
27956,69,107,220,249,38,29
27957,110,132,259,276,22,17
27958,135,177,177,208,42,31
27959,102,129,48,69,27,21
27960,62,88,87,107,26,20
27961,132,164,82,106,32,24
27962,188,220,50,74,32,24
27963,183,211,144,166,28,22
27964,157,194,292,320,37,28
27965,41,79,106,135,38,29
27966,34,65,190,213,31,23
27967,102,134,122,147,32,25
27968,129,167,164,192,38,28
27969,112,140,224,246,28,22
27970,66,90,269,287,24,18
27971,22,49,191,211,27,20
27972,36,58,155,171,22,16
27973,28,45,117,129,17,12
27974,41,80,73,102,39,29
27975,115,150,54,81,35,27
27976,162,185,88,105,23,17
27977,180,201,128,144,21,16
27978,171,213,240,271,42,31
27979,141,164,278,296,23,18
27980,122,130,266,272,8,6
27981,127,141,225,235,14,10
27982,131,149,170,184,18,14
27983,141,155,202,213,14,11
27984,160,176,122,134,16,12
27985,118,130,127,136,12,9
27986,85,99,147,157,14,10
27987,74,90,175,187,16,12
27988,72,85,195,205,13,10
27989,53,73,223,238,20,15
27990,41,58,259,271,17,12
27991,19,34,190,202,15,12
27992,27,37,151,159,10,8
27993,32,44,100,109,12,9
27994,49,58,70,77,9,7
27995,61,68,103,109,7,6
27996,100,115,108,119,15,11
27997,138,154,101,113,16,12
27998,156,165,70,77,9,7
27999,176,184,89,95,8,6
28000,191,210,137,151,19,14
28001,208,224,177,189,16,12
28002,203,221,233,246,18,13
28003,173,199,287,306,26,19
28004,156,171,269,280,15,11
28005,130,151,279,295,21,16
28006,83,98,280,291,15,11
28007,67,88,253,268,21,15
28008,10,26,227,239,16,12
28009,120,154,73,98,34,25
28010,132,151,131,145,19,14
28011,107,134,162,182,27,20
28012,116,144,228,249,28,21
28013,147,173,244,264,26,20
28014,172,193,204,220,21,16
28015,171,194,130,147,23,17
28016,56,78,230,247,22,17
28017,49,88,161,190,39,29
28018,105,125,270,285,20,15
28019,80,123,294,326,43,32
28020,29,54,288,307,25,19
28021,58,85,81,101,27,20
28022,143,171,320,341,28,21
28023,187,217,283,306,30,23
28024,202,222,241,256,20,15
28025,182,215,58,83,33,25
28026,131,151,157,172,20,15
28027,129,150,201,217,21,16
28028,127,151,239,257,24,18
28029,98,111,163,173,13,10
28030,98,114,104,116,16,12
28031,101,125,42,60,24,18
28032,146,173,63,83,27,20
28033,163,189,28,48,26,20
28034,183,200,84,97,17,13
28035,178,203,122,141,25,19
28036,165,187,179,195,22,16
28037,161,188,231,251,27,20
28038,44,50,226,230,6,4
28039,56,60,204,207,4,3
28040,63,71,225,231,8,6
28041,76,78,196,198,2,2
28042,87,107,193,209,20,16
28043,92,104,225,234,12,9
28044,91,106,239,251,15,12
28045,18,30,183,192,12,9
28046,104,137,246,271,33,25
28047,100,132,264,288,32,24
28048,105,146,103,133,41,30
28049,105,129,54,72,24,18
28050,139,173,34,59,34,25
28051,81,113,159,183,32,24
28052,148,186,164,193,38,29
28053,48,83,226,252,35,26
28054,55,90,293,319,35,26
28055,101,123,318,334,22,16
28056,162,196,282,308,34,26
28057,173,218,79,112,45,33
28058,99,124,157,176,25,19
28059,64,97,217,242,33,25
28060,133,170,221,249,37,28
28061,122,144,294,311,22,17
28062,154,185,136,159,31,23
28063,155,178,62,79,23,17
28064,77,96,46,61,19,15
28065,131,173,19,51,42,32
28066,170,202,269,293,32,24
28067,192,214,225,241,22,16
28068,39,71,158,182,32,24
28069,28,54,265,284,26,19
28070,42,68,310,329,26,19
28071,126,141,242,253,15,11
28072,144,162,182,196,18,14
28073,157,173,228,240,16,12
28074,110,122,170,178,12,8
28075,110,121,191,200,11,9
28076,116,129,207,217,13,10
28077,151,167,205,217,16,12
28078,163,180,85,97,17,12
28079,165,182,105,117,17,12
28080,178,193,41,53,15,12
28081,198,212,67,77,14,10
28082,193,208,118,129,15,11
28083,171,194,149,166,23,17
28084,181,209,194,215,28,21
28085,183,212,234,256,29,22
28086,169,198,277,298,29,21
28087,147,163,322,333,16,11
28088,117,129,286,295,12,9
28089,60,75,295,306,15,11
28090,41,59,259,272,18,13
28091,22,44,213,230,22,17
28092,36,51,174,186,15,12
28093,39,58,119,134,19,15
28094,40,62,57,74,22,17
28095,58,82,84,101,24,17
28096,73,90,120,132,17,12
28097,63,81,154,167,18,13
28098,5,21,98,110,16,12
28099,12,24,143,152,12,9
28100,9,30,16,32,21,16
28101,50,72,19,35,22,16
28102,87,105,12,25,18,13
28103,93,105,39,49,12,10
28104,17,35,286,300,18,14
28105,34,53,314,328,19,14
28106,74,92,316,330,18,14
28107,70,92,262,278,22,16
28108,122,142,264,278,20,14
28109,144,156,289,299,12,10
28110,64,108,92,125,44,33
28111,115,146,26,50,31,24
28112,160,212,43,82,52,39
28113,168,190,113,129,22,16
28114,47,67,179,194,20,15
28115,126,171,229,264,45,35
28116,156,176,284,299,20,15
28117,174,205,183,206,31,23
28118,36,69,212,237,33,25
28119,85,108,256,273,23,17
28120,39,81,41,73,42,32
28121,162,179,125,138,17,13
28122,164,188,191,209,24,18
28123,153,174,45,61,21,16
28124,94,107,88,97,13,9
28125,54,71,105,118,17,13
28126,36,56,143,157,20,14
28127,37,54,183,195,17,12
28128,30,49,217,231,19,14
28129,28,45,262,275,17,13
28130,30,49,312,326,19,14
28131,67,82,276,288,15,12
28132,61,75,308,319,14,11
28133,79,96,232,244,17,12
28134,82,101,190,204,19,14
28135,75,90,145,157,15,12
28136,30,50,63,78,20,15
28137,39,56,24,37,17,13
28138,70,88,4,18,18,14
28139,122,139,10,22,17,12
28140,126,149,70,88,23,18
28141,169,193,71,88,24,17
28142,159,178,9,24,19,15
28143,183,200,24,36,17,12
28144,187,205,43,56,18,13
28145,198,215,87,100,17,13
28146,124,143,100,114,19,14
28147,132,157,139,158,25,19
28148,159,181,150,166,22,16
28149,191,204,141,150,13,9
28150,195,209,162,172,14,10
28151,200,217,209,221,17,12
28152,51,71,131,145,20,14
28153,46,62,187,199,16,12
28154,44,63,78,92,19,14
28155,49,69,21,36,20,15
28156,85,101,7,19,16,12
28157,123,142,16,30,19,14
28158,138,155,58,71,17,13
28159,142,157,97,108,15,11
28160,138,157,141,155,19,14
28161,95,115,153,168,20,15
28162,61,77,169,182,16,13
28163,43,71,255,275,28,20
28164,26,38,304,313,12,9
28165,5,23,227,241,18,14
28166,11,28,170,183,17,13
28167,12,29,130,143,17,13
28168,7,24,107,120,17,13
28169,4,21,63,76,17,13
28170,5,22,29,42,17,13
28171,33,56,44,61,23,17
28172,80,91,61,69,11,8
28173,68,80,121,131,12,10
28174,79,92,139,148,13,9
28175,112,119,137,142,7,5
28176,149,171,178,194,22,16
28177,161,183,209,226,22,17
28178,187,203,240,252,16,12
28179,195,209,284,295,14,11
28180,184,205,136,152,21,16
28181,191,212,172,188,21,16
28182,176,198,34,50,22,16
28183,183,206,70,87,23,17
28184,209,224,100,112,15,12
28185,206,226,204,218,20,14
28186,208,221,251,260,13,9
28187,186,200,314,325,14,11
28188,40,69,290,312,29,22
28189,49,63,327,337,14,10
28190,90,98,302,309,8,7
28191,83,102,169,183,19,14
28192,68,92,222,240,24,18
28193,44,61,151,164,17,13
28194,63,90,101,121,27,20
28195,94,111,125,138,17,13
28196,114,130,79,91,16,12
28197,129,144,157,168,15,11
28198,120,145,205,224,25,19
28199,142,160,118,132,18,14
28200,154,173,167,182,19,15
28201,159,181,210,227,22,17
28202,185,209,119,137,24,18
28203,202,222,171,187,20,16
28204,217,234,202,214,17,12
28205,36,48,193,202,12,9
28206,17,30,224,234,13,10
28207,17,33,163,175,16,12
28208,14,31,129,141,17,12
28209,41,60,117,131,19,14
28210,40,58,79,93,18,14
28211,80,102,62,78,22,16
28212,121,173,290,329,52,39
28213,81,107,136,156,26,20
28214,96,133,207,235,37,28
28215,144,200,170,212,56,42
28216,46,73,262,282,27,20
28217,49,68,233,248,19,15
28218,123,156,100,125,33,25
28219,71,85,176,187,14,11
28220,83,104,206,222,21,16
28221,98,117,114,128,19,14
28222,118,138,165,180,20,15
28223,131,154,221,239,23,18
28224,109,131,290,307,22,17
28225,158,176,122,136,18,14
28226,137,159,70,87,22,17
28227,80,99,77,92,19,15
28228,102,118,36,47,16,11
28229,156,175,163,178,19,15
28230,168,195,210,231,27,21
28231,164,188,269,287,24,18
28232,105,117,247,256,12,9
28233,43,73,307,329,30,22
28234,15,32,223,236,17,13
28235,11,32,172,188,21,16
28236,10,33,144,161,23,17
28237,11,39,106,126,28,20
28238,9,25,70,82,16,12
28239,132,153,34,50,21,16
28240,101,132,2,24,31,22
28241,141,164,3,21,23,18
28242,166,193,19,39,27,20
28243,103,114,76,84,11,8
28244,114,134,94,109,20,15
28245,127,146,115,130,19,15
28246,69,88,140,154,19,14
28247,39,51,179,189,12,10
28248,38,53,203,214,15,11
28249,104,122,185,198,18,13
28250,124,157,181,206,33,25
28251,154,173,133,147,19,14
28252,122,145,215,232,23,17
28253,55,74,226,240,19,14
28254,54,83,127,149,29,22
28255,67,86,84,98,19,14
28256,29,46,188,201,17,13
28257,58,100,167,198,42,31
28258,95,114,231,245,19,14
28259,83,115,272,296,32,24
28260,159,201,244,276,42,32
28261,195,216,139,154,21,15
28262,186,217,57,80,31,23
28263,133,146,268,278,13,10
28264,145,166,283,298,21,15
28265,73,94,209,224,21,15
28266,36,65,233,254,29,21
28267,24,50,182,201,26,19
28268,27,49,137,154,22,17
28269,22,41,85,99,19,14
28270,17,38,42,58,21,16
28271,73,88,64,76,15,12
28272,77,98,102,118,21,16
28273,116,139,100,117,23,17
28274,138,156,69,82,18,13
28275,152,168,100,112,16,12
28276,160,180,127,142,20,15
28277,159,183,157,175,24,18
28278,154,178,188,206,24,18
28279,132,156,223,242,24,19
28280,139,159,266,280,20,14
28281,133,149,310,322,16,12
28282,175,193,267,280,18,13
28283,167,178,308,316,11,8
28284,186,210,230,248,24,18
28285,198,221,160,177,23,17
28286,193,219,76,95,26,19
28287,149,176,18,39,27,21
28288,101,110,41,48,9,7
28289,14,33,253,267,19,14
28290,12,34,294,311,22,17
28291,47,65,289,302,18,13
28292,80,100,250,264,20,14
28293,101,122,188,204,21,16
28294,129,148,181,195,19,14
28295,190,215,198,216,25,18
28296,203,222,283,298,19,15
28297,194,209,322,333,15,11
28298,134,156,326,342,22,16
28299,102,118,266,278,16,12
28300,105,120,234,246,15,12
28301,71,94,129,147,23,18
28302,62,83,175,190,21,15
28303,165,204,138,167,39,29
28304,181,201,209,224,20,15
28305,137,171,67,92,34,25
28306,66,96,56,79,30,23
28307,54,80,110,129,26,19
28308,46,77,173,196,31,23
28309,68,93,211,231,25,20
28310,69,95,266,285,26,19
28311,81,103,315,331,22,16
28312,128,152,203,221,24,18
28313,128,154,180,199,26,19
28314,122,143,40,56,21,16
28315,88,105,29,42,17,13
28316,197,231,276,301,34,25
28317,30,54,314,332,24,18
28318,41,59,250,264,18,14
28319,97,116,167,181,19,14
28320,102,120,215,228,18,13
28321,83,100,257,270,17,13
28322,33,49,279,292,16,13
28323,12,23,205,213,11,8
28324,12,24,143,152,12,9
28325,23,36,104,115,13,11
28326,28,39,60,68,11,8
28327,46,61,122,133,15,11
28328,50,58,31,36,8,5
28329,94,110,32,44,16,12
28330,116,123,64,69,7,5
28331,108,127,97,112,19,15
28332,122,142,119,133,20,14
28333,149,167,66,79,18,13
28334,154,170,105,117,16,12
28335,154,174,134,149,20,15
28336,144,168,166,185,24,19
28337,141,155,206,216,14,10
28338,136,149,238,248,13,10
28339,171,186,239,250,15,11
28340,193,203,180,188,10,8
28341,195,206,110,119,11,9
28342,168,184,35,47,16,12
28343,186,200,53,64,14,11
28344,184,200,69,82,16,13
28345,128,157,6,28,29,22
28346,27,41,5,15,14,10
28347,4,21,28,41,17,13
28348,10,29,82,97,19,15
28349,7,22,123,134,15,11
28350,10,28,242,256,18,14
28351,12,36,308,326,24,18
28352,71,90,325,339,19,14
28353,106,128,299,316,22,17
28354,137,164,287,308,27,21
28355,109,123,257,268,14,11
28356,173,194,263,279,21,16
28357,124,167,138,169,43,31
28358,114,140,232,252,26,20
28359,88,127,295,325,39,30
28360,137,176,260,289,39,29
28361,164,186,219,236,22,17
28362,166,191,167,187,25,20
28363,158,190,80,105,32,25
28364,88,124,50,78,36,28
28365,54,74,89,104,20,15
28366,45,76,130,154,31,24
28367,65,97,178,202,32,24
28368,82,111,209,231,29,22
28369,39,61,290,306,22,16
28370,39,69,247,270,30,23
28371,175,200,22,41,25,19
28372,190,217,116,137,27,21
28373,196,225,249,270,29,21
28374,196,221,283,302,25,19
28375,133,168,321,347,35,26
28376,88,101,194,204,13,10
28377,92,111,143,158,19,15
28378,117,137,187,201,20,14
28379,122,142,223,238,20,15
28380,145,164,160,174,19,14
28381,172,188,207,219,16,12
28382,167,189,259,275,22,16
28383,164,181,96,109,17,13
28384,153,175,42,58,22,16
28385,107,123,71,83,16,12
28386,71,88,99,112,17,13
28387,31,49,104,118,18,14
28388,23,43,152,167,20,15
28389,14,28,222,233,14,11
28390,13,27,277,288,14,11
28391,36,54,236,249,18,13
28392,98,133,156,182,35,26
28393,112,146,202,227,34,25
28394,93,139,273,308,46,35
28395,162,203,252,282,41,30
28396,178,203,180,199,25,19
28397,152,176,125,143,24,18
28398,87,129,45,77,42,32
28399,148,176,51,73,28,22
28400,62,94,108,132,32,24
28401,41,66,163,182,25,19
28402,46,73,228,248,27,20
28403,44,72,277,297,28,20
28404,86,127,210,241,41,31
28405,73,103,164,187,30,23
28406,43,66,115,132,23,17
28407,79,101,87,104,22,17
28408,106,114,118,124,8,6
28409,116,127,145,154,11,9
28410,117,141,174,192,24,18
28411,27,59,235,259,32,24
28412,36,66,33,56,30,23
28413,171,203,282,306,32,24
28414,97,132,193,219,35,26
28415,75,106,240,264,31,24
28416,83,128,93,127,45,34
28417,52,88,137,164,36,27
28418,61,92,283,305,31,22
28419,24,59,177,203,35,26
28420,149,203,20,61,54,41
28421,54,102,33,68,48,35
28422,152,181,114,136,29,22
28423,115,162,122,158,47,36
28424,102,133,181,204,31,23
28425,117,158,233,264,41,31
28426,177,203,196,215,26,19
28427,163,199,300,327,36,27
28428,65,103,295,324,38,29
28429,63,86,236,253,23,17
28430,29,66,157,185,37,28
28431,57,82,131,150,25,19
28432,78,107,89,111,29,22
28433,102,131,43,64,29,21
28434,153,179,58,78,26,20
28435,185,209,80,98,24,18
28436,185,228,148,180,43,32
28437,126,171,166,200,45,34
28438,121,151,117,140,30,23
28439,129,166,218,246,37,28
28440,156,188,260,284,32,24
28441,148,179,286,309,31,23
28442,151,188,311,338,37,27
28443,97,117,288,303,20,15
28444,57,86,225,247,29,22
28445,61,84,188,205,23,17
28446,51,73,124,141,22,17
28447,61,93,41,66,32,25
28448,93,116,79,96,23,17
28449,129,157,22,44,28,22
28450,178,213,102,128,35,26
28451,194,217,165,183,23,18
28452,199,217,244,258,18,14
28453,37,69,256,280,32,24
28454,89,120,145,169,31,24
28455,100,122,238,255,22,17
28456,141,187,180,215,46,35
28457,143,169,85,105,26,20
28458,57,92,90,116,35,26
28459,24,56,175,199,32,24
28460,52,81,235,257,29,22
28461,52,92,280,310,40,30
28462,117,171,276,316,54,40
28463,167,190,251,268,23,17
28464,107,132,46,64,25,18
28465,159,190,37,61,31,24
28466,110,132,233,249,22,16
28467,145,167,255,272,22,17
28468,164,183,290,305,19,15
28469,169,187,219,232,18,13
28470,179,198,179,193,19,14
28471,188,203,106,116,15,10
28472,85,105,82,97,20,15
28473,49,71,130,146,22,16
28474,25,38,73,83,13,10
28475,24,42,166,180,18,14
28476,21,36,228,239,15,11
28477,22,45,285,302,23,17
28478,57,80,271,288,23,17
28479,58,78,316,331,20,15
28480,91,110,300,314,19,14
28481,161,186,318,337,25,19
28482,124,144,278,293,20,15
28483,127,148,199,215,21,16
28484,184,210,242,262,26,20
28485,185,204,45,59,19,14
28486,75,95,13,28,20,15
28487,2,27,7,26,25,19
28488,37,61,45,63,24,18
28489,49,65,19,31,16,12
28490,5,28,116,134,23,18
28491,7,28,188,204,21,16
28492,42,56,204,215,14,11
28493,71,86,228,240,15,12
28494,82,98,182,194,16,12
28495,99,142,89,121,43,32
28496,112,136,162,180,24,18
28497,120,140,242,258,20,16
28498,134,160,278,298,26,20
28499,73,95,274,290,22,16
28500,44,66,217,233,22,16
28501,32,58,135,155,26,20
28502,44,87,67,99,43,32
28503,95,126,20,43,31,23
28504,159,188,43,65,29,22
28505,183,212,118,140,29,22
28506,164,197,208,233,33,25
28507,75,100,310,328,25,18
28508,20,56,292,319,36,27
28509,83,117,208,233,34,25
28510,183,215,278,302,32,24
28511,190,217,161,181,27,20
28512,91,100,158,165,9,7
28513,88,104,188,200,16,12
28514,48,70,111,128,22,17
28515,54,73,154,168,19,14
28516,45,63,190,203,18,13
28517,17,35,221,235,18,14
28518,10,26,176,188,16,12
28519,12,31,134,148,19,14
28520,12,24,100,110,12,10
28521,12,27,53,64,15,11
28522,32,46,18,28,14,10
28523,90,106,11,22,16,11
28524,142,166,73,92,24,19
28525,145,168,115,132,23,17
28526,135,156,185,201,21,16
28527,132,157,220,239,25,19
28528,137,157,254,269,20,15
28529,149,171,286,303,22,17
28530,112,128,146,158,16,12
28531,164,186,161,177,22,16
28532,174,193,215,229,19,14
28533,183,205,250,267,22,17
28534,21,36,284,295,15,11
28535,20,41,309,325,21,16
28536,61,76,312,323,15,11
28537,149,171,313,329,22,16
28538,94,117,218,235,23,17
28539,86,107,123,139,21,16
28540,114,134,105,121,20,16
28541,148,171,26,44,23,18
28542,176,201,3,22,25,19
28543,187,203,43,55,16,12
28544,82,100,158,172,18,14
28545,93,114,193,208,21,15
28546,116,140,122,140,24,18
28547,139,159,162,177,20,15
28548,144,159,67,78,15,11
28549,162,185,103,120,23,17
28550,129,153,211,228,24,17
28551,76,105,259,282,29,23
28552,39,72,294,318,33,24
28553,23,50,234,254,27,20
28554,26,40,211,222,14,11
28555,15,37,148,165,22,17
28556,17,36,107,121,19,14
28557,14,33,68,82,19,14
28558,37,58,34,50,21,16
28559,71,93,9,25,22,16
28560,98,112,29,41,14,12
28561,124,144,18,33,20,15
28562,127,145,39,53,18,14
28563,167,190,38,56,23,18
28564,173,195,57,73,22,16
28565,190,207,78,90,17,12
28566,201,220,126,141,19,15
28567,175,201,171,190,26,19
28568,173,197,203,220,24,17
28569,171,193,243,260,22,17
28570,149,181,278,302,32,24
28571,127,149,249,266,22,17
28572,106,124,307,321,18,14
28573,98,147,127,163,49,36
28574,90,134,296,329,44,33
28575,118,166,6,41,48,35
28576,50,67,208,221,17,13
28577,88,127,242,271,39,29
28578,27,54,282,303,27,21
28579,49,72,135,152,23,17
28580,156,193,182,210,37,28
28581,168,201,264,289,33,25
28582,42,81,55,84,39,29
28583,39,58,239,253,19,14
28584,171,207,78,105,36,27
28585,92,123,192,216,31,24
28586,38,68,169,192,30,23
28587,122,156,69,95,34,26
28588,195,216,131,147,21,16
28589,80,95,207,218,15,11
28590,76,93,237,250,17,13
28591,43,56,217,227,13,10
28592,39,51,238,246,12,8
28593,73,85,170,179,12,9
28594,86,105,90,105,19,15
28595,78,95,119,132,17,13
28596,51,72,76,92,21,16
28597,88,107,48,63,19,15
28598,129,156,60,81,27,21
28599,139,154,110,121,15,11
28600,131,144,153,163,13,10
28601,129,146,184,197,17,13
28602,126,147,213,229,21,16
28603,127,142,241,252,15,11
28604,129,140,274,283,11,9
28605,166,189,214,231,23,17
28606,176,200,245,263,24,18
28607,176,196,169,185,20,16
28608,181,201,107,122,20,15
28609,168,191,33,50,23,17
28610,129,144,20,31,15,11
28611,98,109,175,183,11,8
28612,140,157,258,271,17,13
28613,142,166,293,311,24,18
28614,90,110,278,292,20,14
28615,65,78,264,274,13,10
28616,64,75,297,305,11,8
28617,18,34,301,313,16,12
28618,11,29,257,270,18,13
28619,11,24,208,218,13,10
28620,10,21,154,162,11,8
28621,12,25,117,127,13,10
28622,171,206,69,96,35,27
28623,123,151,217,238,28,21
28624,48,94,269,304,46,35
28625,106,129,299,316,23,17
28626,74,98,182,200,24,18
28627,76,100,86,104,24,18
28628,64,97,33,58,33,25
28629,119,143,128,146,24,18
28630,39,80,129,159,41,30
28631,27,63,234,261,36,27
28632,41,72,314,337,31,23
28633,145,188,296,328,43,32
28634,173,211,197,225,38,28
28635,120,159,159,189,39,30
28636,114,141,50,70,27,20
28637,32,57,81,100,25,19
28638,36,61,198,217,25,19
28639,89,119,226,248,30,22
28640,119,161,267,299,42,32
28641,124,168,312,345,44,33
28642,118,142,197,214,24,17
28643,134,153,144,159,19,15
28644,83,97,190,200,14,10
28645,80,96,161,173,16,12
28646,85,102,119,132,17,13
28647,115,137,87,103,22,16
28648,146,164,58,71,18,13
28649,163,178,96,108,15,12
28650,124,142,27,40,18,13
28651,49,68,42,57,19,15
28652,36,47,76,84,11,8
28653,110,138,282,303,28,21
28654,108,132,123,141,24,18
28655,88,109,213,229,21,16
28656,46,66,263,278,20,15
28657,53,76,299,316,23,17
28658,51,69,198,211,18,13
28659,173,204,65,88,31,23
28660,97,122,46,64,25,18
28661,130,159,80,102,29,22
28662,149,180,30,53,31,23
28663,47,73,115,135,26,20
28664,142,168,187,206,26,19
28665,151,203,223,262,52,39
28666,41,76,47,73,35,26
28667,180,208,297,318,28,21
28668,186,216,148,171,30,23
28669,74,120,156,190,46,34
28670,118,142,261,279,24,18
28671,115,133,194,208,18,14
28672,127,142,148,159,15,11
28673,145,163,198,211,18,13
28674,167,186,223,237,19,14
28675,171,183,265,274,12,9
28676,171,195,289,307,24,18
28677,167,192,319,337,25,18
28678,128,142,314,324,14,10
28679,52,70,272,286,18,14
28680,41,63,201,217,22,16
28681,23,47,124,142,24,18
28682,34,51,56,68,17,12
28683,70,95,57,77,25,20
28684,53,74,82,98,21,16
28685,37,57,13,28,20,15
28686,70,83,22,31,13,9
28687,97,107,30,37,10,7
28688,121,128,32,37,7,5
28689,102,116,55,65,14,10
28690,133,144,53,61,11,8
28691,144,151,24,30,7,6
28692,136,151,81,93,15,12
28693,143,157,108,118,14,10
28694,112,129,116,129,17,13
28695,67,82,137,148,15,11
28696,51,63,156,165,12,9
28697,14,29,170,181,15,11
28698,13,32,86,99,19,13
28699,10,29,202,216,19,14
28700,10,28,240,253,18,13
28701,13,25,275,284,12,9
28702,19,36,313,326,17,13
28703,141,177,38,65,36,27
28704,98,123,74,93,25,19
28705,82,106,122,140,24,18
28706,104,131,155,175,27,20
28707,102,125,204,221,23,17
28708,98,122,248,266,24,18
28709,143,178,232,258,35,26
28710,174,196,277,294,22,17
28711,176,201,197,216,25,19
28712,38,93,281,323,55,42
28713,50,78,229,250,28,21
28714,39,76,149,178,37,29
28715,39,56,110,122,17,12
28716,41,69,64,85,28,21
28717,153,181,75,97,28,22
28718,195,225,152,174,30,22
28719,70,109,15,44,39,29
28720,125,146,310,326,21,16
28721,131,164,271,296,33,25
28722,78,100,131,147,22,16
28723,75,97,158,175,22,17
28724,80,102,183,199,22,16
28725,80,101,226,242,21,16
28726,46,73,259,280,27,21
28727,28,49,220,235,21,15
28728,14,39,181,199,25,18
28729,12,26,132,143,14,11
28730,139,160,191,207,21,16
28731,129,155,241,261,26,20
28732,135,162,266,286,27,20
28733,132,161,291,312,29,21
28734,72,92,318,333,20,15
28735,143,170,109,129,27,20
28736,134,159,45,63,25,18
28737,97,122,3,22,25,19
28738,58,84,18,38,26,20
28739,115,132,150,163,17,13
28740,104,127,197,214,23,17
28741,70,97,229,249,27,20
28742,47,78,297,320,31,23
28743,32,63,184,208,31,24
28744,172,200,68,90,28,22
28745,127,149,156,172,22,16
28746,118,168,176,214,50,38
28747,76,103,81,101,27,20
28748,29,70,232,263,41,31
28749,63,100,291,319,37,28
28750,109,143,229,254,34,25
28751,124,152,67,88,28,21
28752,182,216,158,183,34,25
28753,197,219,220,237,22,17
28754,188,213,258,276,25,18
28755,42,83,133,164,41,31
28756,64,102,167,196,38,29
28757,50,76,19,39,26,20
28758,127,165,27,55,38,28
28759,180,207,23,43,27,20
28760,85,130,27,61,45,34
28761,118,155,65,93,37,28
28762,132,160,114,135,28,21
28763,93,107,143,153,14,10
28764,80,110,190,212,30,22
28765,139,183,192,224,44,32
28766,159,186,234,254,27,20
28767,159,188,298,321,29,23
28768,182,220,79,107,38,28
28769,60,95,101,128,35,27
28770,33,51,146,160,18,14
28771,43,63,196,212,20,16
28772,37,65,274,294,28,20
28773,151,186,122,148,35,26
28774,137,170,163,188,33,25
28775,127,148,213,229,21,16
28776,105,127,268,284,22,16
28777,152,188,262,289,36,27
28778,181,208,203,223,27,20
28779,71,93,205,221,22,16
28780,53,87,135,161,34,26
28781,66,90,93,110,24,17
28782,96,134,62,91,38,29
28783,151,176,43,62,25,19
28784,175,195,4,19,20,15
28785,186,206,79,95,20,16
28786,50,77,45,66,27,21
28787,36,58,281,298,22,17
28788,73,107,291,316,34,25
28789,90,107,199,212,17,13
28790,81,99,240,253,18,13
28791,65,87,280,297,22,17
28792,55,72,320,333,17,13
28793,10,33,292,309,23,17
28794,11,29,206,220,18,14
28795,12,30,148,162,18,14
28796,15,34,90,104,19,14
28797,34,51,126,139,17,13
28798,29,47,46,60,18,14
28799,49,62,90,100,13,10
28800,49,63,118,129,14,11
28801,76,91,143,154,15,11
28802,99,112,120,129,13,9
28803,108,126,155,169,18,14
28804,120,136,96,109,16,13
28805,124,137,133,143,13,10
28806,136,145,161,168,9,7
28807,193,207,220,230,14,10
28808,192,215,264,282,23,18
28809,138,163,245,264,25,19
28810,100,121,233,249,21,16
28811,99,117,257,270,18,13
28812,97,122,296,315,25,19
28813,66,82,208,220,16,12
28814,51,65,232,242,14,10
28815,21,36,178,189,15,11
28816,53,71,154,168,18,14
28817,79,91,171,180,12,9
28818,9,24,14,25,15,11
28819,41,66,17,36,25,19
28820,56,73,66,79,17,13
28821,14,28,256,267,14,11
28822,12,29,323,335,17,12
28823,39,51,272,282,12,10
28824,75,90,307,318,15,11
28825,95,116,319,335,21,16
28826,149,173,328,345,24,17
28827,181,210,305,327,29,22
28828,171,187,271,283,16,12
28829,178,193,243,254,15,11
28830,207,224,234,246,17,12
28831,143,163,74,89,20,15
28832,80,118,192,221,38,29
28833,111,157,143,177,46,34
28834,86,102,122,134,16,12
28835,34,55,139,155,21,16
28836,36,73,247,274,37,27
28837,85,134,281,317,49,36
28838,135,168,255,280,33,25
28839,169,203,223,249,34,26
28840,90,119,90,111,29,21
28841,45,80,42,69,35,27
28842,120,160,35,65,40,30
28843,162,195,99,123,33,24
28844,203,221,204,218,18,14
28845,110,157,210,246,47,36
28846,127,171,163,195,44,32
28847,51,76,172,190,25,18
28848,73,88,154,165,15,11
28849,107,139,104,128,32,24
28850,100,127,77,97,27,20
28851,68,90,59,76,22,17
28852,105,138,23,48,33,25
28853,158,190,48,72,32,24
28854,166,190,101,119,24,18
28855,186,218,132,156,32,24
28856,183,221,242,271,38,29
28857,136,173,264,292,37,28
28858,49,73,265,282,24,17
28859,63,86,233,251,23,18
28860,95,112,184,197,17,13
28861,100,122,237,253,22,16
28862,105,120,131,142,15,11
28863,113,131,78,91,18,13
28864,136,154,112,126,18,14
28865,140,166,212,231,26,19
28866,69,91,287,304,22,17
28867,34,56,246,264,22,18
28868,22,36,211,222,14,11
28869,14,39,170,189,25,19
28870,10,32,112,129,22,17
28871,10,24,34,45,14,11
28872,43,63,23,38,20,15
28873,89,111,27,43,22,16
28874,108,128,50,64,20,14
28875,79,95,93,105,16,12
28876,68,86,114,128,18,14
28877,61,80,142,157,19,15
28878,78,97,201,215,19,14
28879,73,90,255,269,17,14
28880,18,39,308,323,21,15
28881,47,68,313,329,21,16
28882,19,34,285,296,15,11
28883,105,123,309,323,18,14
28884,123,147,264,282,24,18
28885,161,177,297,308,16,11
28886,166,183,114,127,17,13
28887,168,192,68,86,24,18
28888,133,149,254,266,16,12
28889,132,150,281,294,18,13
28890,119,134,217,229,15,12
28891,55,81,232,251,26,19
28892,64,83,283,298,19,15
28893,96,121,293,312,25,19
28894,82,102,191,206,20,15
28895,80,100,123,138,20,15
28896,102,129,106,126,27,20
28897,156,178,129,145,22,16
28898,127,159,15,39,32,24
28899,64,87,41,58,23,17
28900,37,60,56,73,23,17
28901,33,54,98,114,21,16
28902,38,69,166,189,31,23
28903,127,151,163,181,24,18
28904,166,197,201,225,31,24
28905,183,208,250,269,25,19
28906,179,198,69,83,19,14
28907,129,159,71,93,30,22
28908,194,225,153,176,31,23
28909,61,81,147,162,20,15
28910,62,89,195,215,27,20
28911,49,75,262,282,26,20
28912,47,71,299,317,24,18
28913,85,107,291,307,22,16
28914,108,124,238,250,16,12
28915,121,145,174,192,24,18
28916,78,105,96,116,27,20
28917,78,100,51,67,22,16
28918,33,54,53,68,21,15
28919,7,34,94,114,27,20
28920,12,33,128,144,21,16
28921,7,26,155,169,19,14
28922,8,29,183,198,21,15
28923,17,42,311,330,25,19
28924,7,22,255,267,15,12
28925,54,101,159,195,47,36
28926,90,118,228,248,28,20
28927,130,164,257,282,34,25
28928,67,102,286,312,35,26
28929,138,158,199,214,20,15
28930,145,174,172,194,29,22
28931,160,184,127,146,24,19
28932,91,137,79,114,46,35
28933,138,166,51,73,28,22
28934,66,107,45,76,41,31
28935,199,224,106,124,25,18
28936,201,222,150,166,21,16
28937,44,76,110,133,32,23
28938,40,66,225,244,26,19
28939,122,159,305,333,37,28
28940,199,222,261,278,23,17
28941,187,202,334,345,15,11
28942,185,207,217,233,22,16
28943,155,202,7,42,47,35
28944,105,129,160,178,24,18
28945,19,39,261,276,20,15
28946,118,146,208,229,28,21
28947,138,168,256,279,30,23
28948,78,100,259,275,22,16
28949,63,87,225,242,24,17
28950,58,78,169,184,20,15
28951,57,83,119,139,26,20
28952,80,122,85,116,42,31
28953,138,166,94,115,28,21
28954,156,186,146,168,30,22
28955,165,198,202,227,33,25
28956,190,212,286,302,22,16
28957,100,129,305,327,29,22
28958,47,69,306,322,22,16
28959,38,51,276,286,13,10
28960,44,69,48,66,25,18
28961,88,129,38,69,41,31
28962,155,189,37,63,34,26
28963,186,215,77,98,29,21
28964,94,110,274,286,16,12
28965,105,121,218,230,16,12
28966,110,127,248,260,17,12
28967,128,143,183,194,15,11
28968,145,171,206,226,26,20
28969,135,151,148,159,16,11
28970,74,89,149,160,15,11
28971,33,51,176,189,18,13
28972,14,31,129,142,17,13
28973,36,60,62,80,24,18
28974,36,61,103,122,25,19
28975,76,103,26,47,27,21
28976,25,47,216,233,22,17
28977,32,47,293,305,15,12
28978,38,51,321,331,13,10
28979,59,73,256,266,14,10
28980,66,79,281,291,13,10
28981,72,86,311,321,14,10
28982,126,147,266,282,21,16
28983,174,203,260,281,29,21
28984,183,205,201,217,22,16
28985,177,203,141,160,26,19
28986,173,190,47,60,17,13
28987,140,156,56,68,16,12
28988,139,157,21,34,18,13
28989,175,195,18,33,20,15
28990,176,196,91,107,20,16
28991,148,178,114,137,30,23
28992,106,117,124,133,11,9
28993,102,115,181,190,13,9
28994,89,101,233,242,12,9
28995,86,98,251,260,12,9
28996,63,73,234,241,10,7
28997,12,26,244,254,14,10
28998,5,20,173,185,15,12
28999,171,195,320,338,24,18
29000,68,93,93,112,25,19
29001,67,90,130,147,23,17
29002,56,90,165,190,34,25
29003,110,143,172,196,33,24
29004,151,172,225,241,21,16
29005,154,182,305,326,28,21
29006,176,215,250,280,39,30
29007,188,213,326,344,25,18
29008,166,185,129,144,19,15
29009,159,187,58,80,28,22
29010,171,215,9,42,44,33
29011,41,70,40,62,29,22
29012,30,49,133,147,19,14
29013,38,54,234,246,16,12
29014,45,68,284,301,23,17
29015,63,97,321,346,34,25
29016,181,214,175,200,33,25
29017,110,136,97,117,26,20
29018,127,159,172,197,32,25
29019,146,177,243,267,31,24
29020,63,102,231,260,39,29
29021,58,80,187,203,22,16
29022,59,81,150,167,22,17
29023,80,120,93,123,40,30
29024,142,171,107,129,29,22
29025,90,120,57,80,30,23
29026,137,162,50,69,25,19
29027,193,220,154,175,27,21
29028,203,225,266,283,22,17
29029,88,137,285,321,49,36
29030,42,69,298,318,27,20
29031,22,47,256,275,25,19
29032,22,46,152,170,24,18
29033,24,46,88,105,22,17
29034,18,39,52,68,21,16
29035,59,81,47,64,22,17
29036,142,177,28,55,35,27
29037,193,220,40,60,27,20
29038,187,217,101,124,30,23
29039,83,105,216,232,22,16
29040,85,111,273,293,26,20
29041,62,83,167,183,21,16
29042,78,98,125,139,20,14
29043,85,106,65,81,21,16
29044,99,116,101,114,17,13
29045,85,102,12,25,17,13
29046,40,56,30,42,16,12
29047,24,39,57,68,15,11
29048,12,29,91,103,17,12
29049,14,28,125,136,14,11
29050,14,29,159,170,15,11
29051,19,27,187,192,8,5
29052,34,51,200,212,17,12
29053,41,56,232,244,15,12
29054,68,85,247,260,17,13
29055,80,101,304,320,21,16
29056,120,151,311,334,31,23
29057,123,146,252,269,23,17
29058,109,132,179,197,23,18
29059,130,146,126,138,16,12
29060,141,163,75,91,22,16
29061,176,200,73,92,24,19
29062,120,139,21,35,19,14
29063,10,27,232,245,17,13
29064,13,31,267,280,18,13
29065,12,29,300,313,17,13
29066,32,51,317,332,19,15
29067,36,51,252,263,15,11
29068,88,113,235,255,25,20
29069,131,149,219,232,18,13
29070,74,95,193,209,21,16
29071,170,190,291,306,20,15
29072,173,197,312,330,24,18
29073,159,178,252,267,19,15
29074,110,137,142,162,27,20
29075,118,133,69,80,15,11
29076,139,154,48,59,15,11
29077,41,62,100,115,21,15
29078,86,117,223,246,31,23
29079,102,142,136,166,40,30
29080,152,173,195,210,21,15
29081,123,149,272,292,26,20
29082,77,107,297,319,30,22
29083,46,69,265,282,23,17
29084,124,156,318,341,32,23
29085,175,216,283,314,41,31
29086,181,208,204,225,27,21
29087,183,210,153,173,27,20
29088,139,173,65,90,34,25
29089,183,205,57,73,22,16
29090,75,113,69,98,38,29
29091,96,129,32,57,33,25
29092,45,66,137,152,21,15
29093,43,66,192,209,23,17
29094,36,58,240,257,22,17
29095,54,78,120,137,24,17
29096,50,69,156,171,19,15
29097,36,58,188,204,22,16
29098,27,50,232,250,23,18
29099,70,83,213,223,13,10
29100,86,108,159,175,22,16
29101,87,103,86,99,16,13
29102,116,137,119,135,21,16
29103,135,154,169,182,19,13
29104,111,139,207,229,28,22
29105,118,157,240,270,39,30
29106,58,73,282,293,15,11
29107,16,35,285,300,19,15
29108,10,24,249,260,14,11
29109,5,19,187,198,14,11
29110,4,17,137,147,13,10
29111,5,19,104,115,14,11
29112,7,20,56,66,13,10
29113,67,82,178,189,15,11
29114,32,50,221,234,18,13
29115,20,41,287,303,21,16
29116,17,40,163,180,23,17
29117,23,48,107,126,25,19
29118,21,49,54,75,28,21
29119,107,137,9,31,30,22
29120,78,103,97,116,25,19
29121,80,104,135,152,24,17
29122,104,123,158,173,19,15
29123,103,124,188,204,21,16
29124,132,154,199,215,22,16
29125,133,151,79,93,18,14
29126,139,159,114,129,20,15
29127,160,178,167,181,18,14
29128,164,186,212,228,22,16
29129,130,161,242,265,31,23
29130,178,209,263,287,31,24
29131,41,63,321,337,22,16
29132,50,63,271,281,13,10
29133,11,32,253,269,21,16
29134,46,60,194,204,14,10
29135,49,62,145,155,13,10
29136,66,88,59,76,22,17
29137,25,45,6,21,20,15
29138,152,171,18,32,19,14
29139,120,151,150,173,31,23
29140,78,115,238,265,37,27
29141,115,147,215,239,32,24
29142,162,191,193,215,29,22
29143,134,164,78,100,30,22
29144,62,95,70,95,33,25
29145,51,84,127,152,33,25
29146,50,90,165,195,40,30
29147,35,63,235,256,28,21
29148,68,101,297,321,33,24
29149,137,167,295,318,30,23
29150,135,164,16,38,29,22
29151,82,115,13,38,33,25
29152,184,220,117,144,36,27
29153,187,222,258,284,35,26
29154,87,112,245,264,25,19
29155,62,86,237,256,24,19
29156,51,73,220,236,22,16
29157,102,121,177,191,19,14
29158,104,127,141,158,23,17
29159,126,149,103,120,23,17
29160,152,169,165,178,17,13
29161,149,169,211,226,20,15
29162,139,166,246,267,27,21
29163,116,142,286,305,26,19
29164,59,74,325,337,15,12
29165,11,33,293,309,22,16
29166,8,39,173,195,31,22
29167,8,32,124,142,24,18
29168,46,67,124,140,21,16
29169,62,84,99,116,22,17
29170,61,89,64,85,28,21
29171,122,156,21,47,34,26
29172,161,179,47,60,18,13
29173,166,183,70,83,17,13
29174,168,186,99,112,18,13
29175,151,181,131,154,30,23
29176,183,205,179,196,22,17
29177,183,206,234,252,23,18
29178,166,198,288,311,32,23
29179,95,115,212,226,20,14
29180,129,145,187,199,16,12
29181,111,130,65,80,19,15
29182,6,26,32,47,20,15
29183,10,29,217,232,19,15
29184,85,102,135,148,17,13
29185,66,91,187,206,25,19
29186,94,116,228,245,22,17
29187,122,146,181,199,24,18
29188,129,156,243,264,27,21
29189,80,115,311,338,35,27
29190,32,68,247,274,36,27
29191,26,46,216,231,20,15
29192,22,41,115,130,19,15
29193,32,48,69,81,16,12
29194,88,112,225,243,24,18
29195,80,98,284,297,18,13
29196,37,70,197,221,33,24
29197,33,56,136,154,23,18
29198,20,43,78,95,23,17
29199,55,75,80,95,20,15
29200,32,52,37,52,20,15
29201,88,106,8,22,18,14
29202,93,110,76,89,17,13
29203,88,107,108,122,19,14
29204,146,164,52,65,18,13
29205,148,175,84,105,27,21
29206,153,173,162,177,20,15
29207,148,169,190,206,21,16
29208,139,162,218,235,23,17
29209,175,202,234,254,27,20
29210,145,168,271,288,23,17
29211,137,157,302,317,20,15
29212,139,167,137,158,28,21
29213,93,118,163,181,25,18
29214,88,119,195,218,31,23
29215,84,105,235,251,21,16
29216,100,125,263,282,25,19
29217,98,126,298,319,28,21
29218,50,76,296,316,26,20
29219,39,67,232,254,28,22
29220,34,54,142,157,20,15
29221,59,93,88,114,34,26
29222,78,97,55,70,19,15
29223,57,88,10,33,31,23
29224,161,196,21,48,35,27
29225,176,205,64,86,29,22
29226,193,217,110,128,24,18
29227,171,200,163,185,29,22
29228,184,214,203,225,30,22
29229,134,161,212,232,27,20
29230,135,147,267,277,12,10
29231,107,128,133,149,21,16
29232,198,223,239,258,25,19
29233,202,224,277,294,22,17
29234,47,70,189,206,23,17
29235,80,99,140,154,19,14
29236,56,73,174,187,17,13
29237,30,50,218,233,20,15
29238,26,41,252,263,15,11
29239,24,44,113,129,20,16
29240,31,51,58,74,20,16
29241,63,81,18,32,18,14
29242,75,90,66,78,15,12
29243,121,138,26,39,17,13
29244,131,147,69,81,16,12
29245,114,137,104,121,23,17
29246,114,134,139,154,20,15
29247,114,134,171,186,20,15
29248,95,114,190,204,19,14
29249,116,139,210,227,23,17
29250,122,149,251,271,27,20
29251,147,163,282,294,16,12
29252,188,209,250,266,21,16
29253,176,196,299,314,20,15
29254,163,181,321,335,18,14
29255,90,105,287,298,15,11
29256,34,51,291,304,17,13
29257,9,26,327,339,17,12
29258,6,22,169,182,16,13
29259,5,27,129,146,22,17
29260,8,24,84,96,16,12
29261,3,24,10,26,21,16
29262,59,93,176,202,34,26
29263,83,108,213,233,25,20
29264,121,144,190,208,23,18
29265,130,149,164,177,19,13
29266,98,128,87,110,30,23
29267,139,166,66,87,27,21
29268,68,100,52,76,32,24
29269,141,164,107,124,23,17
29270,188,214,150,169,26,19
29271,170,201,85,108,31,23
29272,133,168,259,286,35,27
29273,83,108,271,290,25,19
29274,38,61,271,289,23,18
29275,41,66,230,248,25,18
29276,47,67,128,143,20,15
29277,100,123,314,332,23,18
29278,149,180,305,328,31,23
29279,176,203,237,256,27,19
29280,182,213,191,214,31,23
29281,152,182,23,45,30,22
29282,93,118,133,151,25,18
29283,106,141,30,56,35,26
29284,31,54,84,101,23,17
29285,122,149,82,103,27,21
29286,94,120,124,143,26,19
29287,68,100,177,201,32,24
29288,89,108,216,230,19,14
29289,83,107,257,275,24,18
29290,120,148,262,282,28,20
29291,165,186,298,314,21,16
29292,134,159,322,340,25,18
29293,96,120,302,319,24,17
29294,48,70,304,321,22,17
29295,40,61,273,288,21,15
29296,36,58,232,249,22,17
29297,38,58,149,164,20,15
29298,44,69,110,129,25,19
29299,46,73,82,102,27,20
29300,60,88,42,62,28,20
29301,101,139,32,60,38,28
29302,168,196,56,77,28,21
29303,190,217,100,120,27,20
29304,197,219,284,300,22,16
29305,186,209,209,226,23,17
29306,197,221,259,278,24,19
29307,193,215,143,160,22,17
29308,134,169,113,140,35,27
29309,145,161,63,75,16,12
29310,186,218,24,49,32,25
29311,127,141,269,279,14,10
29312,105,124,293,307,19,14
29313,79,95,286,298,16,12
29314,94,110,265,276,16,11
29315,74,90,241,252,16,11
29316,76,98,208,225,22,17
29317,80,98,198,211,18,13
29318,55,80,146,164,25,18
29319,86,107,133,149,21,16
29320,69,88,110,124,19,14
29321,57,83,62,82,26,20
29322,46,70,35,53,24,18
29323,86,110,34,52,24,18
29324,103,127,75,93,24,18
29325,179,207,33,54,28,21
29326,194,222,78,99,28,21
29327,188,210,113,130,22,17
29328,195,220,144,163,25,19
29329,189,217,182,203,28,21
29330,203,225,219,235,22,16
29331,202,223,238,254,21,16
29332,203,220,273,286,17,13
29333,208,237,311,333,29,22
29334,34,57,199,216,23,17
29335,31,66,242,268,35,26
29336,40,56,303,315,16,12
29337,35,51,117,129,16,12
29338,36,50,86,96,14,10
29339,63,114,87,125,51,38
29340,95,127,140,164,32,24
29341,71,101,200,222,30,22
29342,90,126,220,247,36,27
29343,143,176,217,242,33,25
29344,141,166,289,308,25,19
29345,168,210,149,180,42,31
29346,166,197,80,103,31,23
29347,133,165,44,68,32,24
29348,74,102,36,57,28,21
29349,32,54,54,71,22,17
29350,29,46,100,112,17,12
29351,48,76,140,161,28,21
29352,39,54,197,208,15,11
29353,41,72,235,258,31,23
29354,51,83,276,300,32,24
29355,66,99,312,337,33,25
29356,186,214,300,322,28,22
29357,184,225,243,273,41,30
29358,179,212,21,46,33,25
29359,135,159,183,201,24,18
29360,147,164,224,237,17,13
29361,93,109,243,255,16,12
29362,68,103,194,220,35,26
29363,73,91,159,173,18,14
29364,54,85,111,134,31,23
29365,57,80,83,100,23,17
29366,64,86,27,44,22,17
29367,122,144,27,44,22,17
29368,155,181,65,85,26,20
29369,157,183,116,135,26,19
29370,186,221,80,106,35,26
29371,189,209,156,171,20,15
29372,173,205,292,317,32,25
29373,86,100,277,287,14,10
29374,44,61,300,312,17,12
29375,39,68,255,278,29,23
29376,140,157,162,175,17,13
29377,30,49,155,169,19,14
29378,34,52,224,238,18,14
29379,167,194,26,47,27,21
29380,91,120,153,175,29,22
29381,122,146,204,222,24,18
29382,154,191,169,197,37,28
29383,161,188,86,106,27,20
29384,105,128,117,134,23,17
29385,54,77,123,141,23,18
29386,44,66,164,181,22,17
29387,37,71,210,235,34,25
29388,86,118,212,236,32,24
29389,106,134,249,271,28,22
29390,147,181,262,288,34,26
29391,172,212,234,264,40,30
29392,39,65,85,104,26,19
29393,41,68,48,68,27,20
29394,51,74,24,41,23,17
29395,98,130,12,37,32,25
29396,143,169,36,55,26,19
29397,120,141,75,91,21,16
29398,186,222,37,63,36,26
29399,197,218,114,130,21,16
29400,139,176,131,158,37,27
29401,111,148,301,328,37,27
29402,67,89,304,321,22,17
29403,39,61,299,316,22,17
29404,36,66,263,284,30,21
29405,57,87,179,202,30,23
29406,102,127,205,223,25,18
29407,123,149,159,178,26,19
29408,88,117,117,138,29,21
29409,82,112,81,103,30,22
29410,117,147,64,86,30,22
29411,148,171,116,133,23,17
29412,188,215,169,189,27,20
29413,132,159,237,256,27,19
29414,76,110,274,300,34,26
29415,103,127,321,338,24,17
29416,151,178,280,301,27,21
29417,203,230,279,299,27,20
29418,188,210,103,119,22,16
29419,156,190,43,68,34,25
29420,61,93,41,65,32,24
29421,32,58,114,133,26,19
29422,32,59,233,253,27,20
29423,78,112,185,211,34,26
29424,98,139,223,254,41,31
29425,33,62,286,308,29,22
29426,37,58,241,257,21,16
29427,32,50,197,211,18,14
29428,29,56,155,175,27,20
29429,28,51,108,125,23,17
29430,33,52,75,90,19,15
29431,36,58,40,57,22,17
29432,73,105,21,45,32,24
29433,122,160,27,56,38,29
29434,152,195,78,110,43,32
29435,163,204,147,177,41,30
29436,158,215,196,239,57,43
29437,149,179,297,320,30,23
29438,92,111,314,328,19,14
29439,51,77,317,336,26,19
29440,194,229,278,304,35,26
29441,138,164,58,77,26,19
29442,114,133,93,107,19,14
29443,88,110,132,148,22,16
29444,97,118,177,193,21,16
29445,93,115,214,230,22,16
29446,90,112,240,256,22,16
29447,98,124,266,286,26,20
29448,88,114,306,326,26,20
29449,126,146,286,301,20,15
29450,50,77,285,306,27,21
29451,43,68,249,268,25,19
29452,41,66,209,228,25,19
29453,39,58,180,194,19,14
29454,41,70,143,165,29,22
29455,44,66,114,132,22,18
29456,32,63,52,75,31,23
29457,73,93,75,90,20,15
29458,89,107,50,64,18,14
29459,115,153,21,49,38,28
29460,186,210,34,52,24,18
29461,184,222,80,109,38,29
29462,205,225,150,165,20,15
29463,195,216,186,201,21,15
29464,143,167,215,233,24,18
29465,184,210,218,237,26,19
29466,190,212,275,292,22,17
29467,198,218,314,329,20,15
29468,166,195,327,349,29,22
29469,142,169,99,120,27,21
29470,116,155,128,157,39,29
29471,127,154,182,202,27,20
29472,156,184,203,224,28,21
29473,136,156,252,268,20,16
29474,97,113,260,272,16,12
29475,57,82,231,249,25,18
29476,63,99,170,197,36,27
29477,56,85,129,151,29,22
29478,47,73,53,72,26,19
29479,89,124,52,79,35,27
29480,137,154,32,44,17,12
29481,173,203,13,36,30,23
29482,169,195,63,82,26,19
29483,156,186,93,116,30,23
29484,173,207,152,177,34,25
29485,199,222,286,303,23,17
29486,126,161,284,310,35,26
29487,60,99,300,329,39,29
29488,32,66,274,299,34,25
29489,31,54,194,212,23,18
29490,31,66,81,107,35,26
29491,102,128,162,182,26,20
29492,98,125,243,264,27,21
29493,87,119,308,332,32,24
29494,65,91,276,296,26,20
29495,44,78,225,251,34,26
29496,46,66,197,211,20,14
29497,39,66,123,143,27,20
29498,66,88,92,109,22,17
29499,99,124,67,86,25,19
29500,115,163,29,65,48,36
29501,151,176,86,104,25,18
29502,156,188,114,138,32,24
29503,161,191,194,217,30,23
29504,109,141,204,228,32,24
29505,164,200,254,281,36,27
29506,149,182,284,309,33,25
29507,200,233,37,62,33,25
29508,32,66,35,60,34,25
29509,112,144,121,145,32,24
29510,125,166,142,172,41,30
29511,107,139,209,232,32,23
29512,58,83,229,248,25,19
29513,73,107,283,309,34,26
29514,134,167,267,291,33,24
29515,147,174,317,337,27,20
29516,48,80,147,171,32,24
29517,63,93,96,118,30,22
29518,71,102,32,56,31,24
29519,118,141,57,74,23,17
29520,141,174,71,96,33,25
29521,169,200,30,53,31,23
29522,189,219,122,144,30,22
29523,187,223,193,220,36,27
29524,71,100,190,212,29,22
29525,31,66,289,316,35,27
29526,104,125,319,335,21,16
29527,109,137,169,189,28,20
29528,127,156,221,242,29,21
29529,162,198,180,207,36,27
29530,164,198,111,136,34,25
29531,100,127,115,135,27,20
29532,61,88,155,176,27,21
29533,53,85,191,215,32,24
29534,60,88,251,272,28,21
29535,105,134,256,278,29,22
29536,86,102,295,307,16,12
29537,42,69,303,323,27,20
29538,47,76,67,88,29,21
29539,61,94,16,41,33,25
29540,165,200,45,71,35,26
29541,139,162,227,244,23,17
29542,151,175,197,214,24,17
29543,72,106,220,245,34,25
29544,98,120,267,283,22,16
29545,57,76,262,276,19,14
29546,39,59,235,251,20,16
29547,35,56,180,196,21,16
29548,51,90,91,121,39,30
29549,155,194,135,165,39,30
29550,61,92,158,181,31,23
29551,43,66,39,57,23,18
29552,75,122,17,53,47,36
29553,143,173,56,79,30,23
29554,188,224,230,256,36,26
29555,148,186,277,306,38,29
29556,72,103,303,326,31,23
29557,28,55,307,327,27,20
29558,25,47,264,280,22,16
29559,197,217,297,312,20,15
29560,207,230,61,79,23,18
29561,168,193,81,99,25,18
29562,150,173,107,125,23,18
29563,86,116,106,128,30,22
29564,69,96,72,93,27,21
29565,81,110,35,57,29,22
29566,112,143,51,73,31,22
29567,88,127,136,166,39,30
29568,95,134,182,211,39,29
29569,68,85,210,223,17,13
29570,67,107,238,268,40,30
29571,122,152,245,268,30,23
29572,144,166,209,226,22,17
29573,170,197,185,205,27,20
29574,177,213,241,269,36,28
29575,156,183,273,293,27,20
29576,72,102,306,328,30,22
29577,50,65,279,290,15,11
29578,25,51,197,216,26,19
29579,29,66,130,158,37,28
29580,24,41,86,98,17,12
29581,180,215,132,159,35,27
29582,203,229,213,232,26,19
29583,108,149,138,168,41,30
29584,136,173,184,212,37,28
29585,107,139,233,256,32,23
29586,86,111,263,282,25,19
29587,57,77,218,233,20,15
29588,36,65,130,151,29,21
29589,50,76,87,107,26,20
29590,93,132,61,90,39,29
29591,156,195,67,95,39,28
29592,177,208,120,143,31,23
29593,182,222,157,187,40,30
29594,176,217,241,272,41,31
29595,154,180,271,291,26,20
29596,124,161,301,328,37,27
29597,61,96,295,321,35,26
29598,34,58,270,288,24,18
29599,56,84,25,45,28,20
29600,121,153,24,48,32,24
29601,173,216,14,46,43,32
29602,105,130,156,175,25,19
29603,129,151,198,214,22,16
29604,140,165,223,242,25,19
29605,105,127,273,289,22,16
29606,78,107,244,266,29,22
29607,48,73,194,213,25,19
29608,77,100,208,225,23,17
29609,27,55,129,150,28,21
29610,49,78,94,116,29,22
29611,86,120,68,93,34,25
29612,110,147,110,138,37,28
29613,154,181,98,118,27,20
29614,179,200,162,178,21,16
29615,142,168,168,188,26,20
29616,183,218,214,240,35,26
29617,164,205,263,294,41,31
29618,137,169,300,324,32,24
29619,120,155,22,48,35,26
29620,175,210,31,58,35,27
29621,199,226,73,93,27,20
29622,188,222,127,152,34,25
29623,41,84,14,47,43,33
29624,39,68,277,300,29,23
29625,44,86,304,336,42,32
29626,57,86,121,142,29,21
29627,74,115,155,185,41,30
29628,103,138,211,237,35,26
29629,51,73,208,224,22,16
29630,143,183,120,150,40,30
29631,139,181,79,111,42,32
29632,184,220,46,72,36,26
29633,161,192,204,228,31,24
29634,167,203,240,267,36,27
29635,142,176,305,331,34,26
29636,105,134,277,299,29,22
29637,58,90,264,289,32,25
29638,58,100,30,62,42,32
29639,116,154,27,55,38,28
29640,99,121,81,98,22,17
29641,20,41,178,194,21,16
29642,182,215,171,196,33,25
29643,66,100,181,207,34,26
29644,80,110,247,269,30,22
29645,77,103,120,140,26,20
29646,31,56,148,167,25,19
29647,45,79,57,83,34,26
29648,102,134,83,107,32,24
29649,136,171,119,146,35,27
29650,149,177,173,195,28,22
29651,147,182,215,241,35,26
29652,155,189,260,286,34,26
29653,44,87,295,327,43,32
29654,17,50,251,276,33,25
29655,20,42,222,238,22,16
29656,41,66,24,42,25,18
29657,112,136,27,45,24,18
29658,161,200,31,60,39,29
29659,181,214,81,106,33,25
29660,86,118,129,153,32,24
29661,117,146,96,118,29,22
29662,164,210,66,102,46,36
29663,178,202,121,139,24,18
29664,151,177,156,176,26,20
29665,195,225,170,191,30,21
29666,163,200,217,246,37,29
29667,142,171,271,292,29,21
29668,83,110,275,295,27,20
29669,50,79,239,261,29,22
29670,28,62,178,204,34,26
29671,33,64,66,89,31,23
29672,73,102,42,64,29,22
29673,115,144,31,53,29,22
29674,158,188,25,48,30,23
29675,95,128,213,238,33,25
29676,134,179,294,328,45,34
29677,38,65,302,322,27,20
29678,43,72,131,152,29,21
29679,47,76,114,136,29,22
29680,78,100,159,176,22,17
29681,108,142,183,208,34,25
29682,80,112,230,254,32,24
29683,88,115,265,286,27,21
29684,73,87,294,304,14,10
29685,35,58,261,278,23,17
29686,40,66,190,209,26,19
29687,105,139,30,55,34,25
29688,149,180,57,80,31,23
29689,181,216,82,108,35,26
29690,159,192,129,154,33,25
29691,176,209,186,211,33,25
29692,94,129,99,125,35,26
29693,146,179,219,244,33,25
29694,150,187,291,319,37,28
29695,91,126,305,331,35,26
29696,41,86,45,79,45,34
29697,56,101,173,207,45,34
29698,97,131,110,136,34,26
29699,124,156,73,98,32,25
29700,159,178,124,139,19,15
29701,149,175,194,213,26,19
29702,129,161,235,259,32,24
29703,90,120,278,300,30,22
29704,97,125,319,340,28,21
29705,65,86,300,315,21,15
29706,46,83,233,261,37,28
29707,103,116,231,241,13,10
29708,197,225,142,163,28,21
29709,179,205,75,94,26,19
29710,82,133,24,62,51,38
29711,44,73,71,93,29,22
29712,42,76,121,146,34,25
29713,189,220,232,255,31,23
29714,168,204,297,325,36,28
29715,88,115,144,164,27,20
29716,117,172,178,219,55,41
29717,171,200,109,131,29,22
29718,78,112,89,114,34,25
29719,42,73,102,125,31,23
29720,44,75,157,181,31,24
29721,44,83,195,224,39,29
29722,57,108,222,260,51,38
29723,124,170,253,287,46,34
29724,87,110,280,298,23,18
29725,25,47,286,303,22,17
29726,39,64,48,66,25,18
29727,89,142,17,57,53,40
29728,142,171,56,77,29,21
29729,188,219,24,46,31,22
29730,203,222,134,148,19,14
29731,197,216,214,229,19,15
29732,190,222,271,296,32,25
29733,142,173,311,334,31,23
29734,64,94,66,88,30,22
29735,73,97,101,119,24,18
29736,93,129,143,170,36,27
29737,89,111,189,206,22,17
29738,74,105,227,250,31,23
29739,145,178,214,239,33,25
29740,157,193,122,148,36,26
29741,154,181,74,95,27,21
29742,144,195,28,66,51,38
29743,56,91,19,45,35,26
29744,49,85,271,298,36,27
29745,106,130,276,295,24,19
29746,147,181,281,306,34,25
29747,107,132,311,331,25,20
29748,192,222,249,272,30,23
29749,29,46,198,210,17,12
29750,38,57,241,256,19,15
29751,36,71,110,136,35,26
29752,54,84,153,176,30,23
29753,178,215,163,190,37,27
29754,88,122,135,161,34,26
29755,111,144,177,202,33,25
29756,155,191,131,158,36,27
29757,175,196,201,217,21,16
29758,174,200,234,253,26,19
29759,69,98,255,277,29,22
29760,136,166,285,307,30,22
29761,49,73,183,202,24,19
29762,112,141,69,91,29,22
29763,41,67,69,88,26,19
29764,144,186,15,45,42,30
29765,166,200,66,92,34,26
29766,42,78,27,54,36,27
29767,41,61,133,148,20,15
29768,39,68,259,281,29,22
29769,102,138,209,237,36,28
29770,95,144,166,202,49,36
29771,151,185,134,159,34,25
29772,93,122,103,125,29,22
29773,110,144,73,98,34,25
29774,154,196,58,89,42,31
29775,80,117,294,321,37,27
29776,113,146,255,280,33,25
29777,158,193,237,263,35,26
29778,51,79,250,271,28,21
29779,45,73,190,211,28,21
29780,31,58,116,136,27,20
29781,45,69,78,96,24,18
29782,61,83,41,58,22,17
29783,178,207,188,210,29,22
29784,112,143,197,221,31,24
29785,134,161,232,252,27,20
29786,176,195,205,219,19,14
29787,156,186,133,155,30,22
29788,39,84,134,168,45,34
29789,91,112,155,171,21,16
29790,112,159,115,150,47,35
29791,98,124,80,100,26,20
29792,51,67,185,197,16,12
29793,78,110,212,236,32,24
29794,124,169,229,264,45,35
29795,151,188,279,307,37,28
29796,176,205,192,213,29,21
29797,186,208,112,129,22,17
29798,153,193,43,73,40,30
29799,54,83,283,305,29,22
29800,97,123,278,297,26,19
29801,102,137,310,336,35,26
29802,32,61,144,165,29,21
29803,32,68,73,101,36,28
29804,77,109,126,150,32,24
29805,93,125,194,218,32,24
29806,126,153,136,156,27,20
29807,155,200,91,124,45,33
29808,117,140,69,86,23,17
29809,67,102,28,55,35,27
29810,46,74,69,90,28,21
29811,32,60,178,199,28,21
29812,49,77,244,266,28,22
29813,102,134,255,279,32,24
29814,140,176,286,312,36,26
29815,166,202,205,232,36,27
29816,182,205,132,149,23,17
29817,181,202,35,51,21,16
29818,66,87,206,222,21,16
29819,58,77,233,247,19,14
29820,71,102,255,278,31,23
29821,112,142,244,266,30,22
29822,122,146,178,196,24,18
29823,85,115,120,142,30,22
29824,110,138,91,112,28,21
29825,155,176,125,141,21,16
29826,46,76,154,176,30,22
29827,84,124,296,326,40,30
29828,142,174,296,320,32,24
29829,166,197,234,256,31,22
29830,181,209,184,204,28,20
29831,176,212,78,105,36,27
29832,115,149,47,73,34,26
29833,58,91,26,51,33,25
29834,53,84,69,92,31,23
29835,61,97,124,151,36,27
29836,100,117,282,295,17,13
29837,129,156,241,261,27,20
29838,121,141,309,323,20,14
29839,56,78,302,318,22,16
29840,31,51,261,276,20,15
29841,51,85,196,222,34,26
29842,100,129,168,190,29,22
29843,144,171,183,203,27,20
29844,142,171,106,127,29,21
29845,99,126,65,85,27,20
29846,41,61,48,63,20,15
29847,84,101,39,52,17,13
29848,123,146,34,52,23,18
29849,161,197,25,52,36,27
29850,175,203,83,104,28,21
29851,188,215,141,161,27,20
29852,187,214,171,191,27,20
29853,181,217,247,274,36,27
29854,181,208,292,312,27,20
29855,40,79,150,179,39,29
29856,44,76,162,186,32,24
29857,61,91,210,233,30,23
29858,58,84,253,273,26,20
29859,113,163,248,286,50,38
29860,125,155,174,196,30,22
29861,116,147,122,145,31,23
29862,66,95,86,108,29,22
29863,99,125,52,72,26,20
29864,132,162,65,88,30,23
29865,163,195,89,113,32,24
29866,188,215,150,171,27,21
29867,192,221,204,225,29,21
29868,154,195,307,337,41,30
29869,39,80,293,324,41,31
29870,42,76,203,228,34,25
29871,95,118,206,223,23,17
29872,117,145,235,255,28,20
29873,141,169,273,295,28,22
29874,78,104,279,299,26,20
29875,44,71,316,336,27,20
29876,80,108,109,130,28,21
29877,76,129,29,68,53,39
29878,139,162,105,122,23,17
29879,142,199,139,182,57,43
29880,47,68,134,150,21,16
29881,29,63,66,91,34,25
29882,165,209,199,232,44,33
29883,210,224,278,288,14,10
29884,22,51,107,129,29,22
29885,163,186,36,54,23,18
29886,67,96,131,152,29,21
29887,91,124,196,220,33,24
29888,125,159,220,245,34,25
29889,161,196,282,308,35,26
29890,93,123,288,310,30,22
29891,29,66,255,283,37,28
29892,42,68,199,219,26,20
29893,17,38,128,143,21,15
29894,46,72,68,87,26,19
29895,95,143,49,85,48,36
29896,138,161,110,127,23,17
29897,164,201,50,78,37,28
29898,174,203,162,184,29,22
29899,165,195,247,270,30,23
29900,130,163,23,47,33,24
29901,83,122,35,65,39,30
29902,71,99,80,102,28,22
29903,66,87,112,128,21,16
29904,58,83,145,165,25,20
29905,56,88,181,204,32,23
29906,76,98,230,247,22,17
29907,91,121,269,292,30,23
29908,76,111,293,319,35,26
29909,35,65,269,291,30,22
29910,41,58,231,244,17,13
29911,138,169,221,245,31,24
29912,154,181,268,289,27,21
29913,69,95,271,290,26,19
29914,169,190,304,320,21,16
29915,176,207,191,215,31,24
29916,197,222,133,151,25,18
29917,168,200,52,76,32,24
29918,179,205,88,107,26,19
29919,40,67,36,56,27,20
29920,25,47,86,102,22,16
29921,62,86,200,218,24,18
29922,83,117,172,197,34,25
29923,95,127,110,135,32,25
29924,139,173,149,175,34,26
29925,137,164,207,227,27,20
29926,63,88,245,264,25,19
29927,30,63,276,301,33,25
29928,25,49,170,187,24,17
29929,39,68,126,148,29,22
29930,48,68,83,98,20,15
29931,49,70,28,43,21,15
29932,80,112,71,95,32,24
29933,151,182,75,98,31,23
29934,175,203,52,73,28,21
29935,188,219,127,150,31,23
29936,196,217,188,204,21,16
29937,156,183,258,279,27,21
29938,131,168,289,317,37,28
29939,105,130,252,271,25,19
29940,182,213,297,321,31,24
29941,27,50,231,249,23,18
29942,63,105,180,211,42,31
29943,98,129,123,147,31,24
29944,135,158,174,191,23,17
29945,111,148,233,260,37,27
29946,103,124,310,326,21,16
29947,143,172,303,325,29,22
29948,171,198,253,274,27,21
29949,184,211,190,210,27,20
29950,156,179,99,116,23,17
29951,56,93,50,77,37,27
29952,110,156,42,76,46,34
29953,19,50,113,137,31,24
29954,178,217,30,60,39,30
29955,134,160,123,143,26,20
29956,173,198,136,154,25,18
29957,190,230,169,199,40,30
29958,129,149,182,197,20,15
29959,108,129,202,218,21,16
29960,140,165,202,220,25,18
29961,143,160,222,234,17,12
29962,88,110,232,249,22,17
29963,61,84,167,184,23,17
29964,48,71,201,218,23,17
29965,47,73,102,121,26,19
29966,47,67,44,59,20,15
29967,80,115,40,66,35,26
29968,130,154,32,50,24,18
29969,163,191,44,65,28,21
29970,192,219,222,242,27,20
29971,187,216,278,300,29,22
29972,79,108,303,325,29,22
29973,41,58,305,318,17,13
29974,43,68,268,287,25,19
29975,36,68,222,245,32,23
29976,29,42,154,164,13,10
29977,77,97,133,148,20,15
29978,120,155,67,93,35,26
29979,181,232,3,41,51,38
29980,114,149,100,126,35,26
29981,147,180,148,172,33,24
29982,146,167,196,212,21,16
29983,111,141,225,248,30,23
29984,89,116,245,265,27,20
29985,80,110,274,297,30,23
29986,127,158,290,313,31,23
29987,49,73,200,219,24,19
29988,74,100,177,197,26,20
29989,46,83,123,150,37,27
29990,50,73,85,102,23,17
29991,74,95,59,75,21,16
29992,129,158,55,77,29,22
29993,185,210,99,118,25,19
29994,200,231,213,236,31,23
29995,164,202,246,275,38,29
29996,95,120,144,163,25,19
29997,124,146,225,242,22,17
29998,86,112,264,283,26,19
29999,39,75,217,244,36,27
30000,51,74,177,194,23,17
30001,41,69,113,134,28,21
30002,70,109,80,109,39,29
30003,117,151,39,65,34,26
30004,140,176,76,103,36,27
30005,161,189,137,158,28,21
30006,171,204,176,201,33,25
30007,129,154,191,209,25,18
30008,172,204,235,259,32,24
30009,154,180,274,293,26,19
30010,129,161,305,328,32,23
30011,61,87,311,331,26,20
30012,29,58,289,311,29,22
30013,44,68,44,62,24,18
30014,169,205,29,56,36,27
30015,120,155,160,186,35,26
30016,114,133,202,217,19,15
30017,92,109,235,248,17,13
30018,38,71,197,222,33,25
30019,55,90,108,135,35,27
30020,58,92,151,176,34,25
30021,117,142,74,94,25,20
30022,51,83,36,60,32,24
30023,110,145,28,54,35,26
30024,156,184,62,83,28,21
30025,127,161,133,158,34,25
30026,169,198,224,246,29,22
30027,173,208,294,320,35,26
30028,80,114,274,299,34,25
30029,68,100,319,342,32,23
30030,20,56,287,314,36,27
30031,205,230,196,214,25,18
30032,122,158,248,275,36,27
30033,193,220,99,120,27,21
30034,164,213,238,276,49,38
30035,120,140,123,138,20,15
30036,66,80,89,100,14,11
30037,93,124,152,175,31,23
30038,121,143,197,214,22,17
30039,84,113,204,226,29,22
30040,71,95,246,264,24,18
30041,44,73,278,300,29,22
30042,87,127,303,332,40,29
30043,144,176,297,321,32,24
30044,176,197,103,119,21,16
30045,169,203,152,177,34,25
30046,166,203,42,70,37,28
30047,115,144,74,95,29,21
30048,40,63,35,52,23,17
30049,45,83,119,147,38,28
30050,41,64,179,196,23,17
30051,134,154,263,278,20,15
30052,112,144,278,302,32,24
30053,108,127,251,265,19,14
30054,36,61,205,224,25,19
30055,28,44,251,263,16,12
30056,181,213,190,214,32,24
30057,110,144,168,194,34,26
30058,124,171,210,246,47,36
30059,144,166,265,282,22,17
30060,80,100,302,316,20,14
30061,70,90,238,253,20,15
30062,42,71,199,221,29,22
30063,63,84,120,136,21,16
30064,82,115,46,71,33,25
30065,139,177,38,67,38,29
30066,86,113,87,108,27,21
30067,148,187,101,130,39,29
30068,178,201,151,168,23,17
30069,187,222,238,264,35,26
30070,181,206,295,313,25,18
30071,78,108,197,220,30,23
30072,103,141,141,169,38,28
30073,138,165,108,128,27,20
30074,121,154,53,78,33,25
30075,193,219,176,195,26,19
30076,122,151,235,257,29,22
30077,52,88,249,275,36,26
30078,36,57,201,217,21,16
30079,44,70,146,165,26,19
30080,71,91,121,136,20,15
30081,73,105,78,102,32,24
30082,60,86,49,68,26,19
30083,181,217,33,60,36,27
30084,198,223,95,114,25,19
30085,142,174,185,209,32,24
30086,149,183,295,320,34,25
30087,72,102,325,348,30,23
30088,103,121,293,306,18,13
30089,36,60,295,313,24,18
30090,78,104,89,108,26,19
30091,74,115,196,226,41,30
30092,113,133,263,278,20,15
30093,77,94,266,278,17,12
30094,100,120,302,317,20,15
30095,149,169,300,315,20,15
30096,48,71,297,314,23,17
30097,30,54,234,252,24,18
30098,36,58,162,178,22,16
30099,178,202,194,211,24,17
30100,209,230,177,193,21,16
30101,169,212,229,261,43,32
30102,174,204,66,89,30,23
30103,124,146,76,93,22,17
30104,80,111,34,57,31,23
30105,45,65,35,50,20,15
30106,41,71,117,140,30,23
30107,90,121,141,165,31,24
30108,100,115,278,289,15,11
30109,105,126,331,347,21,16
30110,73,90,318,331,17,13
30111,38,61,322,339,23,17
30112,120,160,212,242,40,30
30113,112,139,297,317,27,20
30114,83,106,265,282,23,17
30115,76,103,224,245,27,21
30116,80,105,132,151,25,19
30117,109,134,89,108,25,19
30118,87,110,46,63,23,17
30119,120,163,35,67,43,32
30120,165,192,55,75,27,20
30121,164,185,119,135,21,16
30122,142,156,148,159,14,11
30123,90,124,170,195,34,25
30124,45,65,199,213,20,14
30125,49,73,148,166,24,18
30126,39,71,77,101,32,24
30127,29,58,36,58,29,22
30128,175,210,210,236,35,26
30129,188,212,261,279,24,18
30130,139,159,267,282,20,15
30131,170,203,306,331,33,25
30132,197,227,144,166,30,22
30133,148,172,107,125,24,18
30134,88,112,105,124,24,19
30135,61,93,149,173,32,24
30136,37,67,65,87,30,22
30137,78,102,60,78,24,18
30138,120,152,37,61,32,24
30139,186,217,36,59,31,23
30140,206,232,132,151,26,19
30141,150,179,158,180,29,22
30142,146,180,186,212,34,26
30143,178,217,233,262,39,29
30144,137,157,226,240,20,14
30145,117,150,275,300,33,25
30146,70,93,309,327,23,18
30147,43,68,249,268,25,19
30148,26,51,187,205,25,18
30149,73,106,194,219,33,25
30150,21,44,298,316,23,18
30151,33,58,250,270,25,20
30152,44,67,204,222,23,18
30153,66,91,153,172,25,19
30154,94,117,95,113,23,18
30155,65,99,46,71,34,25
30156,118,140,48,65,22,17
30157,150,183,85,110,33,25
30158,166,210,146,179,44,33
30159,98,132,146,172,34,26
30160,123,154,227,250,31,23
30161,153,183,276,299,30,23
30162,148,185,317,345,37,28
30163,51,67,315,327,16,12
30164,32,50,105,118,18,13
30165,181,205,38,57,24,19
30166,80,119,235,264,39,29
30167,100,147,140,175,47,35
30168,90,113,103,120,23,17
30169,61,90,74,96,29,22
30170,38,63,112,131,25,19
30171,44,62,151,164,18,13
30172,34,68,186,212,34,26
30173,34,66,275,299,32,24
30174,102,134,276,300,32,24
30175,153,186,259,284,33,25
30176,156,183,224,244,27,20
30177,173,203,139,161,30,22
30178,161,181,57,72,20,15
30179,112,136,60,78,24,18
30180,32,61,7,30,29,23
30181,93,127,12,37,34,25
30182,184,220,26,54,36,28
30183,135,151,253,265,16,12
30184,134,151,288,301,17,13
30185,90,107,300,312,17,12
30186,66,85,256,270,19,14
30187,51,75,203,221,24,18
30188,32,49,99,112,17,13
30189,56,79,122,140,23,18
30190,94,130,85,112,36,27
30191,115,146,130,153,31,23
30192,154,197,161,193,43,32
30193,177,195,118,132,18,14
30194,192,230,208,236,38,28
30195,188,219,249,272,31,23
30196,185,212,290,311,27,21
30197,120,158,303,332,38,29
30198,41,62,307,323,21,16
30199,30,47,262,275,17,13
30200,31,50,228,242,19,14
30201,75,99,173,191,24,18
30202,82,110,27,48,28,21
30203,132,161,22,45,29,23
30204,163,201,35,64,38,29
30205,145,173,88,109,28,21
30206,76,110,135,160,34,25
30207,95,117,199,216,22,17
30208,42,59,216,229,17,13
30209,42,63,259,274,21,15
30210,58,90,293,317,32,24
30211,105,136,294,318,31,24
30212,146,175,294,316,29,22
30213,121,153,132,156,32,24
30214,63,93,66,89,30,23
30215,99,130,42,65,31,23
30216,129,159,61,84,30,23
30217,25,59,124,149,34,25
30218,51,78,165,186,27,21
30219,137,154,248,262,17,14
30220,126,143,281,293,17,12
30221,89,113,232,250,24,18
30222,107,123,255,267,16,12
30223,73,93,278,293,20,15
30224,90,103,299,309,13,10
30225,47,70,195,212,23,17
30226,72,95,159,176,23,17
30227,86,107,123,139,21,16
30228,56,96,58,88,40,30
30229,105,135,64,86,30,22
30230,137,159,98,114,22,16
30231,147,179,143,167,32,24
30232,171,215,189,222,44,33
30233,184,213,248,270,29,22
30234,171,203,77,101,32,24
30235,49,68,10,23,19,13
30236,88,110,40,57,22,17
30237,39,70,117,140,31,23
30238,57,78,241,256,21,15
30239,19,49,291,314,30,23
30240,68,93,312,330,25,18
30241,123,156,322,347,33,25
30242,169,200,315,337,31,22
30243,115,135,195,210,20,15
30244,194,215,134,150,21,16
30245,189,215,46,65,26,19
30246,84,118,106,132,34,26
30247,105,130,175,194,25,19
30248,62,93,172,195,31,23
30249,85,106,207,223,21,16
30250,77,97,248,262,20,14
30251,93,108,269,280,15,11
30252,102,127,312,331,25,19
30253,134,158,281,299,24,18
30254,159,196,244,273,37,29
30255,165,193,200,222,28,22
30256,166,200,138,164,34,26
30257,156,181,93,112,25,19
30258,92,120,74,95,28,21
30259,49,63,90,100,14,10
30260,41,63,134,150,22,16
30261,25,56,243,267,31,24
30262,53,75,276,292,22,16
30263,58,90,39,62,32,23
30264,102,136,22,47,34,25
30265,127,149,91,107,22,16
30266,130,149,138,152,19,14
30267,201,232,92,115,31,23
30268,117,145,235,256,28,21
30269,185,218,289,314,33,25
30270,43,72,299,321,29,22
30271,22,53,14,36,31,22
30272,73,106,49,74,33,25
30273,61,87,111,130,26,19
30274,41,76,137,163,35,26
30275,69,105,171,198,36,27
30276,77,112,208,234,35,26
30277,134,173,236,266,39,30
30278,86,111,289,308,25,19
30279,32,66,237,263,34,26
30280,36,73,297,324,37,27
30281,142,181,289,319,39,30
30282,78,115,272,299,37,27
30283,32,50,63,77,18,14
30284,44,63,87,102,19,15
30285,56,84,122,143,28,21
30286,107,134,102,122,27,20
30287,147,167,143,157,20,14
30288,159,186,194,215,27,21
30289,172,203,233,256,31,23
30290,160,187,276,296,27,20
30291,28,63,285,311,35,26
30292,44,66,227,243,22,16
30293,39,63,182,200,24,18
30294,103,124,165,181,21,16
30295,152,179,64,84,27,20
30296,166,206,25,55,40,30
30297,124,153,324,346,29,22
30298,121,149,77,98,28,21
30299,46,75,26,48,29,22
30300,95,118,31,49,23,18
30301,139,165,29,48,26,19
30302,176,210,52,78,34,26
30303,185,213,109,130,28,21
30304,68,96,117,139,28,22
30305,66,115,163,200,49,37
30306,51,75,218,236,24,18
30307,43,61,301,314,18,13
30308,86,139,298,337,53,39
30309,46,73,171,191,27,20
30310,99,136,169,196,37,27
30311,150,186,186,212,36,26
30312,164,197,260,285,33,25
30313,166,204,107,136,38,29
30314,69,96,53,73,27,20
30315,49,70,119,135,21,16
30316,29,46,228,241,17,13
30317,39,60,275,291,21,16
30318,115,144,258,279,29,21
30319,166,195,21,42,29,21
30320,78,106,157,178,28,21
30321,107,139,214,238,32,24
30322,151,192,180,211,41,31
30323,198,222,252,270,24,18
30324,123,154,104,128,31,24
30325,68,98,71,93,30,22
30326,37,66,25,47,29,22
30327,86,116,27,50,30,23
30328,137,175,25,54,38,29
30329,173,208,54,80,35,26
30330,54,71,251,264,17,13
30331,131,170,319,348,39,29
30332,39,60,299,315,21,16
30333,37,65,206,226,28,20
30334,88,127,182,210,39,28
30335,122,159,217,245,37,28
30336,159,188,260,281,29,21
30337,84,102,265,279,18,14
30338,47,61,230,240,14,10
30339,56,77,148,164,21,16
30340,96,120,74,92,24,18
30341,124,159,95,121,35,26
30342,180,229,61,97,49,36
30343,188,210,132,149,22,17
30344,170,198,176,197,28,21
30345,146,183,301,329,37,28
30346,61,80,167,181,19,14
30347,77,102,206,226,25,20
30348,88,104,243,255,16,12
30349,115,146,192,215,31,23
30350,137,155,221,235,18,14
30351,166,196,254,277,30,23
30352,131,152,100,116,21,16
30353,135,170,42,68,35,26
30354,41,66,82,101,25,19
30355,68,95,106,127,27,21
30356,81,105,49,67,24,18
30357,173,207,18,43,34,25
30358,184,208,79,97,24,18
30359,181,201,124,139,20,15
30360,143,172,310,332,29,22
30361,85,112,288,308,27,20
30362,37,57,302,317,20,15
30363,48,70,267,283,22,16
30364,34,61,229,249,27,20
30365,35,62,193,213,27,20
30366,79,108,297,318,29,21
30367,116,148,310,334,32,24
30368,89,118,241,263,29,22
30369,46,76,258,280,30,22
30370,53,78,212,231,25,19
30371,73,106,185,209,33,24
30372,103,132,153,174,29,21
30373,142,188,124,159,46,35
30374,136,163,100,120,27,20
30375,151,188,181,208,37,27
30376,146,171,243,261,25,18
30377,159,198,278,308,39,30
30378,68,90,114,131,22,17
30379,71,100,53,75,29,22
30380,121,154,46,71,33,25
30381,86,101,227,239,15,12
30382,110,139,182,204,29,22
30383,169,205,74,101,36,27
30384,112,141,78,100,29,22
30385,91,129,44,72,38,28
30386,65,88,73,91,23,18
30387,67,100,110,135,33,25
30388,73,104,172,196,31,24
30389,57,79,220,236,22,16
30390,32,62,244,267,30,23
30391,49,68,303,318,19,15
30392,46,71,322,340,25,18
30393,94,115,306,322,21,16
30394,102,116,333,343,14,10
30395,139,172,25,49,33,24
30396,48,65,28,41,17,13
30397,122,143,127,143,21,16
30398,162,186,164,182,24,18
30399,202,233,177,200,31,23
30400,164,193,220,242,29,22
30401,112,143,239,262,31,23
30402,77,122,188,222,45,34
30403,116,146,258,281,30,23
30404,127,142,302,313,15,11
30405,92,111,297,312,19,15
30406,60,83,257,274,23,17
30407,46,68,202,219,22,17
30408,41,68,104,124,27,20
30409,63,86,137,154,23,17
30410,119,152,149,174,33,25
30411,170,201,66,89,31,23
30412,121,154,16,41,33,25
30413,78,102,59,76,24,17
30414,42,63,143,159,21,16
30415,71,90,120,135,19,15
30416,77,104,63,83,27,20
30417,113,145,19,43,32,24
30418,56,78,28,44,22,16
30419,39,60,80,95,21,15
30420,45,70,200,219,25,19
30421,64,90,234,254,26,20
30422,76,100,280,298,24,18
30423,71,93,314,331,22,17
30424,122,144,282,298,22,16
30425,148,174,203,222,26,19
30426,163,198,137,163,35,26
30427,188,213,177,195,25,18
30428,111,144,164,189,33,25
30429,134,165,111,135,31,24
30430,172,203,80,103,31,23
30431,168,206,8,37,38,29
30432,115,137,214,231,22,17
30433,135,155,247,262,20,15
30434,76,98,263,279,22,16
30435,76,93,240,253,17,13
30436,38,76,142,170,38,28
30437,87,117,115,138,30,23
30438,114,140,57,77,26,20
30439,149,171,95,111,22,16
30440,157,199,153,184,42,31
30441,181,200,241,256,19,15
30442,188,220,265,289,32,24
30443,129,159,303,325,30,22
30444,66,93,304,325,27,21
30445,19,53,273,298,34,25
30446,34,56,236,252,22,16
30447,41,68,192,213,27,21
30448,42,70,91,112,28,21
30449,51,78,28,49,27,21
30450,154,186,34,57,32,23
30451,187,222,78,105,35,27
30452,91,117,102,122,26,20
30453,134,155,114,130,21,16
30454,174,195,98,113,21,15
30455,185,213,163,184,28,21
30456,125,165,185,215,40,30
30457,85,102,230,243,17,13
30458,32,66,241,266,34,25
30459,40,63,304,321,23,17
30460,38,60,206,223,22,17
30461,44,71,158,178,27,20
30462,43,66,115,132,23,17
30463,36,68,60,84,32,24
30464,76,105,35,57,29,22
30465,127,154,40,60,27,20
30466,173,200,49,69,27,20
30467,167,208,226,256,41,30
30468,98,137,174,203,39,29
30469,119,146,212,233,27,21
30470,57,78,234,249,21,15
30471,85,109,296,313,24,17
30472,121,158,293,321,37,28
30473,166,198,265,289,32,24
30474,162,196,156,182,34,26
30475,126,149,135,152,23,17
30476,72,109,92,120,37,28
30477,132,160,81,102,28,21
30478,85,114,39,61,29,22
30479,45,67,49,65,22,16
30480,42,63,126,141,21,15
30481,43,73,204,226,30,22
30482,183,218,68,94,35,26
30483,199,225,191,211,26,20
30484,132,158,252,271,26,19
30485,112,124,277,286,12,9
30486,75,96,275,291,21,16
30487,46,68,220,236,22,16
30488,60,83,91,108,23,17
30489,110,144,85,110,34,25
30490,168,193,105,123,25,18
30491,188,208,169,184,20,15
30492,49,70,23,39,21,16
30493,50,73,316,333,23,17
30494,31,47,286,299,16,13
30495,188,218,239,261,30,22
30496,175,203,291,312,28,21
30497,100,137,137,165,37,28
30498,178,212,44,69,34,25
30499,124,155,70,94,31,24
30500,139,164,128,146,25,18
30501,105,123,152,166,18,14
30502,110,132,192,208,22,16
30503,115,144,247,269,29,22
30504,162,200,237,265,38,28
30505,151,178,285,305,27,20
30506,93,113,304,319,20,15
30507,63,83,251,266,20,15
30508,56,77,198,214,21,16
30509,50,82,130,154,32,24
30510,46,78,69,92,32,23
30511,72,97,29,47,25,18
30512,193,220,38,58,27,20
30513,188,217,115,137,29,22
30514,152,174,184,200,22,16
30515,204,233,287,308,29,21
30516,128,163,316,342,35,26
30517,117,154,118,146,37,28
30518,102,121,190,205,19,15
30519,75,102,228,248,27,20
30520,56,94,280,308,38,28
30521,133,175,272,303,42,31
30522,167,207,220,249,40,29
30523,56,89,118,143,33,25
30524,87,125,55,84,38,29
30525,112,137,15,34,25,19
30526,159,187,26,48,28,22
30527,190,226,55,83,36,28
30528,188,220,116,139,32,23
30529,161,202,172,203,41,31
30530,48,78,189,212,30,23
30531,34,59,229,247,25,18
30532,94,125,191,215,31,24
30533,132,180,212,247,48,35
30534,120,142,264,281,22,17
30535,90,107,289,301,17,12
30536,53,83,252,275,30,23
30537,39,67,199,220,28,21
30538,36,63,133,153,27,20
30539,76,108,120,144,32,24
30540,98,122,73,92,24,19
30541,135,168,104,128,33,24
30542,170,193,154,172,23,18
30543,176,209,52,77,33,25
30544,56,99,45,77,43,32
30545,19,37,83,96,18,13
30546,14,46,35,59,32,24
30547,176,213,278,307,37,29
30548,73,111,56,84,38,28
30549,62,81,118,132,19,14
30550,42,62,147,162,20,15
30551,46,72,187,206,26,19
30552,31,52,245,261,21,16
30553,59,87,282,302,28,20
30554,106,137,301,324,31,23
30555,121,154,324,348,33,24
30556,157,184,279,299,27,20
30557,139,166,132,152,27,20
30558,147,178,50,73,31,23
30559,110,136,17,36,26,19
30560,166,188,18,34,22,16
30561,174,206,100,124,32,24
30562,95,122,218,238,27,20
30563,79,102,240,257,23,17
30564,195,227,140,164,32,24
30565,70,118,194,231,48,37
30566,102,124,255,271,22,16
30567,93,115,138,155,22,17
30568,116,151,103,129,35,26
30569,132,164,55,79,32,24
30570,71,112,42,73,41,31
30571,29,58,91,112,29,21
30572,34,55,154,170,21,16
30573,43,82,288,317,39,29
30574,115,154,300,329,39,29
30575,181,213,274,297,32,23
30576,185,222,93,121,37,28
30577,141,169,165,186,28,21
30578,153,190,12,41,37,29
30579,102,134,197,222,32,25
30580,124,145,230,246,21,16
30581,90,110,267,282,20,15
30582,91,113,308,324,22,16
30583,127,146,307,321,19,14
30584,171,197,246,265,26,19
30585,202,228,270,290,26,20
30586,174,208,158,184,34,26
30587,63,87,137,155,24,18
30588,56,83,80,100,27,20
30589,69,99,32,55,30,23
30590,108,138,71,93,30,22
30591,102,124,116,133,22,17
30592,109,130,150,166,21,16
30593,186,208,83,100,22,17
30594,40,76,213,240,36,27
30595,33,56,272,289,23,17
30596,73,97,135,153,24,18
30597,102,133,183,206,31,23
30598,129,154,237,256,25,19
30599,41,66,250,269,25,19
30600,83,110,289,309,27,20
30601,132,156,298,317,24,19
30602,183,229,226,260,46,34
30603,177,204,163,183,27,20
30604,154,176,93,109,22,16
30605,188,215,49,69,27,20
30606,53,80,62,83,27,21
30607,104,133,11,33,29,22
30608,95,132,82,110,37,28
30609,34,62,198,219,28,21
30610,88,125,152,179,37,27
30611,109,151,203,234,42,31
30612,88,119,257,280,31,23
30613,65,85,241,256,20,15
30614,49,75,205,224,26,19
30615,49,68,125,139,19,14
30616,75,108,100,125,33,25
30617,109,143,77,102,34,25
30618,156,181,98,116,25,18
30619,164,189,141,160,25,19
30620,173,210,203,231,37,28
30621,83,113,311,334,30,23
30622,141,170,297,319,29,22
30623,27,58,304,328,31,24
30624,35,70,26,52,35,26
30625,95,122,34,53,27,19
30626,138,173,27,53,35,26
30627,130,156,252,271,26,19
30628,117,162,303,336,45,33
30629,190,218,306,327,28,21
30630,188,212,251,269,24,18
30631,153,179,216,236,26,20
30632,86,114,153,174,28,21
30633,104,129,98,117,25,19
30634,20,58,98,126,38,28
30635,40,68,176,197,28,21
30636,51,88,231,259,37,28
30637,65,98,287,311,33,24
30638,126,150,181,199,24,18
30639,156,188,134,157,32,23
30640,166,202,90,117,36,27
30641,139,178,51,80,39,29
30642,71,113,15,46,42,31
30643,56,93,57,84,37,27
30644,86,107,113,129,21,16
30645,110,136,154,174,26,20
30646,124,153,194,216,29,22
30647,154,189,228,255,35,27
30648,179,209,159,182,30,23
30649,98,127,277,299,29,22
30650,98,125,297,318,27,21
30651,70,89,306,320,19,14
30652,35,57,308,324,22,16
30653,36,66,264,286,30,22
30654,34,57,230,247,23,17
30655,21,44,167,184,23,17
30656,53,72,165,179,19,14
30657,36,54,111,125,18,14
30658,50,76,77,96,26,19
30659,41,75,29,54,34,25
30660,102,121,44,58,19,14
30661,144,176,47,70,32,23
30662,137,160,113,131,23,18
30663,188,225,86,113,37,27
30664,180,221,262,292,41,30
30665,108,129,253,269,21,16
30666,70,93,234,252,23,18
30667,51,64,205,215,13,10
30668,185,204,26,41,19,15
30669,83,123,105,134,40,29
30670,47,71,285,302,24,17
30671,35,60,225,244,25,19
30672,49,73,150,168,24,18
30673,80,122,155,186,42,31
30674,131,166,172,199,35,27
30675,164,183,223,236,19,13
30676,156,188,268,292,32,24
30677,101,132,299,322,31,23
30678,56,77,318,334,21,16
30679,165,196,99,123,31,24
30680,115,143,47,68,28,21
30681,39,70,55,78,31,23
30682,180,208,28,49,28,21
30683,209,236,181,201,27,20
30684,34,63,180,202,29,22
30685,68,94,22,42,26,20
30686,107,144,153,181,37,28
30687,120,154,237,262,34,25
30688,58,83,249,268,25,19
30689,29,68,167,196,39,29
30690,38,57,121,135,19,14
30691,19,35,64,76,16,12
30692,54,84,47,70,30,23
30693,95,128,62,87,33,25
30694,137,168,34,58,31,24
30695,158,188,83,106,30,23
30696,173,203,129,151,30,22
30697,183,208,172,191,25,19
30698,176,215,258,287,39,29
30699,102,137,303,330,35,27
30700,28,68,283,312,40,29
30701,131,157,185,205,26,20
30702,134,156,216,232,22,16
30703,84,109,241,259,25,18
30704,46,76,183,206,30,23
30705,44,70,127,147,26,20
30706,46,63,96,110,17,14
30707,58,76,50,63,18,13
30708,136,164,57,77,28,20
30709,164,185,104,119,21,15
30710,181,212,151,174,31,23
30711,189,216,219,239,27,20
30712,105,145,12,41,40,29
30713,168,199,24,47,31,23
30714,47,76,283,305,29,22
30715,76,107,314,337,31,23
30716,203,226,295,312,23,17
30717,126,154,188,209,28,21
30718,139,159,221,235,20,14
30719,93,114,245,261,21,16
30720,76,93,210,223,17,13
30721,58,86,169,190,28,21
30722,68,91,106,123,23,17
30723,97,122,92,111,25,19
30724,129,159,68,90,30,22
30725,164,193,90,112,29,22
30726,171,201,127,150,30,23
30727,177,210,172,197,33,25
30728,51,77,273,292,26,19
30729,81,117,298,325,36,27
30730,32,56,311,329,24,18
30731,48,86,30,59,38,29
30732,102,125,29,47,23,18
30733,146,181,16,42,35,26
30734,192,220,36,58,28,22
30735,97,124,169,190,27,21
30736,122,144,229,246,22,17
30737,66,99,242,267,33,25
30738,115,144,275,297,29,22
30739,161,191,222,244,30,22
30740,156,191,155,181,35,26
30741,98,132,81,106,34,25
30742,42,68,112,131,26,19
30743,33,73,193,223,40,30
30744,58,83,43,61,25,18
30745,29,51,10,27,22,17
30746,35,62,74,94,27,20
30747,152,183,43,67,31,24
30748,172,208,76,102,36,26
30749,193,230,250,278,37,28
30750,185,211,294,314,26,20
30751,64,93,306,327,29,21
30752,73,107,54,79,34,25
30753,107,134,18,39,27,21
30754,74,96,113,129,22,16
30755,95,121,143,162,26,19
30756,68,97,172,194,29,22
30757,64,94,237,260,30,23
30758,112,139,235,256,27,21
30759,105,132,284,304,27,20
30760,62,88,297,316,26,19
30761,29,54,254,273,25,19
30762,31,59,141,163,28,22
30763,31,52,72,88,21,16
30764,152,181,112,133,29,21
30765,177,220,149,181,43,32
30766,143,168,188,207,25,19
30767,123,152,157,179,29,22
30768,90,126,203,230,36,27
30769,121,151,237,259,30,22
30770,85,112,268,288,27,20
30771,51,70,273,287,19,14
30772,47,77,200,222,30,22
30773,52,78,155,175,26,20
30774,64,95,94,118,31,24
30775,99,125,76,96,26,20
30776,54,92,37,66,38,29
30777,113,144,45,68,31,23
30778,166,198,45,69,32,24
30779,153,182,126,148,29,22
30780,183,223,177,207,40,30
30781,187,215,222,244,28,22
30782,167,195,264,285,28,21
30783,106,127,128,143,21,15
30784,93,109,178,190,16,12
30785,142,164,202,219,22,17
30786,146,165,304,318,19,14
30787,107,137,304,327,30,23
30788,56,86,309,332,30,23
30789,127,151,264,282,24,18
30790,22,54,235,259,32,24
30791,185,219,93,119,34,26
30792,80,105,166,185,25,19
30793,69,100,221,245,31,24
30794,116,145,208,230,29,22
30795,132,166,240,266,34,26
30796,67,95,268,289,28,21
30797,32,63,298,321,31,23
30798,25,54,116,138,29,22
30799,54,79,67,85,25,18
30800,100,124,25,43,24,18
30801,142,181,37,67,39,30
30802,100,145,81,115,45,34
30803,129,161,136,160,32,24
30804,176,216,161,191,40,30
30805,147,171,201,219,24,18
30806,34,58,174,191,24,17
30807,32,54,246,263,22,17
30808,33,71,9,37,38,28
30809,63,88,88,107,25,19
30810,70,105,147,173,35,26
30811,110,147,204,232,37,28
30812,122,154,257,281,32,24
30813,73,102,299,321,29,22
30814,40,76,263,291,36,28
30815,27,56,211,233,29,22
30816,23,45,164,181,22,17
30817,135,173,99,128,38,29
30818,103,144,29,60,41,31
30819,168,195,40,60,27,20
30820,188,228,153,184,40,31
30821,170,216,209,243,46,34
30822,117,151,162,188,34,26
30823,32,73,16,47,41,31
30824,121,151,317,340,30,23
30825,34,76,316,347,42,31
30826,61,92,190,213,31,23
30827,97,134,256,284,37,28
30828,125,158,221,245,33,24
30829,115,144,162,184,29,22
30830,69,105,144,170,36,26
30831,95,126,97,121,31,24
30832,137,164,87,107,27,20
30833,120,155,45,72,35,27
30834,46,88,47,79,42,32
30835,44,64,120,135,20,15
30836,33,71,231,260,38,29
30837,107,136,299,321,29,22
30838,152,186,302,327,34,25
30839,178,216,224,252,38,28
30840,159,198,133,162,39,29
30841,186,208,82,98,22,16
30842,185,218,46,71,33,25
30843,157,195,10,38,38,28
30844,118,158,46,75,40,29
30845,57,80,84,101,23,17
30846,79,117,109,138,38,29
30847,124,157,154,179,33,25
30848,149,186,193,221,37,28
30849,146,193,266,301,47,35
30850,100,134,219,244,34,25
30851,54,85,259,283,31,24
30852,62,98,303,330,36,27
30853,102,134,271,295,32,24
30854,168,208,87,117,40,30
30855,205,238,170,195,33,25
30856,60,89,171,193,29,22
30857,29,56,141,161,27,20
30858,169,204,287,313,35,26
30859,87,138,179,217,51,38
30860,49,75,127,147,26,20
30861,73,98,91,111,25,20
30862,119,148,61,83,29,22
30863,32,73,228,258,41,30
30864,42,90,302,338,48,36
30865,156,195,178,207,39,29
30866,169,208,121,150,39,29
30867,31,66,19,45,35,26
30868,160,198,21,49,38,28
30869,151,186,294,320,35,26
30870,133,162,158,180,29,22
30871,146,165,212,226,19,14
30872,98,132,216,241,34,25
30873,65,98,182,206,33,24
30874,63,91,137,157,28,20
30875,99,128,96,118,29,22
30876,81,112,65,88,31,23
30877,36,64,22,44,28,22
30878,83,113,21,44,30,23
30879,125,162,20,48,37,28
30880,156,186,75,97,30,22
30881,183,224,92,123,41,31
30882,200,224,161,179,24,18
30883,56,95,244,274,39,30
30884,76,107,279,302,31,23
30885,60,81,322,337,21,15
30886,128,160,323,347,32,24
30887,36,59,213,230,23,17
30888,28,53,109,128,25,19
30889,34,63,70,92,29,22
30890,88,116,240,260,28,20
30891,48,73,287,305,25,18
30892,91,120,272,294,29,22
30893,129,166,247,275,37,28
30894,113,139,191,210,26,19
30895,51,81,172,194,30,22
30896,42,75,116,140,33,24
30897,119,149,117,139,30,22
30898,166,195,140,162,29,22
30899,150,193,304,336,43,32
30900,186,218,59,83,32,24
30901,51,86,18,44,35,26
30902,53,76,65,82,23,17
30903,29,52,221,238,23,17
30904,87,110,202,220,23,18
30905,116,142,174,194,26,20
30906,132,161,119,141,29,22
30907,84,105,97,113,21,16
30908,33,65,132,156,32,24
30909,15,51,67,94,36,27
30910,56,98,20,51,42,31
30911,114,154,28,58,40,30
30912,154,186,70,94,32,24
30913,185,206,124,139,21,15
30914,174,203,193,215,29,22
30915,118,176,270,313,58,43
30916,44,74,278,300,30,22
30917,3,50,198,234,47,36
30918,58,115,186,229,57,43
30919,120,162,147,179,42,32
30920,54,85,106,129,31,23
30921,27,54,35,55,27,20
30922,82,117,44,70,35,26
30923,134,162,71,91,28,20
30924,156,198,108,139,42,31
30925,176,218,244,276,42,32
30926,110,139,287,309,29,22
30927,50,87,282,309,37,27
30928,159,194,30,57,35,27
30929,188,215,75,96,27,21
30930,16,44,81,102,28,21
30931,20,39,177,191,19,14
30932,92,129,182,209,37,27
30933,117,136,252,265,19,13
30934,72,93,273,289,21,16
30935,31,57,226,246,26,20
30936,45,71,166,185,26,19
30937,65,87,99,116,22,17
30938,100,120,77,92,20,15
30939,134,154,95,110,20,15
30940,141,166,52,71,25,19
30941,154,183,133,154,29,21
30942,171,205,161,187,34,26
30943,159,184,222,241,25,19
30944,88,121,302,327,33,25
30945,151,181,302,324,30,22
30946,176,204,37,57,28,20
30947,51,90,22,51,39,29
30948,51,75,116,134,24,18
30949,58,91,158,182,33,24
30950,55,76,197,213,21,16
30951,46,77,227,249,31,22
30952,51,84,270,294,33,24
30953,94,126,288,312,32,24
30954,142,169,312,332,27,20
30955,188,212,191,210,24,19
30956,144,190,75,110,46,35
30957,165,199,119,145,34,26
30958,121,151,39,62,30,23
30959,168,195,28,48,27,20
30960,47,70,29,46,23,17
30961,38,64,70,90,26,20
30962,204,230,301,321,26,20
30963,48,78,320,343,30,23
30964,69,98,176,198,29,22
30965,91,117,272,292,26,20
30966,124,149,245,264,25,19
30967,126,156,194,216,30,22
30968,142,174,138,162,32,24
30969,101,126,119,137,25,18
30970,41,68,126,146,27,20
30971,37,71,40,65,34,25
30972,87,109,42,58,22,16
30973,127,156,44,66,29,22
30974,159,199,67,97,40,30
30975,186,213,27,48,27,21
30976,190,230,189,219,40,30
30977,181,208,276,296,27,20
30978,57,87,319,341,30,22
30979,30,61,270,293,31,23
30980,100,132,207,231,32,24
30981,142,161,63,78,19,15
30982,104,121,88,100,17,12
30983,66,93,121,141,27,20
30984,52,78,76,95,26,19
30985,54,82,200,222,28,22
30986,59,90,284,307,31,23
30987,95,123,296,317,28,21
30988,136,160,305,323,24,18
30989,178,205,302,323,27,21
30990,183,203,237,253,20,16
30991,201,225,186,204,24,18
30992,159,188,146,168,29,22
30993,200,217,84,97,17,13
30994,36,72,157,183,36,26
30995,25,58,261,286,33,25
30996,49,84,20,46,35,26
30997,172,197,16,34,25,18
30998,95,132,78,107,37,29
30999,99,143,119,152,44,33
31000,86,109,178,195,23,17
31001,110,136,198,217,26,19
31002,134,155,230,246,21,16
31003,123,142,252,266,19,14
31004,88,113,256,275,25,19
31005,81,103,312,329,22,17
31006,127,150,301,318,23,17
31007,158,200,262,294,42,32
31008,183,214,198,221,31,23
31009,178,206,143,164,28,21
31010,40,81,188,219,41,31
31011,41,64,153,170,23,17
31012,30,65,62,88,35,26
31013,96,122,28,47,26,19
31014,138,164,33,53,26,20
31015,164,195,59,82,31,23
31016,182,217,91,117,35,26
31017,47,83,126,153,36,27
31018,86,117,179,202,31,23
31019,93,115,227,243,22,16
31020,134,159,187,205,25,18
31021,140,167,134,154,27,20
31022,134,164,82,104,30,22
31023,45,93,10,46,48,36
31024,105,142,39,67,37,28
31025,37,80,62,94,43,32
31026,34,66,250,273,32,23
31027,151,171,282,297,20,15
31028,165,190,246,265,25,19
31029,185,202,194,207,17,13
31030,179,212,94,119,33,25
31031,174,205,67,91,31,24
31032,77,102,158,176,25,18
31033,66,98,220,244,32,24
31034,62,101,262,291,39,29
31035,105,132,301,321,27,20
31036,52,80,307,328,28,21
31037,27,55,225,245,28,20
31038,33,48,146,157,15,11
31039,46,88,114,146,42,32
31040,67,102,51,77,35,26
31041,106,132,101,121,26,20
31042,125,155,20,43,30,23
31043,193,227,222,248,34,26
31044,154,191,305,333,37,28
31045,29,68,284,313,39,29
31046,63,97,235,260,34,25
31047,80,105,203,221,25,18
31048,105,137,145,168,32,23
31049,149,176,176,197,27,21
31050,159,193,118,143,34,25
31051,133,174,70,101,41,31
31052,134,170,5,31,36,26
31053,73,107,46,71,34,25
31054,54,86,89,113,32,24
31055,43,73,159,181,30,22
31056,29,61,193,217,32,24
31057,154,196,236,268,42,32
31058,161,201,288,317,40,29
31059,194,219,174,193,25,19
31060,203,225,76,93,22,17
31061,200,221,27,42,21,15
31062,38,68,22,45,30,23
31063,147,171,328,346,24,18
31064,95,117,312,328,22,16
31065,103,124,273,288,21,15
31066,107,125,238,251,18,13
31067,101,125,196,214,24,18
31068,61,88,164,184,27,20
31069,54,87,100,125,33,25
31070,66,98,59,82,32,23
31071,102,124,32,48,22,16
31072,138,168,46,68,30,22
31073,124,154,75,98,30,23
31074,185,222,70,98,37,28
31075,197,222,147,166,25,19
31076,155,188,150,175,33,25
31077,168,204,186,213,36,27
31078,186,227,220,251,41,31
31079,158,192,256,282,34,26
31080,59,82,244,261,23,17
31081,32,65,287,312,33,25
31082,30,55,41,60,25,19
31083,100,122,229,245,22,16
31084,136,168,213,237,32,24
31085,83,121,292,321,38,29
31086,52,77,256,274,25,18
31087,56,88,199,223,32,24
31088,61,84,150,167,23,17
31089,61,85,82,99,24,17
31090,95,129,66,91,34,25
31091,107,148,22,53,41,31
31092,159,190,60,84,31,24
31093,140,191,112,151,51,39
31094,119,154,164,190,35,26
31095,212,237,227,246,25,19
31096,144,176,247,271,32,24
31097,179,220,291,321,41,30
31098,76,95,147,161,19,14
31099,95,115,185,200,20,15
31100,58,79,209,225,21,16
31101,53,71,269,283,18,14
31102,62,83,299,315,21,16
31103,84,107,326,343,23,17
31104,139,177,281,309,38,28
31105,176,203,253,274,27,21
31106,170,198,207,229,28,22
31107,142,179,156,184,37,28
31108,169,193,96,113,24,17
31109,159,195,67,95,36,28
31110,179,210,6,29,31,23
31111,11,39,85,106,28,21
31112,32,51,139,153,19,14
31113,73,100,4,24,27,20
31114,27,49,29,46,22,17
31115,116,135,39,54,19,15
31116,126,144,106,120,18,14
31117,195,224,157,178,29,21
31118,181,212,315,338,31,23
31119,27,46,317,331,19,14
31120,120,146,208,227,26,19
31121,141,173,249,273,32,24
31122,86,113,274,294,27,20
31123,87,108,303,319,21,16
31124,38,73,257,283,35,26
31125,49,73,222,240,24,18
31126,54,83,188,210,29,22
31127,58,82,152,169,24,17
31128,64,94,108,130,30,22
31129,76,109,62,87,33,25
31130,106,137,43,66,31,23
31131,146,168,35,51,22,16
31132,163,186,79,96,23,17
31133,118,144,137,156,26,19
31134,168,203,143,169,35,26
31135,173,208,190,215,35,25
31136,181,218,282,310,37,28
31137,118,153,295,321,35,26
31138,85,124,204,234,39,30
31139,93,114,175,191,21,16
31140,72,105,115,139,33,24
31141,102,135,70,95,33,25
31142,135,165,50,72,30,22
31143,178,206,53,74,28,21
31144,173,204,153,176,31,23
31145,169,201,211,235,32,24
31146,154,186,304,328,32,24
31147,23,54,316,339,31,23
31148,29,56,294,314,27,20
31149,34,57,256,273,23,17
31150,26,52,219,239,26,20
31151,28,56,163,184,28,21
31152,28,50,101,118,22,17
31153,39,66,36,56,27,20
31154,65,81,76,88,16,12
31155,135,155,111,125,20,14
31156,184,223,108,138,39,30
31157,54,93,149,178,39,29
31158,63,82,229,243,19,14
31159,63,88,266,284,25,18
31160,63,88,297,316,25,19
31161,127,153,126,146,26,20
31162,90,129,82,111,39,29
31163,70,106,32,59,36,27
31164,132,162,39,61,30,22
31165,167,201,68,94,34,26
31166,174,198,135,152,24,17
31167,34,61,107,127,27,20
31168,181,215,226,251,34,25
31169,176,208,299,323,32,24
31170,138,164,305,324,26,19
31171,130,146,130,142,16,12
31172,145,176,163,187,31,24
31173,156,180,214,231,24,17
31174,120,161,232,263,41,31
31175,171,193,275,291,22,16
31176,93,118,315,333,25,18
31177,76,101,280,298,25,18
31178,71,105,233,258,34,25
31179,55,93,150,179,38,29
31180,57,98,77,107,41,30
31181,105,134,32,54,29,22
31182,161,185,33,50,24,17
31183,212,232,23,38,20,15
31184,197,220,76,93,23,17
31185,194,219,117,135,25,18
31186,193,217,162,180,24,18
31187,195,224,232,254,29,22
31188,51,97,183,218,46,35
31189,32,70,249,278,38,29
31190,36,72,21,48,36,27
31191,71,90,235,249,19,14
31192,62,95,159,184,33,25
31193,115,143,171,192,28,21
31194,125,161,212,238,36,26
31195,155,186,109,133,31,24
31196,85,120,67,93,35,26
31197,58,92,103,129,34,26
31198,41,71,50,73,30,23
31199,93,117,33,51,24,18
31200,143,178,31,58,35,27
31201,185,210,53,72,25,19
31202,14,42,209,230,28,21
31203,36,78,261,292,42,31
31204,117,150,270,295,33,25
31205,185,222,287,315,37,28
31206,191,217,212,231,26,19
31207,94,120,196,215,26,19
31208,130,173,192,224,43,32
31209,91,126,253,279,35,26
31210,47,71,230,247,24,17
31211,11,52,122,153,41,31
31212,55,83,104,125,28,21
31213,95,139,69,102,44,33
31214,127,156,138,160,29,22
31215,168,204,78,104,36,26
31216,186,210,146,164,24,18
31217,193,217,245,262,24,17
31218,151,183,309,333,32,24
31219,29,65,47,74,36,27
31220,96,134,19,47,38,28
31221,165,205,21,51,40,30
31222,131,159,184,205,28,21
31223,135,159,216,234,24,18
31224,60,96,163,190,36,27
31225,78,107,194,216,29,22
31226,86,117,250,273,31,23
31227,49,74,256,275,25,19
31228,151,189,43,71,38,28
31229,151,190,107,136,39,29
31230,74,100,40,59,26,19
31231,102,125,56,73,23,17
31232,78,102,117,135,24,18
31233,60,87,77,97,27,20
31234,34,58,122,140,24,18
31235,69,106,1,29,37,28
31236,139,176,8,36,37,28
31237,209,230,52,68,21,16
31238,195,220,233,252,25,19
31239,179,212,302,327,33,25
31240,49,76,294,314,27,20
31241,27,59,241,266,32,25
31242,68,95,188,209,27,21
31243,88,116,147,168,28,21
31244,82,110,99,120,28,21
31245,74,104,63,85,30,22
31246,133,168,22,48,35,26
31247,171,208,59,87,37,28
31248,126,146,80,95,20,15
31249,161,200,145,174,39,29
31250,210,229,174,187,19,13
31251,188,214,221,241,26,20
31252,186,212,269,289,26,20
31253,101,141,207,237,40,30
31254,132,159,253,274,27,21
31255,32,63,94,117,31,23
31256,35,78,13,45,43,32
31257,104,128,81,99,24,18
31258,122,147,122,141,25,19
31259,122,142,157,172,20,15
31260,146,164,205,219,18,14
31261,85,110,212,231,25,19
31262,56,88,262,286,32,24
31263,39,73,194,220,34,26
31264,36,69,109,133,33,24
31265,43,80,51,79,37,28
31266,147,168,49,65,21,16
31267,168,191,80,98,23,18
31268,189,214,112,131,25,19
31269,186,226,163,193,40,30
31270,188,231,210,242,43,32
31271,153,180,248,268,27,20
31272,117,152,296,322,35,26
31273,48,76,299,320,28,21
31274,171,210,6,34,39,28
31275,131,173,221,253,42,32
31276,121,160,297,326,39,29
31277,69,98,266,288,29,22
31278,60,90,217,240,30,23
31279,71,100,155,176,29,21
31280,85,124,112,141,39,29
31281,120,148,69,89,28,20
31282,149,176,118,138,27,20
31283,149,177,163,184,28,21
31284,195,223,146,168,28,22
31285,190,230,226,255,40,29
31286,186,222,286,312,36,26
31287,29,69,66,95,40,29
31288,76,113,25,53,37,28
31289,156,190,28,53,34,25
31290,112,134,269,286,22,17
31291,144,172,229,251,28,22
31292,73,108,247,274,35,27
31293,63,93,208,231,30,23
31294,56,81,154,173,25,19
31295,65,94,75,97,29,22
31296,83,118,105,132,35,27
31297,134,159,58,77,25,19
31298,88,134,25,60,46,35
31299,161,192,27,50,31,23
31300,179,215,95,122,36,27
31301,146,169,104,121,23,17
31302,193,220,165,186,27,21
31303,186,211,296,315,25,19
31304,51,83,306,330,32,24
31305,29,61,91,114,32,23
31306,61,101,170,201,40,31
31307,103,129,125,144,26,19
31308,132,166,180,205,34,25
31309,118,143,236,254,25,18
31310,39,77,268,296,38,28
31311,110,149,283,312,39,29
31312,162,200,263,291,38,28
31313,181,209,166,187,28,21
31314,98,133,68,94,35,26
31315,161,196,67,93,35,26
31316,44,81,103,131,37,28
31317,40,50,159,166,10,7
31318,41,76,201,228,35,27
31319,81,107,250,269,26,19
31320,122,146,241,259,24,18
31321,139,165,281,300,26,19
31322,93,118,293,312,25,19
31323,71,94,266,283,23,17
31324,56,91,203,229,35,26
31325,68,98,162,184,30,22
31326,94,117,121,138,23,17
31327,80,114,84,109,34,25
31328,127,151,69,88,24,19
31329,150,178,122,143,28,21
31330,182,213,152,176,31,24
31331,173,200,197,218,27,21
31332,188,210,278,295,22,17
31333,156,198,39,71,42,32
31334,68,98,24,47,30,23
31335,58,97,168,197,39,29
31336,101,127,230,249,26,19
31337,105,132,283,303,27,20
31338,147,176,307,328,29,21
31339,168,201,253,277,33,24
31340,166,194,202,223,28,21
31341,167,203,165,192,36,27
31342,176,212,128,155,36,27
31343,106,140,85,111,34,26
31344,163,188,75,94,25,19
31345,71,97,40,59,26,19
31346,108,146,28,56,38,28
31347,32,61,100,122,29,22
31348,48,83,122,148,35,26
31349,173,210,42,70,37,28
31350,56,75,305,319,19,14
31351,48,68,278,293,20,15
31352,46,64,240,253,18,13
31353,117,140,188,206,23,18
31354,122,142,162,177,20,15
31355,115,144,129,151,29,22
31356,133,148,256,267,15,11
31357,100,126,289,309,26,20
31358,71,100,267,289,29,22
31359,64,88,211,229,24,18
31360,79,102,175,192,23,17
31361,95,119,136,154,24,18
31362,58,93,112,137,35,25
31363,83,112,79,102,29,23
31364,57,85,58,79,28,21
31365,112,134,39,55,22,16
31366,151,181,51,73,30,22
31367,157,190,89,114,33,25
31368,163,198,143,169,35,26
31369,175,207,187,211,32,24
31370,142,171,208,230,29,22
31371,179,213,253,278,34,25
31372,167,197,302,324,30,22
31373,44,73,309,330,29,21
31374,29,54,172,190,25,18
31375,41,68,15,35,27,20
31376,199,217,284,298,18,14
31377,116,138,285,302,22,17
31378,139,166,308,328,27,20
31379,92,118,310,330,26,20
31380,71,94,264,281,23,17
31381,81,101,230,245,20,15
31382,63,90,197,218,27,21
31383,54,90,137,164,36,27
31384,66,92,101,121,26,20
31385,73,98,71,90,25,19
31386,102,124,42,59,22,17
31387,135,166,31,55,31,24
31388,122,141,79,93,19,14
31389,124,145,128,143,21,15
31390,166,200,116,142,34,26
31391,105,135,189,212,30,23
31392,35,56,299,315,21,16
31393,193,218,233,252,25,19
31394,193,225,47,71,32,24
31395,118,147,131,153,29,22
31396,121,150,197,218,29,21
31397,142,177,250,277,35,27
31398,75,104,260,282,29,22
31399,70,120,307,345,50,38
31400,48,80,213,237,32,24
31401,57,88,151,174,31,23
31402,56,76,92,106,20,14
31403,80,112,59,83,32,24
31404,124,156,40,64,32,24
31405,170,191,32,48,21,16
31406,159,205,125,159,46,34
31407,190,217,172,193,27,21
31408,194,217,239,257,23,18
31409,186,205,312,327,19,15
31410,147,166,309,323,19,14
31411,98,129,169,192,31,23
31412,120,143,237,255,23,18
31413,88,117,285,306,29,21
31414,53,91,240,269,38,29
31415,58,86,205,226,28,21
31416,52,83,154,177,31,23
31417,65,94,113,135,29,22
31418,100,129,92,114,29,22
31419,141,161,88,103,20,15
31420,159,186,150,171,27,21
31421,190,222,94,117,32,23
31422,134,172,44,73,38,29
31423,77,111,31,57,34,26
31424,176,203,211,231,27,20
31425,159,194,294,320,35,26
31426,57,91,308,334,34,26
31427,29,56,77,98,27,21
31428,71,105,217,242,34,25
31429,111,161,246,284,50,38
31430,95,124,304,325,29,21
31431,44,65,319,335,21,16
31432,82,118,164,191,36,27
31433,104,150,106,140,46,34
31434,135,181,41,75,46,34
31435,69,102,62,86,33,24
31436,156,180,156,174,24,18
31437,159,199,193,223,40,30
31438,186,218,276,300,32,24
31439,157,190,308,333,33,25
31440,32,71,162,191,39,29
31441,49,75,131,150,26,19
31442,104,136,124,148,32,24
31443,108,153,168,201,45,33
31444,134,173,217,246,39,29
31445,141,173,283,308,32,25
31446,88,120,273,297,32,24
31447,38,68,258,280,30,22
31448,59,80,225,241,21,16
31449,49,78,177,198,29,21
31450,43,83,138,168,40,30
31451,72,97,102,120,25,18
31452,74,101,56,76,27,20
31453,110,150,18,48,40,30
31454,160,179,46,60,19,14
31455,176,212,79,106,36,27
31456,183,217,139,164,34,25
31457,198,222,207,225,24,18
31458,122,149,127,147,27,20
31459,83,103,168,184,20,16
31460,95,111,116,128,16,12
31461,83,105,72,88,22,16
31462,70,98,33,54,28,21
31463,112,137,21,40,25,19
31464,117,142,265,283,25,18
31465,156,184,263,284,28,21
31466,110,141,292,315,31,23
31467,59,85,316,335,26,19
31468,46,71,256,275,25,19
31469,41,76,206,232,35,26
31470,89,112,234,251,23,17
31471,37,59,136,153,22,17
31472,29,63,84,110,34,26
31473,169,204,89,115,35,26
31474,180,217,123,151,37,28
31475,194,223,178,200,29,22
31476,185,220,203,229,35,26
31477,206,230,274,291,24,17
31478,177,205,305,326,28,21
31479,186,217,20,44,31,24
31480,56,79,230,247,23,17
31481,38,55,328,341,17,13
31482,41,63,272,288,22,16
31483,86,115,268,290,29,22
31484,116,146,250,273,30,23
31485,134,156,216,233,22,17
31486,112,148,142,168,36,26
31487,151,188,68,96,37,28
31488,80,103,74,92,23,18
31489,42,73,122,145,31,23
31490,41,75,44,69,34,25
31491,100,128,38,59,28,21
31492,176,203,163,183,27,20
31493,175,206,267,291,31,24
31494,154,171,319,332,17,13
31495,53,83,200,222,30,22
31496,103,129,220,239,26,19
31497,133,168,219,245,35,26
31498,146,166,271,287,20,16
31499,123,171,143,179,48,36
31500,73,101,162,183,28,21
31501,36,58,171,187,22,16
31502,32,63,99,123,31,24
31503,81,118,96,123,37,27
31504,41,77,26,53,36,27
31505,51,78,275,296,27,21
31506,54,100,307,342,46,35
31507,116,159,303,336,43,33
31508,190,229,288,317,39,29
31509,182,207,234,252,25,18
31510,39,67,137,157,28,20
31511,56,92,174,201,36,27
31512,107,139,146,170,32,24
31513,107,139,87,111,32,24
31514,69,118,27,63,49,36
31515,131,160,35,57,29,22
31516,173,199,67,86,26,19
31517,175,212,125,153,37,28
31518,175,221,186,220,46,34
31519,36,76,234,263,40,29
31520,27,68,281,312,41,31
31521,86,116,298,320,30,22
31522,141,174,306,331,33,25
31523,137,188,234,272,51,38
31524,100,132,287,311,32,24
31525,52,80,311,331,28,20
31526,56,88,239,264,32,25
31527,57,90,167,192,33,25
31528,85,120,200,226,35,26
31529,74,100,39,58,26,19
31530,120,147,40,61,27,21
31531,147,173,83,102,26,19
31532,41,70,113,135,29,22
31533,40,75,72,98,35,26
31534,83,107,119,137,24,18
31535,170,210,167,197,40,30
31536,128,150,192,209,22,17
31537,144,181,215,243,37,28
31538,168,195,16,37,27,21
31539,58,83,92,111,25,19
31540,107,137,85,107,30,22
31541,98,122,144,162,24,18
31542,80,112,186,210,32,24
31543,88,122,236,261,34,25
31544,110,141,275,298,31,23
31545,107,139,314,338,32,24
31546,190,224,220,245,34,25
31547,180,205,145,165,25,20
31548,171,215,97,131,44,34
31549,38,71,154,179,33,25
31550,45,78,29,54,33,25
31551,120,156,204,232,36,28
31552,135,158,147,164,23,17
31553,146,188,99,130,42,31
31554,117,142,82,100,25,18
31555,75,107,132,156,32,24
31556,57,91,185,210,34,25
31557,76,107,245,269,31,24
31558,83,115,303,328,32,25
31559,138,163,302,320,25,18
31560,172,208,286,312,36,26
31561,152,173,334,350,21,16
31562,180,212,244,268,32,24
31563,186,214,182,203,28,21
31564,155,189,44,69,34,25
31565,85,125,25,56,40,31
31566,44,81,43,71,37,28
31567,36,63,118,138,27,20
31568,27,61,263,288,34,25
31569,196,222,19,39,26,20
31570,69,98,89,110,29,21
31571,56,81,133,152,25,19
31572,60,99,172,201,39,29
31573,99,124,209,228,25,19
31574,76,110,253,278,34,25
31575,113,134,292,307,21,15
31576,50,82,302,326,32,24
31577,32,62,258,281,30,23
31578,167,196,107,129,29,22
31579,178,205,64,84,27,20
31580,190,224,187,212,34,25
31581,137,193,172,214,56,42
31582,36,76,189,219,40,30
31583,34,68,250,276,34,26
31584,39,79,319,349,40,30
31585,50,85,107,133,35,26
31586,90,118,150,171,28,21
31587,122,166,84,117,44,33
31588,176,208,64,88,32,24
31589,68,113,38,72,45,34
31590,128,164,23,50,36,27
31591,143,183,270,301,40,31
31592,158,190,313,337,32,24
31593,124,169,21,55,45,34
31594,48,86,35,64,38,29
31595,78,110,72,96,32,24
31596,69,90,135,151,21,16
31597,67,111,172,205,44,33
31598,73,112,223,253,39,30
31599,80,115,265,291,35,26
31600,56,87,311,334,31,23
31601,107,144,308,337,37,29
31602,146,176,287,309,30,22
31603,153,183,249,271,30,22
31604,148,187,207,236,39,29
31605,144,195,156,195,51,39
31606,167,201,116,141,34,25
31607,129,144,115,127,15,12
31608,18,49,194,217,31,23
31609,37,65,281,302,28,21
31610,32,59,240,261,27,21
31611,198,227,301,323,29,22
31612,180,210,47,69,30,22
31613,46,81,122,149,35,27
31614,79,113,213,239,34,26
31615,85,115,266,288,30,22
31616,125,167,299,330,42,31
31617,167,194,255,275,27,20
31618,172,210,193,222,38,29
31619,182,216,91,117,34,26
31620,189,217,56,78,28,22
31621,85,123,31,59,38,28
31622,106,154,65,101,48,36
31623,119,159,152,182,40,30
31624,49,85,171,198,36,27
31625,44,71,285,306,27,21
31626,34,67,245,270,33,25
31627,29,68,62,92,39,30
31628,80,128,158,193,48,35
31629,144,191,125,160,47,35
31630,164,196,203,227,32,24
31631,107,142,241,267,35,26
31632,52,89,270,298,37,28
31633,30,63,221,246,33,25
31634,15,53,134,162,38,28
31635,20,45,79,98,25,19
31636,55,81,76,96,26,20
31637,89,120,58,81,31,23
31638,127,169,47,78,42,31
31639,176,206,67,90,30,23
31640,47,83,226,253,36,27
31641,98,133,269,295,35,26
31642,124,156,298,322,32,24
31643,132,154,225,242,22,17
31644,161,185,192,210,24,18
31645,173,198,150,169,25,19
31646,181,217,53,80,36,27
31647,46,80,78,104,34,26
31648,34,70,136,163,36,27
31649,36,61,193,212,25,19
31650,123,156,18,42,33,24
31651,178,217,239,269,39,30
31652,35,76,8,39,41,31
31653,71,98,85,105,27,20
31654,33,70,157,185,37,28
31655,39,73,202,227,34,25
31656,43,76,236,261,33,25
31657,99,128,309,330,29,21
31658,146,180,311,336,34,25
31659,159,198,273,302,39,29
31660,166,219,201,241,53,40
31661,164,207,141,173,43,32
31662,175,215,52,82,40,30
31663,33,59,44,63,26,19
31664,78,108,44,66,30,22
31665,34,59,320,339,25,19
31666,86,113,311,331,27,20
31667,38,70,299,323,32,24
31668,43,65,266,282,22,16
31669,42,66,227,245,24,18
31670,45,82,180,208,37,28
31671,86,119,151,176,33,25
31672,102,142,90,119,40,29
31673,154,203,134,171,49,37
31674,134,166,217,241,32,24
31675,155,205,265,303,50,38
31676,148,183,49,75,35,26
31677,42,81,20,49,39,29
31678,49,85,82,109,36,27
31679,112,134,248,264,22,16
31680,126,161,15,41,35,26
31681,57,84,166,186,27,20
31682,88,117,194,216,29,22
31683,129,164,182,208,35,26
31684,167,204,115,143,37,28
31685,69,100,49,72,31,23
31686,122,159,30,58,37,28
31687,191,228,196,224,37,28
31688,189,219,248,270,30,22
31689,49,79,267,290,30,23
31690,63,91,303,324,28,21
31691,26,63,210,238,37,28
31692,27,55,118,139,28,21
31693,38,67,81,103,29,22
31694,26,57,20,44,31,24
31695,75,102,144,165,27,21
31696,105,144,210,240,39,30
31697,145,184,265,294,39,29
31698,36,76,200,229,40,29
31699,156,190,117,143,34,26
31700,137,177,74,105,40,31
31701,186,222,49,76,36,27
31702,74,119,40,74,45,34
31703,50,82,89,113,32,24
31704,26,44,329,342,18,13
31705,26,44,289,302,18,13
31706,74,105,240,263,31,23
31707,168,200,207,231,32,24
31708,144,167,330,347,23,17
31709,178,205,310,331,27,21
31710,10,31,54,70,21,16
31711,34,56,83,99,22,16
31712,40,68,119,141,28,22
31713,56,86,164,186,30,22
31714,79,120,199,230,41,31
31715,93,112,251,266,19,15
31716,34,60,233,253,26,20
31717,39,65,317,337,26,20
31718,90,123,304,329,33,25
31719,150,184,266,291,34,25
31720,166,195,215,237,29,22
31721,156,181,166,185,25,19
31722,161,202,115,146,41,31
31723,137,166,64,87,29,23
31724,90,118,36,57,28,21
31725,100,127,97,117,27,20
31726,115,143,139,160,28,21
31727,182,208,49,69,26,20
31728,122,150,85,106,28,21
31729,84,112,83,104,28,21
31730,95,117,122,138,22,16
31731,58,97,168,197,39,29
31732,97,124,218,238,27,20
31733,86,106,257,272,20,15
31734,100,123,315,332,23,17
31735,141,168,296,316,27,20
31736,154,179,267,286,25,19
31737,166,192,232,251,26,19
31738,155,187,164,188,32,24
31739,199,225,168,187,26,19
31740,184,217,120,145,33,25
31741,183,217,80,105,34,25
31742,41,71,27,49,30,22
31743,41,74,62,86,33,24
31744,34,66,108,132,32,24
31745,71,95,134,152,24,18
31746,39,69,227,249,30,22
31747,54,75,280,296,21,16
31748,45,74,322,344,29,22
31749,195,220,313,331,25,18
31750,79,106,102,122,27,20
31751,107,139,132,155,32,23
31752,83,115,169,193,32,24
31753,80,115,217,243,35,26
31754,135,171,211,238,36,27
31755,152,185,160,185,33,25
31756,162,198,107,134,36,27
31757,115,153,58,87,38,29
31758,64,103,13,43,39,30
31759,35,68,69,93,33,24
31760,26,56,145,168,30,23
31761,22,51,229,251,29,22
31762,45,76,290,313,31,23
31763,85,126,292,323,41,31
31764,145,176,284,307,31,23
31765,178,207,276,298,29,22
31766,193,227,220,245,34,25
31767,98,130,33,57,32,24
31768,111,137,92,112,26,20
31769,52,71,102,117,19,15
31770,46,74,162,183,28,21
31771,41,69,224,245,28,21
31772,68,85,287,300,17,13
31773,135,161,249,269,26,20
31774,176,205,286,308,29,22
31775,197,224,256,276,27,20
31776,197,220,211,228,23,17
31777,161,194,150,175,33,25
31778,180,208,103,124,28,21
31779,164,188,60,78,24,18
31780,115,142,325,345,27,20
31781,36,62,307,327,26,20
31782,159,192,22,47,33,25
31783,56,75,58,73,19,15
31784,80,100,104,119,20,15
31785,32,55,129,146,23,17
31786,34,56,31,48,22,17
31787,57,82,206,225,25,19
31788,42,68,269,288,26,19
31789,110,139,253,274,29,21
31790,134,166,178,203,32,25
31791,81,111,113,136,30,23
31792,71,103,55,79,32,24
31793,115,151,31,58,36,27
31794,168,205,65,92,37,27
31795,166,190,121,139,24,18
31796,181,216,252,279,35,27
31797,70,100,311,334,30,23
31798,32,54,92,108,22,16
31799,37,69,128,152,32,24
31800,90,117,117,136,27,19
31801,107,126,171,185,19,14
31802,129,150,234,250,21,16
31803,41,71,191,214,30,23
31804,49,78,153,175,29,22
31805,52,77,90,108,25,18
31806,83,115,59,83,32,24
31807,124,161,50,78,37,28
31808,158,181,84,101,23,17
31809,191,220,55,76,29,21
31810,180,208,124,146,28,22
31811,167,196,181,203,29,22
31812,166,195,252,274,29,22
31813,149,176,312,332,27,20
31814,37,65,241,262,28,21
31815,41,68,55,75,27,20
31816,115,141,12,32,26,20
31817,186,215,217,239,29,22
31818,59,86,224,245,27,21
31819,34,67,270,295,33,25
31820,59,83,170,188,24,18
31821,97,125,141,163,28,22
31822,106,146,78,108,40,30
31823,50,73,124,142,23,18
31824,31,55,195,213,24,18
31825,122,153,199,222,31,23
31826,141,170,234,256,29,22
31827,169,206,192,220,37,28
31828,182,209,150,171,27,21
31829,158,183,308,327,25,19
31830,33,55,82,99,22,17
31831,163,200,31,59,37,28
31832,195,222,101,121,27,20
31833,133,158,246,265,25,19
31834,124,154,145,168,30,23
31835,112,149,78,106,37,28
31836,159,197,46,75,38,29
31837,58,89,51,74,31,23
31838,100,139,28,57,39,29
31839,33,73,178,208,40,30
31840,60,91,243,266,31,23
31841,74,100,293,312,26,19
31842,111,138,312,332,27,20
31843,162,193,215,238,31,23
31844,191,216,264,283,25,19
31845,197,225,116,137,28,21
31846,48,85,117,145,37,28
31847,172,204,74,98,32,24
31848,115,149,69,95,34,26
31849,86,114,132,153,28,21
31850,74,112,200,228,38,28
31851,63,94,265,288,31,23
31852,25,56,236,260,31,24
31853,38,65,158,178,27,20
31854,46,80,99,125,34,26
31855,68,100,56,80,32,24
31856,117,151,27,52,34,25
31857,171,204,31,56,33,25
31858,135,163,156,177,28,21
31859,41,80,19,48,39,29
31860,129,156,222,242,27,20
31861,129,162,183,208,33,25
31862,71,103,132,157,32,25
31863,75,105,194,217,30,23
31864,34,70,236,263,36,27
31865,70,111,259,290,41,31
31866,45,88,294,326,43,32
31867,132,165,129,154,33,25
31868,148,195,76,112,47,36
31869,72,111,71,101,39,30
31870,38,61,107,124,23,17
31871,39,70,26,49,31,23
31872,112,141,28,49,29,21
31873,159,193,25,50,34,25
31874,196,237,188,218,41,30
31875,183,214,295,319,31,24
31876,60,88,163,184,28,21
31877,58,93,109,135,35,26
31878,93,129,161,189,36,28
31879,129,151,225,242,22,17
31880,77,100,227,244,23,17
31881,29,56,225,244,27,19
31882,32,59,169,190,27,21
31883,121,158,77,105,37,28
31884,181,212,58,81,31,23
31885,61,98,45,73,37,28
31886,149,186,140,167,37,27
31887,154,193,302,330,39,28
31888,36,63,319,340,27,21
31889,110,149,250,279,39,29
31890,171,215,220,252,44,32
31891,36,60,29,47,24,18
31892,130,166,14,41,36,27
31893,81,108,189,209,27,20
31894,105,144,125,155,39,30
31895,90,129,246,274,39,28
31896,58,93,280,306,35,26
31897,29,66,193,221,37,28
31898,20,46,125,144,26,19
31899,60,84,100,119,24,19
31900,107,137,75,97,30,22
31901,129,173,43,75,44,32
31902,177,231,111,152,54,41
31903,178,210,168,193,32,25
31904,171,204,218,243,33,25
31905,37,61,56,74,24,18
31906,132,182,285,323,50,38
31907,82,103,179,195,21,16
31908,99,139,229,260,40,31
31909,93,130,276,304,37,28
31910,159,188,267,289,29,22
31911,145,172,153,173,27,20
31912,150,181,212,235,31,23
31913,121,144,109,126,23,17
31914,77,107,43,66,30,23
31915,46,88,106,138,42,32
31916,44,73,213,235,29,22
31917,48,67,293,308,19,15
31918,66,90,319,338,24,19
31919,188,212,161,179,24,18
31920,49,80,126,149,31,23
31921,70,107,150,178,37,28
31922,93,125,198,223,32,25
31923,134,151,228,241,17,13
31924,87,111,267,285,24,18
31925,119,150,282,306,31,24
31926,167,188,292,308,21,16
31927,173,207,187,212,34,25
31928,132,166,43,69,34,26
31929,186,218,54,77,32,23
31930,49,76,244,263,27,19
31931,22,59,192,220,37,28
31932,88,114,255,274,26,19
31933,122,150,216,236,28,20
31934,73,107,136,162,34,26
31935,102,122,90,105,20,15
31936,154,175,87,103,21,16
31937,193,220,94,115,27,21
31938,112,144,119,143,32,24
31939,44,80,95,122,36,27
31940,86,132,33,67,46,34
31941,45,80,302,328,35,26
31942,107,154,286,322,47,36
31943,177,198,253,269,21,16
31944,56,84,215,236,28,21
31945,29,65,173,199,36,26
31946,110,142,139,163,32,24
31947,132,173,177,208,41,31
31948,150,185,246,272,35,26
31949,98,133,255,282,35,27
31950,112,141,294,316,29,22
31951,59,93,230,255,34,25
31952,63,96,179,204,33,25
31953,55,83,134,155,28,21
31954,71,93,107,123,22,16
31955,109,139,82,105,30,23
31956,132,167,47,73,35,26
31957,172,207,27,53,35,26
31958,177,205,89,110,28,21
31959,169,210,123,153,41,30
31960,52,83,41,64,31,23
31961,34,68,277,302,34,25
31962,99,118,321,335,19,14
31963,87,115,264,285,28,21
31964,63,95,172,195,32,23
31965,117,156,173,202,39,29
31966,153,183,223,246,30,23
31967,190,222,135,159,32,24
31968,178,207,269,291,29,22
31969,39,64,277,297,25,20
31970,43,74,87,111,31,24
31971,93,132,106,135,39,29
31972,32,73,16,46,41,30
31973,122,165,189,221,43,32
31974,122,164,304,336,42,32
31975,95,118,283,300,23,17
31976,67,88,222,238,21,16
31977,53,83,156,178,30,22
31978,100,137,141,169,37,28
31979,144,179,86,112,35,26
31980,85,115,84,106,30,22
31981,44,77,20,44,33,24
31982,88,121,33,58,33,25
31983,142,183,28,59,41,31
31984,39,71,280,304,32,24
31985,150,184,249,275,34,26
31986,189,219,212,234,30,22
31987,33,56,234,251,23,17
31988,163,205,143,174,42,31
31989,145,176,179,202,31,23
31990,115,149,131,157,34,26
31991,123,149,99,118,26,19
31992,155,183,66,87,28,21
31993,85,136,227,265,51,38
31994,144,180,262,288,36,26
31995,63,93,304,327,30,23
31996,46,63,208,221,17,13
31997,54,88,150,176,34,26
31998,49,76,96,116,27,20
31999,56,102,30,64,46,34
32000,134,166,23,47,32,24
32001,188,217,92,114,29,22
32002,203,225,198,214,22,16
32003,53,87,174,200,34,26
32004,76,95,221,236,19,15
32005,47,66,288,302,19,14
32006,107,130,272,289,23,17
32007,142,166,241,258,24,17
32008,183,210,256,276,27,20
32009,137,168,170,194,31,24
32010,145,175,122,145,30,23
32011,170,189,96,110,19,14
32012,134,161,5,26,27,21
32013,58,84,25,45,26,20
32014,32,55,62,79,23,17
32015,33,58,109,128,25,19
32016,62,87,126,144,25,18
32017,29,54,220,239,25,19
32018,187,219,202,226,32,24
32019,98,121,132,150,23,18
32020,110,142,83,107,32,24
32021,116,139,220,237,23,17
32022,60,83,245,262,23,17
32023,66,105,175,205,39,30
32024,41,68,135,156,27,21
32025,66,87,95,110,21,15
32026,106,150,26,59,44,33
32027,168,195,115,135,27,20
32028,168,210,160,191,42,31
32029,191,230,233,262,39,29
32030,159,184,286,305,25,19
32031,81,112,309,333,31,24
32032,22,51,294,316,29,22
32033,36,62,53,72,26,19
32034,80,100,72,87,20,15
32035,186,217,38,62,31,24
32036,195,221,89,108,26,19
32037,78,105,94,114,27,20
32038,84,129,157,191,45,34
32039,111,148,240,268,37,28
32040,56,97,241,272,41,31
32041,32,54,172,188,22,16
32042,31,50,119,134,19,15
32043,19,41,57,74,22,17
32044,77,107,49,72,30,23
32045,146,167,50,65,21,15
32046,178,213,73,100,35,27
32047,170,196,129,149,26,20
32048,156,198,183,215,42,32
32049,56,92,171,198,36,27
32050,98,127,217,239,29,22
32051,140,161,178,194,21,16
32052,87,115,85,106,28,21
32053,144,169,62,81,25,19
32054,187,225,135,163,38,28
32055,177,205,231,252,28,21
32056,105,129,322,340,24,18
32057,78,100,256,271,22,15
32058,37,56,301,315,19,14
32059,44,65,270,286,21,16
32060,45,65,86,101,20,15
32061,94,122,124,146,28,22
32062,124,143,86,99,19,13
32063,107,147,19,49,40,30
32064,62,82,40,55,20,15
32065,188,224,32,59,36,27
32066,126,151,140,160,25,20
32067,129,168,205,234,39,29
32068,165,205,237,266,40,29
32069,100,122,270,286,22,16
32070,66,91,226,244,25,18
32071,79,102,101,118,23,17
32072,76,100,88,106,24,18
32073,17,41,52,70,24,18
32074,51,79,53,74,28,21
32075,109,140,56,79,31,23
32076,149,178,69,92,29,23
32077,166,198,112,137,32,25
32078,51,78,177,198,27,21
32079,30,64,123,149,34,26
32080,172,205,255,280,33,25
32081,88,118,271,293,30,22
32082,51,71,287,302,20,15
32083,58,80,322,339,22,17
32084,88,112,72,90,24,18
32085,83,115,120,144,32,24
32086,56,75,142,156,19,14
32087,80,112,155,179,32,24
32088,146,168,165,181,22,16
32089,166,195,92,113,29,21
32090,174,198,37,54,24,17
32091,79,105,33,52,26,19
32092,39,63,71,89,24,18
32093,26,45,110,124,19,14
32094,180,208,306,327,28,21
32095,139,168,205,227,29,22
32096,112,143,154,177,31,23
32097,106,130,206,224,24,18
32098,117,149,234,258,32,24
32099,97,122,271,290,25,19
32100,90,120,297,320,30,23
32101,127,153,117,136,26,19
32102,122,164,75,107,42,32
32103,144,161,63,76,17,13
32104,54,81,129,150,27,21
32105,59,85,174,194,26,20
32106,58,84,240,260,26,20
32107,55,76,288,303,21,15
32108,153,178,292,311,25,19
32109,177,195,267,280,18,13
32110,165,198,203,227,33,24
32111,180,208,164,184,28,20
32112,178,210,71,95,32,24
32113,71,107,31,58,36,27
32114,174,212,10,38,38,28
32115,59,95,141,168,36,27
32116,109,132,186,203,23,17
32117,122,153,234,257,31,23
32118,138,175,281,309,37,28
32119,176,203,212,232,27,20
32120,172,197,140,159,25,19
32121,186,213,51,71,27,20
32122,50,93,77,109,43,32
32123,108,145,39,67,37,28
32124,29,46,313,326,17,13
32125,50,80,258,280,30,22
32126,71,93,231,248,22,17
32127,114,142,132,153,28,21
32128,132,153,225,240,21,15
32129,130,155,191,210,25,19
32130,143,173,129,151,30,22
32131,153,182,79,101,29,22
32132,159,190,39,62,31,23
32133,54,81,53,73,27,20
32134,47,79,122,146,32,24
32135,63,95,172,197,32,25
32136,67,110,234,267,43,33
32137,95,121,294,313,26,19
32138,114,133,251,265,19,14
32139,36,67,283,306,31,23
32140,30,58,205,226,28,21
32141,98,119,43,59,21,16
32142,127,150,7,25,23,18
32143,32,58,6,25,26,19
32144,46,63,35,48,17,13
32145,194,220,15,35,26,20
32146,203,230,125,146,27,21
32147,193,221,189,210,28,21
32148,188,222,239,264,34,25
32149,181,203,308,324,22,16
32150,71,94,331,348,23,17
32151,151,172,165,181,21,16
32152,144,168,208,226,24,18
32153,111,129,211,225,18,14
32154,45,69,239,257,24,18
32155,68,86,264,278,18,14
32156,39,59,201,217,20,16
32157,49,69,154,169,20,15
32158,53,72,107,122,19,15
32159,58,80,77,93,22,16
32160,100,129,81,103,29,22
32161,58,86,41,62,28,21
32162,78,97,14,28,19,14
32163,111,139,13,34,28,21
32164,154,175,22,38,21,16
32165,178,198,67,82,20,15
32166,169,206,126,154,37,28
32167,175,215,271,301,40,30
32168,72,90,313,327,18,14
32169,38,55,286,299,17,13
32170,118,137,142,155,19,13
32171,143,164,85,100,21,15
32172,185,219,220,245,34,25
32173,29,46,89,101,17,12
32174,72,107,135,161,35,26
32175,113,145,188,212,32,24
32176,149,176,218,238,27,20
32177,48,83,270,296,35,26
32178,170,195,290,308,25,18
32179,173,196,92,109,23,17
32180,98,130,43,67,32,24
32181,55,77,77,94,22,17
32182,136,159,119,136,23,17
32183,169,208,43,72,39,29
32184,176,210,170,195,34,25
32185,34,56,196,212,22,16
32186,31,54,119,136,23,17
32187,58,79,326,342,21,16
32188,45,67,289,305,22,16
32189,44,64,146,161,20,15
32190,77,96,102,117,19,15
32191,88,113,50,69,25,19
32192,126,146,51,66,20,15
32193,160,198,138,167,38,29
32194,179,212,255,280,33,25
32195,183,212,321,343,29,22
32196,138,166,239,260,28,21
32197,80,117,152,180,37,28
32198,146,161,115,126,15,11
32199,171,202,42,66,31,24
32200,27,56,96,118,29,22
32201,87,134,248,283,47,35
32202,50,73,176,193,23,17
32203,48,71,230,247,23,17
32204,39,68,277,298,29,21
32205,86,114,299,320,28,21
32206,116,139,137,154,23,17
32207,65,90,36,55,25,19
32208,105,134,36,57,29,21
32209,119,155,69,96,36,27
32210,49,79,83,106,30,23
32211,39,70,126,149,31,23
32212,155,186,187,211,31,24
32213,162,189,244,264,27,20
32214,168,199,288,311,31,23
32215,176,210,82,107,34,25
32216,175,207,132,156,32,24
32217,96,135,198,227,39,29
32218,173,204,294,317,31,23
32219,80,117,257,285,37,28
32220,106,140,295,321,34,26
32221,39,68,208,229,29,21
32222,36,70,156,181,34,25
32223,48,78,120,142,30,22
32224,85,117,68,92,32,24
32225,138,176,73,102,38,29
32226,161,199,132,161,38,29
32227,198,224,187,207,26,20
32228,173,209,220,246,36,26
32229,117,144,152,172,27,20
32230,183,212,54,76,29,22
32231,106,145,20,49,39,29
32232,34,73,24,53,39,29
32233,103,144,131,162,41,31
32234,132,170,172,200,38,28
32235,77,120,213,245,43,32
32236,61,94,277,302,33,25
32237,129,161,289,313,32,24
32238,162,202,235,265,40,30
32239,189,212,117,135,23,18
32240,115,161,57,92,46,35
32241,49,80,64,88,31,24
32242,35,68,151,176,33,25
32243,40,61,212,227,21,15
32244,185,215,19,41,30,22
32245,186,221,220,247,35,27
32246,98,127,181,203,29,22
32247,102,132,11,33,30,22
32248,101,117,78,90,16,12
32249,80,98,123,137,18,14
32250,64,85,68,84,21,16
32251,49,63,86,96,14,10
32252,54,69,124,135,15,11
32253,59,78,159,172,19,13
32254,164,193,141,162,29,21
32255,183,206,325,342,23,17
32256,128,146,308,322,18,14
32257,55,75,323,338,20,15
32258,34,56,289,305,22,16
32259,50,72,259,275,22,16
32260,38,61,220,237,23,17
32261,36,56,191,205,20,14
32262,44,72,20,40,28,20
32263,146,171,51,69,25,18
32264,188,208,20,35,20,15
32265,157,184,94,114,27,20
32266,143,182,244,273,39,29
32267,140,171,50,73,31,23
32268,127,148,83,99,21,16
32269,117,137,124,139,20,15
32270,79,110,156,179,31,23
32271,103,133,197,219,30,22
32272,117,146,257,279,29,22
32273,135,159,300,318,24,18
32274,93,120,300,320,27,20
32275,188,215,217,237,27,20
32276,200,219,275,290,19,15
32277,169,195,134,154,26,20
32278,195,218,96,114,23,18
32279,73,102,56,79,29,23
32280,60,82,120,136,22,16
32281,49,70,231,247,21,16
32282,43,68,304,322,25,18
32283,83,112,242,264,29,22
32284,54,89,8,34,35,26
32285,142,186,11,45,44,34
32286,155,178,196,213,23,17
32287,151,177,327,346,26,19
32288,29,63,261,286,34,25
32289,172,205,289,313,33,24
32290,79,107,267,287,28,20
32291,107,138,225,248,31,23
32292,54,81,192,213,27,21
32293,41,73,160,184,32,24
32294,24,63,256,285,39,29
32295,67,105,32,60,38,28
32296,126,170,30,63,44,33
32297,161,190,78,99,29,21
32298,34,64,97,120,30,23
32299,80,110,109,132,30,23
32300,131,163,135,159,32,24
32301,178,217,177,206,39,29
32302,177,216,234,263,39,29
32303,91,127,320,346,36,26
32304,136,159,77,95,23,18
32305,173,217,66,99,44,33
32306,93,113,154,170,20,16
32307,66,85,104,119,19,15
32308,57,88,56,79,31,23
32309,54,78,31,50,24,19
32310,113,139,133,153,26,20
32311,141,168,199,219,27,20
32312,168,196,174,195,28,21
32313,162,198,247,274,36,27
32314,131,156,308,327,25,19
32315,51,76,218,237,25,19
32316,42,73,277,301,31,24
32317,24,66,236,267,42,31
32318,31,64,316,341,33,25
32319,101,119,302,316,18,14
32320,95,119,204,221,24,17
32321,42,61,173,188,19,15
32322,134,163,224,245,29,21
32323,73,101,213,233,28,20
32324,74,105,273,296,31,23
32325,86,113,310,330,27,20
32326,159,191,256,280,32,24
32327,159,186,167,187,27,20
32328,196,227,139,162,31,23
32329,46,86,150,180,40,30
32330,70,103,106,131,33,25
32331,41,76,64,90,35,26
32332,72,103,35,58,31,23
32333,32,62,251,273,30,22
32334,31,61,308,330,30,22
32335,129,151,250,267,22,17
32336,92,109,294,307,17,13
32337,44,68,247,265,24,18
32338,51,71,207,222,20,15
32339,56,80,154,173,24,19
32340,61,87,84,103,26,19
32341,93,118,51,70,25,19
32342,134,155,59,75,21,16
32343,174,193,29,44,19,15
32344,181,216,63,89,35,26
32345,166,198,143,166,32,23
32346,149,176,193,213,27,20
32347,191,224,216,240,33,24
32348,163,192,294,316,29,22
32349,29,57,308,329,28,21
32350,106,142,114,141,36,27
32351,35,57,42,58,22,16
32352,124,144,85,101,20,16
32353,135,157,147,164,22,17
32354,130,168,215,244,38,29
32355,182,205,275,292,23,17
32356,84,118,301,327,34,26
32357,83,112,172,194,29,22
32358,65,99,60,85,34,25
32359,156,178,56,73,22,17
32360,120,140,21,36,20,15
32361,179,213,21,46,34,25
32362,78,103,230,249,25,19
32363,182,215,169,193,33,24
32364,132,161,297,318,29,21
32365,56,85,192,213,29,21
32366,89,115,259,279,26,20
32367,51,83,130,154,32,24
32368,104,127,102,120,23,18
32369,146,177,155,178,31,23
32370,171,200,219,241,29,22
32371,167,189,284,301,22,17
32372,56,95,37,67,39,30
32373,46,97,182,220,51,38
32374,95,122,229,249,27,20
32375,127,154,182,202,27,20
32376,114,149,91,118,35,27
32377,58,85,75,95,27,20
32378,17,39,56,73,22,17
32379,29,56,113,134,27,21
32380,32,55,241,259,23,18
32381,65,89,299,317,24,18
32382,124,152,286,307,28,21
32383,163,188,216,235,25,19
32384,155,181,52,71,26,19
32385,77,113,18,45,36,27
32386,44,72,184,205,28,21
32387,63,80,53,65,17,12
32388,56,78,98,114,22,16
32389,33,58,135,154,25,19
32390,144,162,244,258,18,14
32391,34,50,224,235,16,11
32392,32,47,208,220,15,12
32393,56,78,34,51,22,17
32394,42,62,117,132,20,15
32395,179,200,218,234,21,16
32396,191,206,267,278,15,11
32397,126,149,87,105,23,18
32398,149,169,215,230,20,15
32399,156,180,278,296,24,18
32400,183,207,42,59,24,17
32401,186,214,134,155,28,21
32402,71,93,32,49,22,17
32403,77,102,99,118,25,19
32404,105,130,310,329,25,19
32405,72,97,241,260,25,19
32406,49,74,111,130,25,19
32407,21,47,207,227,26,20
32408,30,60,282,304,30,22
32409,48,63,293,304,15,11
32410,29,57,238,259,28,21
32411,44,56,128,138,12,10
32412,39,56,146,159,17,13
32413,136,163,242,262,27,20
32414,92,109,126,139,17,13
32415,120,146,257,277,26,20
32416,119,141,105,121,22,16
32417,64,91,278,298,27,20
32418,56,90,206,231,34,25
32419,52,70,150,164,18,14
32420,58,82,75,93,24,18
32421,88,119,310,333,31,23
32422,132,154,247,263,22,16
32423,59,76,122,135,17,13
32424,146,164,260,274,18,14
32425,144,156,133,142,12,9
32426,177,193,298,310,16,12
32427,97,120,276,293,23,17
32428,80,94,205,216,14,11
32429,117,142,306,325,25,19
32430,56,76,98,113,20,15
32431,58,77,26,40,19,14
32432,29,50,79,95,21,16
32433,116,136,40,55,20,15
32434,38,57,204,218,19,14
32435,121,142,72,88,21,16
32436,158,185,50,71,27,21
32437,105,126,231,247,21,16
32438,72,96,81,99,24,18
32439,87,111,34,52,24,18
32440,162,190,157,178,28,21
32441,96,121,163,182,25,19
32442,113,133,192,207,20,15
32443,87,113,210,230,26,20
32444,105,129,320,338,24,18
32445,49,68,96,110,19,14
32446,36,49,216,226,13,10
32447,68,88,25,41,20,16
32448,75,97,241,258,22,17
32449,34,61,304,324,27,20
32450,127,156,294,316,29,22
32451,95,116,77,93,21,16
32452,61,80,215,229,19,14
32453,78,94,296,308,16,12
32454,104,127,283,300,23,17
32455,102,123,121,137,21,16
32456,127,146,41,56,19,15
32457,120,132,232,241,12,9
32458,188,214,311,330,26,19
32459,124,148,183,201,24,18
32460,93,109,182,194,16,12
32461,134,150,255,267,16,12
32462,102,115,203,212,13,9
32463,41,72,103,127,31,24
32464,46,63,155,168,17,13
32465,62,82,250,265,20,15
32466,83,100,281,294,17,13
32467,43,63,314,328,20,14
32468,124,146,87,103,22,16
32469,176,205,107,129,29,22
32470,151,173,172,188,22,16
32471,210,227,235,248,17,13
32472,141,169,294,315,28,21
32473,107,136,18,40,29,22
32474,41,66,32,51,25,19
32475,185,217,34,58,32,24
32476,176,202,284,304,26,20
32477,106,128,198,214,22,16
32478,66,88,252,269,22,17
32479,56,83,140,161,27,21
32480,102,133,97,120,31,23
32481,54,71,43,56,17,13
32482,120,143,53,71,23,18
32483,194,224,183,205,30,22
32484,168,195,210,230,27,20
32485,46,68,228,244,22,16
32486,40,65,104,122,25,18
32487,181,209,87,108,28,21
32488,142,171,147,169,29,22
32489,50,78,317,338,28,21
32490,174,205,68,91,31,23
32491,136,156,96,111,20,15
32492,145,173,34,55,28,21
32493,90,113,47,64,23,17
32494,61,83,39,55,22,16
32495,43,66,90,107,23,17
32496,52,72,127,142,20,15
32497,24,58,239,265,34,26
32498,52,73,286,302,21,16
32499,93,118,312,330,25,18
32500,86,114,220,241,28,21
32501,133,163,183,205,30,22
32502,212,231,176,190,19,14
32503,176,198,153,169,22,16
32504,142,169,317,337,27,20
32505,99,119,278,293,20,15
32506,55,82,192,212,27,20
32507,91,116,131,150,25,19
32508,139,165,160,179,26,19
32509,97,118,238,254,21,16
32510,41,63,242,258,22,16
32511,36,66,169,191,30,22
32512,45,70,130,149,25,19
32513,34,53,91,104,19,13
32514,19,44,55,73,25,18
32515,69,95,70,90,26,20
32516,122,152,66,88,30,22
32517,158,186,97,118,28,21
32518,178,201,214,231,23,17
32519,132,158,275,295,26,20
32520,55,83,307,328,28,21
32521,23,47,283,301,24,18
32522,162,187,26,45,25,19
32523,61,86,23,42,25,19
32524,99,116,273,286,17,13
32525,94,118,297,315,24,18
32526,48,66,325,339,18,14
32527,46,71,293,312,25,19
32528,37,56,239,254,19,15
32529,103,132,123,145,29,22
32530,141,159,84,97,18,13
32531,177,201,69,87,24,18
32532,83,102,73,88,19,15
32533,80,105,201,219,25,18
32534,128,154,209,229,26,20
32535,158,189,243,267,31,24
32536,207,230,172,190,23,18
32537,123,144,168,183,21,15
32538,62,93,153,177,31,24
32539,59,79,130,145,20,15
32540,49,72,61,79,23,18
32541,78,97,24,38,19,14
32542,80,99,184,198,19,14
32543,41,58,201,214,17,13
32544,70,89,275,290,19,15
32545,159,178,171,186,19,15
32546,193,215,127,143,22,16
32547,146,166,286,301,20,15
32548,34,57,9,26,23,17
32549,137,162,262,281,25,19
32550,95,117,189,205,22,16
32551,117,138,141,157,21,16
32552,114,144,55,77,30,22
32553,156,185,81,103,29,22
32554,52,76,159,177,24,18
32555,48,72,249,268,24,19
32556,79,104,294,313,25,19
32557,123,146,323,340,23,17
32558,171,196,231,250,25,19
32559,98,127,221,243,29,22
32560,176,200,173,191,24,18
32561,46,68,92,109,22,17
32562,63,87,48,66,24,18
32563,155,194,30,59,39,29
32564,112,137,84,102,25,18
32565,124,142,140,154,18,14
32566,150,170,204,219,20,15
32567,146,166,266,281,20,15
32568,89,110,262,278,21,16
32569,78,98,309,323,20,14
32570,49,71,228,244,22,16
32571,51,69,153,166,18,13
32572,166,199,119,143,33,24
32573,178,214,173,199,36,26
32574,54,81,76,96,27,20
32575,71,98,25,45,27,20
32576,173,210,290,318,37,28
32577,132,153,264,280,21,16
32578,73,103,204,226,30,22
32579,75,98,133,150,23,17
32580,71,98,83,103,27,20
32581,90,116,19,39,26,20
32582,187,208,20,36,21,16
32583,179,214,92,118,35,26
32584,188,221,173,198,33,25
32585,56,88,276,300,32,24
32586,35,61,220,239,26,19
32587,29,56,92,113,27,21
32588,39,68,28,50,29,22
32589,133,153,215,230,20,15
32590,116,152,138,165,36,27
32591,119,144,77,96,25,19
32592,171,197,29,49,26,20
32593,100,132,19,42,32,23
32594,28,61,41,66,33,25
32595,65,94,109,131,29,22
32596,70,103,233,258,33,25
32597,153,186,271,296,33,25
32598,195,227,201,224,32,23
32599,56,85,291,313,29,22
32600,44,79,181,207,35,26
32601,78,122,193,226,44,33
32602,79,105,61,80,26,19
32603,52,79,113,133,27,20
32604,156,187,106,130,31,24
32605,170,204,186,212,34,26
32606,113,139,289,309,26,20
32607,54,81,269,290,27,21
32608,54,74,83,98,20,15
32609,111,136,13,32,25,19
32610,153,175,41,57,22,16
32611,187,220,75,100,33,25
32612,27,51,182,200,24,18
32613,37,69,25,49,32,24
32614,56,79,80,97,23,17
32615,113,137,15,33,24,18
32616,75,98,53,70,23,17
32617,111,136,77,96,25,19
32618,44,69,146,165,25,19
32619,42,66,220,238,24,18
32620,63,88,290,309,25,19
32621,103,136,241,266,33,25
32622,166,193,142,162,27,20
32623,112,137,174,193,25,19
32624,183,210,64,84,27,20
32625,44,68,24,43,24,19
32626,31,55,272,290,24,18
32627,117,146,311,332,29,21
32628,112,134,290,308,22,18
32629,134,149,212,223,15,11
32630,54,77,225,242,23,17
32631,104,125,49,65,21,16
32632,68,83,247,258,15,11
32633,68,93,23,41,25,18
32634,160,188,115,135,28,20
32635,137,170,276,301,33,25
32636,118,142,45,63,24,18
32637,54,80,91,111,26,20
32638,24,47,144,162,23,18
32639,58,85,304,325,27,21
32640,76,95,92,107,19,15
32641,56,84,184,205,28,21
32642,71,93,257,273,22,16
32643,122,147,144,163,25,19
32644,126,148,9,25,22,16
32645,126,140,23,34,14,11
32646,178,203,201,220,25,19
32647,131,154,272,290,23,18
