,topy,boty,topx,botx,height,width
0,179,232,237,277,53,40
1,170,220,309,346,50,37
2,167,217,284,321,50,37
3,105,127,141,158,22,17
4,112,137,185,204,25,19
5,127,160,277,302,33,25
6,130,162,220,244,32,24
7,115,143,206,227,28,21
8,102,125,278,296,23,18
9,93,115,172,188,22,16
10,139,181,311,342,42,31
11,105,129,316,333,24,17
12,110,137,221,242,27,21
13,124,161,248,276,37,28
14,64,82,204,218,18,14
15,68,87,223,237,19,14
16,92,112,311,326,20,15
17,82,106,298,317,24,19
18,86,108,306,322,22,16
19,90,110,322,337,20,15
20,90,115,331,349,25,18
21,95,123,337,358,28,21
22,71,92,315,330,21,15
23,69,87,304,317,18,13
24,44,54,91,98,10,7
25,44,61,60,73,17,13
26,96,119,49,66,23,17
27,102,121,173,188,19,15
28,102,127,194,213,25,19
29,115,144,288,310,29,22
30,110,135,271,290,25,19
31,75,95,163,178,20,15
32,107,131,220,238,24,18
33,103,127,209,226,24,17
34,98,123,314,333,25,19
35,102,122,164,179,20,15
36,93,128,161,187,35,26
37,87,117,282,304,30,22
38,79,107,267,288,28,21
39,97,119,326,342,22,16
40,84,116,300,324,32,24
41,79,106,314,334,27,20
42,57,78,275,291,21,16
43,54,73,33,48,19,15
44,52,68,50,62,16,12
45,39,54,104,115,15,11
46,61,78,290,303,17,13
47,107,135,318,338,28,20
48,100,127,303,323,27,20
49,107,127,299,314,20,15
50,101,129,279,300,28,21
51,81,105,274,292,24,18
52,85,101,290,302,16,12
53,88,110,6,22,22,16
54,78,93,286,297,15,11
55,75,88,253,264,13,11
56,154,169,22,33,15,11
57,149,164,36,48,15,12
58,148,162,42,53,14,11
59,192,235,237,269,43,32
60,171,212,48,79,41,31
61,180,214,39,65,34,26
62,203,237,41,66,34,25
63,51,61,243,250,10,7
64,115,146,328,351,31,23
65,86,103,83,96,17,13
66,87,105,89,102,18,13
67,91,122,0,23,31,23
68,88,114,327,346,26,19
69,72,93,325,341,21,16
70,61,80,310,324,19,14
71,41,57,91,103,16,12
72,51,66,46,57,15,11
73,52,68,37,49,16,12
74,116,144,15,36,28,21
75,88,105,53,66,17,13
76,84,105,77,92,21,15
77,87,107,100,115,20,15
78,95,121,271,291,26,20
79,78,97,261,275,19,14
80,112,142,305,327,30,22
81,112,143,317,340,31,23
82,81,102,126,141,21,15
83,102,131,290,312,29,22
84,65,84,256,270,19,14
85,59,72,208,217,13,9
86,69,85,268,279,16,11
87,71,83,256,264,12,8
88,73,87,260,271,14,11
89,56,65,201,208,9,7
90,150,172,37,54,22,17
91,146,168,7,24,22,17
92,137,156,22,37,19,15
93,137,158,42,58,21,16
94,128,149,67,82,21,15
95,138,161,314,332,23,18
96,151,173,332,348,22,16
97,176,190,17,28,14,11
98,144,156,44,52,12,8
99,154,167,36,45,13,9
100,168,223,274,315,55,41
101,165,220,248,289,55,41
102,161,205,227,260,44,33
103,139,177,214,242,38,28
104,129,164,224,250,35,26
105,121,157,205,232,36,27
106,110,142,274,297,32,23
107,101,128,206,226,27,20
108,101,128,183,203,27,20
109,58,68,46,54,10,8
110,57,70,29,39,13,10
111,74,90,153,165,16,12
112,41,54,161,170,13,9
113,77,95,98,111,18,13
114,80,106,82,102,26,20
115,64,89,223,242,25,19
116,108,145,269,297,37,28
117,107,135,291,311,28,20
118,46,61,180,192,15,12
119,56,71,283,295,15,12
120,56,71,289,301,15,12
121,89,107,224,238,18,14
122,77,93,23,35,16,12
123,88,111,260,277,23,17
124,84,105,279,295,21,16
125,83,105,287,304,22,17
126,86,109,327,344,23,17
127,85,107,340,356,22,16
128,76,96,262,277,20,15
129,77,97,93,108,20,15
130,62,85,80,98,23,18
131,33,49,143,155,16,12
132,113,140,14,34,27,20
133,117,144,2,22,27,20
134,85,108,291,308,23,17
135,73,87,252,262,14,10
136,70,88,256,269,18,13
137,56,71,173,185,15,12
138,49,61,155,164,12,9
139,49,61,147,156,12,9
140,50,60,143,151,10,8
141,81,113,112,136,32,24
142,19,32,220,230,13,10
143,50,72,27,43,22,16
144,84,102,148,161,18,13
145,85,105,119,133,20,14
146,79,97,107,120,18,13
147,78,93,94,104,15,10
148,57,67,156,164,10,8
149,47,56,208,215,9,7
150,90,108,78,91,18,13
151,89,105,68,80,16,12
152,92,110,15,29,18,14
153,155,199,29,62,44,33
154,161,197,3,30,36,27
155,136,166,19,42,30,23
156,121,153,7,31,32,24
157,96,126,329,351,30,22
158,78,98,245,260,20,15
159,69,88,232,246,19,14
160,57,72,21,32,15,11
161,57,72,17,29,15,12
162,68,84,205,217,16,12
163,103,137,37,62,34,25
164,93,122,326,348,29,22
165,48,63,58,69,15,11
166,54,73,20,34,19,14
167,56,73,37,50,17,13
168,68,92,338,355,24,17
169,126,155,8,30,29,22
170,89,110,29,44,21,15
171,89,107,167,181,18,14
172,88,105,161,174,17,13
173,76,90,285,296,14,11
174,90,106,218,230,16,12
175,83,112,231,253,29,22
176,77,102,225,244,25,19
177,82,107,287,306,25,19
178,86,114,294,314,28,20
179,56,74,291,304,18,13
180,62,79,313,326,17,13
181,57,77,25,40,20,15
182,61,76,35,47,15,12
183,159,188,332,354,29,22
184,149,170,325,341,21,16
185,126,140,201,211,14,10
186,123,139,302,313,16,11
187,166,188,37,54,22,17
188,122,140,323,336,18,13
189,129,142,230,239,13,9
190,98,121,109,126,23,17
191,93,120,72,93,27,21
192,124,158,189,214,34,25
193,188,237,296,333,49,37
194,136,174,274,303,38,29
195,130,165,228,255,35,27
196,131,165,217,243,34,26
197,109,133,207,225,24,18
198,109,131,228,245,22,17
199,98,122,178,196,24,18
200,98,120,315,332,22,17
201,170,209,69,99,39,30
202,172,208,53,80,36,27
203,95,115,172,187,20,15
204,95,115,156,171,20,15
205,115,148,36,60,33,24
206,112,134,3,19,22,16
207,99,123,335,353,24,18
208,84,103,110,124,19,14
209,91,110,318,332,19,14
210,92,107,339,350,15,11
211,82,97,282,293,15,11
212,81,95,272,282,14,10
213,206,239,183,208,33,25
214,117,142,38,56,25,18
215,95,122,44,65,27,21
216,103,124,10,26,21,16
217,97,117,35,50,20,15
218,157,177,68,83,20,15
219,183,223,56,86,40,30
220,161,194,75,100,33,25
221,120,146,6,26,26,20
222,110,133,40,57,23,17
223,122,147,132,151,25,19
224,77,88,252,261,11,9
225,126,154,181,201,28,20
226,117,145,165,186,28,21
227,114,134,317,332,20,15
228,114,134,293,308,20,15
229,82,100,294,308,18,14
230,130,155,31,49,25,18
231,83,95,7,17,12,10
232,57,78,234,249,21,15
233,191,237,315,350,46,35
234,172,195,13,30,23,17
235,184,217,223,247,33,24
236,217,239,191,208,22,17
237,166,195,47,69,29,22
238,150,165,68,80,15,12
239,102,122,80,95,20,15
240,91,112,151,167,21,16
241,86,102,218,230,16,12
242,88,105,247,260,17,13
243,88,105,256,268,17,12
244,114,146,26,51,32,25
245,117,139,2,19,22,17
246,129,173,322,355,44,33
247,102,125,292,309,23,17
248,104,129,306,326,25,20
249,63,78,210,221,15,11
250,86,105,73,87,19,14
251,95,132,179,206,37,27
252,91,118,258,278,27,20
253,63,85,254,270,22,16
254,64,84,290,305,20,15
255,71,93,315,331,22,16
256,76,96,326,341,20,15
257,33,44,203,211,11,8
258,47,61,248,258,14,10
259,44,56,233,243,12,10
260,49,64,278,289,15,11
261,39,52,93,103,13,10
262,34,45,102,111,11,9
263,72,95,310,327,23,17
264,75,94,331,345,19,14
265,69,92,287,304,23,17
266,63,78,10,21,15,11
267,59,73,292,303,14,11
268,50,68,280,294,18,14
269,87,105,317,330,18,13
270,84,100,294,306,16,12
271,84,99,279,290,15,11
272,79,112,177,201,33,24
273,68,96,103,123,28,20
274,62,82,86,101,20,15
275,71,88,77,90,17,13
276,53,73,12,28,20,16
277,54,76,6,23,22,17
278,62,82,71,86,20,15
279,41,54,162,172,13,10
280,41,51,171,178,10,7
281,38,47,181,188,9,7
282,33,44,196,204,11,8
283,68,93,248,267,25,19
284,114,144,212,234,30,22
285,100,142,269,300,42,31
286,68,98,248,270,30,22
287,68,98,233,256,30,23
288,100,143,308,340,43,32
289,137,161,13,30,24,17
290,124,140,61,73,16,12
291,140,161,73,88,21,15
292,144,161,62,76,17,14
293,114,135,323,339,21,16
294,116,131,118,129,15,11
295,119,139,93,109,20,16
296,89,117,305,326,28,21
297,88,115,291,311,27,20
298,55,76,198,214,21,16
299,56,75,212,226,19,14
300,44,61,188,201,17,13
301,40,57,177,190,17,13
302,97,127,83,106,30,23
303,98,124,63,83,26,20
304,98,120,125,141,22,16
305,93,112,145,159,19,14
306,93,117,157,176,24,19
307,68,84,3,15,16,12
308,109,135,222,242,26,20
309,107,135,204,225,28,21
310,89,107,176,190,18,14
311,119,145,109,129,26,20
312,194,237,274,306,43,32
313,206,237,253,276,31,23
314,107,127,218,233,20,15
315,147,178,122,145,31,23
316,152,179,116,137,27,21
317,142,165,67,84,23,17
318,147,170,53,70,23,17
319,144,166,22,38,22,16
320,145,172,11,31,27,20
321,146,162,37,50,16,13
322,161,176,16,27,15,11
323,186,208,2,19,22,17
324,143,159,32,44,16,12
325,100,133,132,157,33,25
326,89,120,216,239,31,23
327,77,106,302,323,29,21
328,91,120,316,338,29,22
329,95,120,326,344,25,18
330,92,117,338,357,25,19
331,51,73,276,292,22,16
332,78,95,182,195,17,13
333,127,151,1,19,24,18
334,88,112,311,330,24,19
335,85,101,288,300,16,12
336,142,172,169,192,30,23
337,117,139,196,213,22,17
338,94,107,257,267,13,10
339,125,144,328,342,19,14
340,156,187,307,330,31,23
341,149,186,46,73,37,27
342,150,180,13,36,30,23
343,141,161,8,23,20,15
344,142,161,17,32,19,15
345,162,185,135,152,23,17
346,124,136,122,131,12,9
347,149,165,75,87,16,12
348,120,129,233,240,9,7
349,121,131,152,159,10,7
350,117,125,181,187,8,6
351,93,119,309,328,26,19
352,70,95,271,289,25,18
353,76,101,243,261,25,18
354,101,127,10,29,26,19
355,104,122,4,18,18,14
356,47,61,152,162,14,10
357,155,170,36,48,15,12
358,159,170,31,39,11,8
359,159,171,25,35,12,10
360,93,132,332,361,39,29
361,92,124,291,315,32,24
362,32,45,19,29,13,10
363,34,48,8,18,14,10
364,58,81,62,80,23,18
365,58,85,46,66,27,20
366,66,92,4,23,26,19
367,27,44,75,88,17,13
368,65,86,287,303,21,16
369,101,127,337,356,26,19
370,81,94,276,286,13,10
371,82,97,266,277,15,11
372,106,132,0,20,26,20
373,96,115,43,57,19,14
374,141,187,241,276,46,35
375,120,151,194,217,31,23
376,107,137,219,242,30,23
377,97,122,291,310,25,19
378,100,129,317,338,29,21
379,92,109,181,194,17,13
380,93,124,286,310,31,24
381,84,119,270,296,35,26
382,44,56,151,160,12,9
383,44,57,140,150,13,10
384,40,50,182,190,10,8
385,144,173,146,167,29,21
386,146,169,69,87,23,18
387,124,142,307,320,18,13
388,94,105,249,257,11,8
389,93,102,237,244,9,7
390,95,102,225,231,7,6
391,92,102,230,237,10,7
392,113,124,122,131,11,9
393,110,122,137,146,12,9
394,144,171,188,207,27,19
395,144,200,196,238,56,42
396,185,238,208,248,53,40
397,170,222,221,260,52,39
398,90,119,316,337,29,21
399,74,97,271,288,23,17
400,67,85,223,237,18,14
401,172,222,282,319,50,37
402,197,231,278,303,34,25
403,173,227,254,294,54,40
404,160,203,263,295,43,32
405,68,88,283,298,20,15
406,58,78,237,252,20,15
407,140,168,212,234,28,22
408,100,123,233,251,23,18
409,109,142,324,348,33,24
410,114,144,335,358,30,23
411,57,78,233,249,21,16
412,27,41,82,92,14,10
413,41,57,177,189,16,12
414,72,94,264,280,22,16
415,171,193,69,86,22,17
416,158,178,74,90,20,16
417,153,170,87,100,17,13
418,186,217,21,44,31,23
419,124,132,152,157,8,5
420,74,90,11,23,16,12
421,90,112,278,293,22,15
422,81,102,214,229,21,15
423,57,70,201,211,13,10
424,46,58,190,198,12,8
425,87,104,67,80,17,13
426,76,90,280,291,14,11
427,134,165,50,74,31,24
428,76,87,284,292,11,8
429,79,93,-1,10,14,11
430,70,83,16,26,13,10
431,80,101,261,276,21,15
432,80,99,276,291,19,15
433,135,166,7,30,31,23
434,89,107,100,114,18,14
435,139,154,37,49,15,12
436,141,151,52,60,10,8
437,159,183,69,87,24,18
438,133,147,119,130,14,11
439,129,142,219,229,13,10
440,124,135,227,235,11,8
441,161,190,82,103,29,21
442,139,151,103,113,12,10
443,132,146,141,152,14,11
444,148,164,71,84,16,13
445,93,115,90,106,22,16
446,86,107,128,144,21,16
447,97,118,28,44,21,16
448,87,106,75,89,19,14
449,69,80,25,33,11,8
450,68,80,43,52,12,9
451,105,139,140,165,34,25
452,110,141,172,195,31,23
453,102,124,238,254,22,16
454,100,123,226,243,23,17
455,102,127,82,100,25,18
456,78,96,145,159,18,14
457,103,129,211,231,26,20
458,102,132,14,36,30,22
459,105,129,283,301,24,18
460,134,164,7,30,30,23
461,61,76,14,25,15,11
462,94,123,187,209,29,22
463,107,130,165,183,23,18
464,105,129,154,172,24,18
465,105,132,115,136,27,21
466,107,132,103,122,25,19
467,102,125,88,105,23,17
468,98,122,3,21,24,18
469,79,95,162,174,16,12
470,90,111,178,194,21,16
471,98,124,63,82,26,19
472,141,162,6,22,21,16
473,137,162,90,109,25,19
474,109,120,130,139,11,9
475,108,120,141,150,12,9
476,127,166,240,269,39,29
477,134,160,282,301,26,19
478,130,157,298,318,27,20
479,128,169,315,346,41,31
480,144,178,337,363,34,26
481,71,88,100,112,17,12
482,83,101,259,272,18,13
483,76,96,275,289,20,14
484,77,94,214,227,17,13
485,73,88,118,130,15,12
486,46,54,175,181,8,6
487,45,53,171,177,8,6
488,104,130,154,174,26,20
489,90,110,181,196,20,15
490,91,107,164,176,16,12
491,94,108,174,184,14,10
492,102,124,157,173,22,16
493,142,176,263,289,34,26
494,167,216,320,357,49,37
495,127,158,327,349,31,22
496,141,178,268,296,37,28
497,93,113,296,311,20,15
498,98,114,332,344,16,12
499,132,164,8,31,32,23
500,67,76,150,157,9,7
501,87,110,316,333,23,17
502,147,186,299,328,39,29
503,75,86,79,88,11,9
504,190,239,264,300,49,36
505,98,133,299,326,35,27
506,111,145,320,346,34,26
507,44,56,280,289,12,9
508,41,52,244,252,11,8
509,38,47,182,189,9,7
510,52,66,106,117,14,11
511,117,134,321,333,17,12
512,136,154,15,29,18,14
513,123,139,62,73,16,11
514,85,102,180,192,17,12
515,86,102,171,183,16,12
516,129,158,138,160,29,22
517,136,168,126,151,32,25
518,132,159,103,123,27,20
519,132,166,0,25,34,25
520,71,83,10,19,12,9
521,66,79,20,30,13,10
522,148,176,314,335,28,21
523,134,152,247,260,18,13
524,145,166,265,280,21,15
525,132,158,232,251,26,19
526,120,132,179,189,12,10
527,141,163,281,297,22,16
528,122,129,107,112,7,5
529,156,184,26,47,28,21
530,127,143,62,73,16,11
531,124,142,326,339,18,13
532,88,120,300,324,32,24
533,162,230,320,370,68,50
534,37,58,46,62,21,16
535,34,44,65,73,10,8
536,35,45,70,78,10,8
537,128,152,4,22,24,18
538,68,78,21,29,10,8
539,63,81,72,86,18,14
540,48,57,142,148,9,6
541,48,58,136,143,10,7
542,54,65,161,169,11,8
543,52,63,156,164,11,8
544,48,60,36,45,12,9
545,200,232,2,26,32,24
546,132,143,95,103,11,8
547,94,111,308,320,17,12
548,94,108,325,336,14,11
549,102,128,23,42,26,19
550,82,97,24,36,15,12
551,66,80,41,51,14,10
552,127,137,177,185,10,8
553,122,131,189,196,9,7
554,187,212,30,49,25,19
555,139,153,104,115,14,11
556,88,105,178,191,17,13
557,118,149,227,249,31,22
558,117,148,140,163,31,23
559,88,104,335,348,16,13
560,117,132,7,19,15,12
561,68,92,268,286,24,18
562,94,128,60,85,34,25
563,76,96,316,332,20,16
564,69,90,301,317,21,16
565,54,66,280,290,12,10
566,54,68,288,298,14,10
567,79,102,338,355,23,17
568,94,122,331,352,28,21
569,100,129,320,343,29,23
570,59,80,278,293,21,15
571,66,84,307,321,18,14
572,93,120,312,332,27,20
573,98,122,246,264,24,18
574,110,137,17,37,27,20
575,90,110,93,109,20,16
576,87,110,285,302,23,17
577,83,104,330,346,21,16
578,88,111,78,95,23,17
579,87,107,62,77,20,15
580,73,89,106,118,16,12
581,115,146,334,358,31,24
582,107,129,311,328,22,17
583,100,121,306,322,21,16
584,98,122,191,209,24,18
585,100,123,206,223,23,17
586,102,129,222,242,27,20
587,73,97,156,174,24,18
588,56,71,44,55,15,11
589,55,71,33,45,16,12
590,93,122,174,195,29,21
591,103,129,253,272,26,19
592,100,129,329,350,29,21
593,103,124,107,123,21,16
594,97,118,334,350,21,16
595,83,101,284,297,18,13
596,79,95,282,294,16,12
597,81,96,305,316,15,11
598,80,94,315,326,14,11
599,88,107,45,59,19,14
600,99,129,217,239,30,22
601,84,110,249,269,26,20
602,85,107,299,316,22,17
603,114,146,271,296,32,25
604,107,141,14,39,34,25
605,112,141,0,22,29,22
606,44,58,169,179,14,10
607,53,73,295,310,20,15
608,62,84,321,337,22,16
609,39,51,186,195,12,9
610,61,85,245,262,24,17
611,51,71,235,249,20,14
612,139,154,161,173,15,12
613,115,124,175,183,9,8
614,125,134,124,131,9,7
615,132,142,113,120,10,7
616,146,183,122,150,37,28
617,115,142,146,165,27,19
618,118,140,133,150,22,17
619,88,106,181,194,18,13
620,85,102,168,180,17,12
621,79,102,271,288,23,17
622,63,77,215,226,14,11
623,56,66,160,167,10,7
624,50,61,145,153,11,8
625,59,70,22,30,11,8
626,45,54,60,67,9,7
627,86,109,84,101,23,17
628,93,117,316,334,24,18
629,139,157,220,234,18,14
630,134,151,204,217,17,13
631,160,188,320,341,28,21
632,120,137,326,338,17,12
633,139,162,339,356,23,17
634,129,150,247,263,21,16
635,125,144,186,200,19,14
636,58,76,299,313,18,14
637,54,71,290,303,17,13
638,34,44,126,133,10,7
639,37,47,80,87,10,7
640,78,105,246,267,27,21
641,80,107,230,250,27,20
642,87,112,207,226,25,19
643,32,46,62,72,14,10
644,32,44,77,86,12,9
645,88,119,334,357,31,23
646,90,118,321,342,28,21
647,83,115,68,91,32,23
648,56,71,79,90,15,11
649,60,73,92,102,13,10
650,32,44,188,197,12,9
651,32,41,202,210,9,8
652,31,41,211,218,10,7
653,26,35,245,252,9,7
654,39,49,174,182,10,8
655,115,149,122,147,34,25
656,78,98,282,297,20,15
657,78,89,247,255,11,8
658,78,90,261,269,12,8
659,87,102,64,75,15,11
660,86,103,80,92,17,12
661,139,173,66,91,34,25
662,115,139,9,27,24,18
663,88,107,131,145,19,14
664,87,107,115,131,20,16
665,80,93,248,258,13,10
666,69,81,168,177,12,9
667,76,87,117,125,11,8
668,93,112,25,38,19,13
669,89,104,60,71,15,11
670,146,189,89,121,43,32
671,108,129,46,62,21,16
672,88,118,134,156,30,22
673,74,98,261,279,24,18
674,78,100,320,337,22,17
675,66,90,305,323,24,18
676,87,110,334,352,23,18
677,49,63,54,64,14,10
678,44,56,276,286,12,10
679,68,80,151,159,12,8
680,67,74,147,153,7,6
681,70,81,124,132,11,8
682,152,196,72,105,44,33
683,141,177,6,33,36,27
684,80,93,263,273,13,10
685,76,106,168,190,30,22
686,64,90,199,218,26,19
687,119,154,331,358,35,27
688,58,80,223,240,22,17
689,48,69,192,208,21,16
690,50,73,207,224,23,17
691,31,44,20,30,13,10
692,34,43,14,21,9,7
693,27,38,93,102,11,9
694,115,142,127,147,27,20
695,146,181,194,220,35,26
696,142,171,185,206,29,21
697,134,164,184,206,30,22
698,146,175,126,147,29,21
699,147,168,220,236,21,16
700,139,162,256,274,23,18
701,104,118,233,244,14,11
702,159,188,1,22,29,21
703,163,196,296,321,33,25
704,153,176,314,331,23,17
705,110,123,117,127,13,10
706,142,173,185,209,31,24
707,90,110,172,187,20,15
708,75,90,194,205,15,11
709,75,92,182,195,17,13
710,90,107,159,172,17,13
711,80,93,256,266,13,10
712,182,208,59,79,26,20
713,142,159,101,113,17,12
714,117,130,260,270,13,10
715,144,164,86,101,20,15
716,112,124,177,186,12,9
717,92,110,334,348,18,14
718,83,102,21,36,19,15
719,95,110,324,335,15,11
720,102,125,17,35,23,18
721,98,113,72,83,15,11
722,95,117,180,196,22,16
723,92,110,167,181,18,14
724,86,105,230,243,19,13
725,88,107,215,229,19,14
726,83,101,20,34,18,14
727,141,181,207,237,40,30
728,139,178,253,282,39,29
729,153,203,273,310,50,37
730,193,237,290,323,44,33
731,194,237,265,297,43,32
732,184,236,323,362,52,39
733,149,192,305,338,43,33
734,101,127,237,256,26,19
735,100,124,195,213,24,18
736,95,118,185,203,23,18
737,101,129,163,184,28,21
738,83,106,160,178,23,18
739,141,176,137,163,35,26
740,199,239,13,44,40,31
741,121,145,37,55,24,18
742,83,110,307,328,27,21
743,116,145,184,206,29,22
744,154,193,220,250,39,30
745,128,159,300,323,31,23
746,146,176,324,346,30,22
747,116,147,230,253,31,23
748,100,127,230,250,27,20
749,100,127,273,293,27,20
750,116,135,271,286,19,15
751,120,147,256,277,27,21
752,95,124,172,194,29,22
753,102,123,330,345,21,15
754,131,159,317,339,28,22
755,141,163,203,220,22,17
756,138,154,217,229,16,12
757,136,154,233,247,18,14
758,148,172,335,353,24,18
759,143,168,310,329,25,19
760,139,161,291,307,22,16
761,120,140,329,344,20,15
762,131,146,146,157,15,11
763,144,171,43,63,27,20
764,118,129,118,126,11,8
765,121,138,287,300,17,13
766,127,142,218,230,15,12
767,136,164,137,158,28,21
768,132,152,50,64,20,14
769,127,142,70,81,15,11
770,112,128,98,110,16,12
771,128,155,48,68,27,20
772,134,160,33,52,26,19
773,82,101,4,19,19,15
774,63,76,213,222,13,9
775,129,168,128,157,39,29
776,115,141,18,38,26,20
777,107,134,33,53,27,20
778,83,105,80,97,22,17
779,108,132,10,28,24,18
780,110,139,228,250,29,22
781,127,158,1,24,31,23
782,72,90,45,58,18,13
783,107,137,281,304,30,23
784,82,105,214,231,23,17
785,77,103,227,247,26,20
786,84,105,251,267,21,16
787,86,108,272,288,22,16
788,95,119,116,134,24,18
789,102,124,38,54,22,16
790,88,109,50,66,21,16
791,86,105,63,77,19,14
792,86,108,82,99,22,17
793,171,187,19,31,16,12
794,134,149,41,52,15,11
795,97,120,33,50,23,17
796,93,111,332,346,18,14
797,104,128,11,29,24,18
798,198,233,12,38,35,26
799,145,165,89,104,20,15
800,132,173,101,132,41,31
801,79,100,251,267,21,16
802,60,78,218,231,18,13
803,56,81,209,227,25,18
804,105,138,332,357,33,25
805,118,149,327,350,31,23
806,75,98,216,234,23,18
807,98,122,324,342,24,18
808,93,120,334,355,27,21
809,71,93,263,280,22,17
810,91,117,304,323,26,19
811,93,110,278,290,17,12
812,90,108,252,265,18,13
813,87,105,51,64,18,13
814,85,108,329,346,23,17
815,171,218,267,303,47,36
816,95,119,79,97,24,18
817,98,122,138,155,24,17
818,96,125,29,51,29,22
819,99,121,7,23,22,16
820,111,139,189,210,28,21
821,112,144,204,228,32,24
822,128,160,252,275,32,23
823,77,98,158,174,21,16
824,105,123,271,284,18,13
825,100,129,315,337,29,22
826,87,110,80,97,23,17
827,85,105,209,224,20,15
828,83,102,201,214,19,13
829,83,105,272,289,22,17
830,86,106,264,279,20,15
831,64,80,112,124,16,12
832,73,98,3,21,25,18
833,48,66,238,251,18,13
834,51,63,123,132,12,9
835,148,184,82,109,36,27
836,144,174,103,126,30,23
837,139,166,122,141,27,19
838,142,166,31,49,24,18
839,145,168,25,42,23,17
840,136,157,3,19,21,16
841,41,58,176,189,17,13
842,30,43,27,37,13,10
843,29,41,18,28,12,10
844,29,42,9,19,13,10
845,186,230,248,281,44,33
846,150,188,80,109,38,29
847,157,197,65,95,40,30
848,125,151,9,28,26,19
849,100,127,43,63,27,20
850,87,106,235,249,19,14
851,88,111,269,286,23,17
852,88,107,262,276,19,14
853,81,98,257,270,17,13
854,65,78,258,269,13,11
855,71,88,111,125,17,14
856,142,183,21,52,41,31
857,101,140,293,322,39,29
858,103,139,323,350,36,27
859,76,109,305,330,33,25
860,80,105,335,354,25,19
861,33,45,19,28,12,9
862,40,54,184,194,14,10
863,97,117,97,112,20,15
864,95,120,75,94,25,19
865,115,142,201,221,27,20
866,95,119,44,62,24,18
867,96,122,226,246,26,20
868,79,96,164,177,17,13
869,92,114,178,194,22,16
870,85,100,330,342,15,12
871,85,100,322,333,15,11
872,79,93,9,19,14,10
873,69,95,239,258,26,19
874,112,136,178,196,24,18
875,105,128,229,246,23,17
876,95,114,124,138,19,14
877,71,85,149,161,14,12
878,105,128,296,313,23,17
879,103,122,337,351,19,14
880,95,120,315,333,25,18
881,101,124,273,291,23,18
882,173,208,91,118,35,27
883,144,161,90,103,17,13
884,161,182,49,65,21,16
885,163,186,69,87,23,18
886,175,216,315,346,41,31
887,144,166,153,169,22,16
888,171,200,194,215,29,21
889,125,148,334,352,23,18
890,167,193,48,67,26,19
891,182,208,11,30,26,19
892,118,127,129,136,9,7
893,158,170,26,35,12,9
894,140,153,39,48,13,9
895,84,112,262,283,28,21
896,87,117,9,32,30,23
897,117,152,60,86,35,26
898,95,131,316,343,36,27
899,69,91,261,277,22,16
900,67,87,243,257,20,14
901,42,61,176,190,19,14
902,33,50,92,105,17,13
903,142,182,329,359,40,30
904,208,236,308,330,28,22
905,198,234,333,360,36,27
906,132,161,83,105,29,22
907,100,122,252,269,22,17
908,78,95,247,260,17,13
909,55,67,186,195,12,9
910,54,66,179,189,12,10
911,56,69,170,181,13,11
912,147,171,35,52,24,17
913,154,178,150,168,24,18
914,154,179,288,307,25,19
915,116,129,108,118,13,10
916,116,129,102,111,13,9
917,180,198,7,21,18,14
918,79,93,180,191,14,11
919,71,79,153,159,8,6
920,71,79,148,154,8,6
921,73,81,142,148,8,6
922,87,99,258,267,12,9
923,90,105,288,300,15,12
924,105,124,2,16,19,14
925,107,129,15,31,22,16
926,94,112,30,44,18,14
927,84,99,270,281,15,11
928,136,166,9,32,30,23
929,94,115,47,63,21,16
930,145,166,71,87,21,16
931,168,195,68,88,27,20
932,142,160,96,109,18,13
933,122,161,240,269,39,29
934,97,135,327,356,38,29
935,77,101,277,295,24,18
936,41,61,194,208,20,14
937,46,58,25,35,12,10
938,48,59,17,26,11,9
939,114,137,236,253,23,17
940,108,132,229,247,24,18
941,116,137,11,27,21,16
942,83,104,307,323,21,16
943,80,98,295,308,18,13
944,71,100,154,175,29,21
945,41,56,56,68,15,12
946,44,56,29,38,12,9
947,105,141,202,230,36,28
948,123,156,265,290,33,25
949,80,114,312,338,34,26
950,99,137,287,315,38,28
951,46,67,203,219,21,16
952,28,42,130,140,14,10
953,76,95,252,266,19,14
954,78,98,278,293,20,15
955,60,73,15,25,13,10
956,53,62,20,27,9,7
957,58,73,186,197,15,11
958,50,60,38,45,10,7
959,95,119,306,324,24,18
960,178,207,8,30,29,22
961,160,178,72,86,18,14
962,159,180,65,80,21,15
963,160,179,53,68,19,15
964,144,164,99,113,20,14
965,171,209,113,142,38,29
966,129,159,8,30,30,22
967,98,123,316,336,25,20
968,98,124,302,322,26,20
969,48,58,220,227,10,7
970,154,173,68,83,19,15
971,178,225,244,279,47,35
972,155,193,226,254,38,28
973,149,190,204,235,41,31
974,120,149,205,228,29,23
975,88,112,192,210,24,18
976,102,127,233,251,25,18
977,143,169,196,216,26,20
978,146,177,214,238,31,24
979,149,174,225,244,25,19
980,126,144,66,79,18,13
981,119,132,109,119,13,10
982,112,127,118,128,15,10
983,106,117,140,149,11,9
984,96,105,217,223,9,6
985,82,102,178,194,20,16
986,78,101,220,237,23,17
987,83,105,248,264,22,16
988,85,108,270,287,23,17
989,88,109,282,298,21,16
990,72,92,98,113,20,15
991,56,69,166,176,13,10
992,56,68,143,152,12,9
993,62,76,257,267,14,10
994,102,139,20,48,37,28
995,89,127,27,55,38,28
996,75,102,42,63,27,21
997,32,47,72,83,15,11
998,30,46,63,75,16,12
999,98,125,280,300,27,20
1000,85,104,136,150,19,14
1001,83,103,122,137,20,15
1002,88,107,101,115,19,14
1003,88,110,85,101,22,16
1004,89,106,76,89,17,13
1005,116,145,12,34,29,22
1006,65,78,112,122,13,10
1007,71,89,99,113,18,14
1008,76,88,93,102,12,9
1009,161,176,28,39,15,11
1010,165,183,12,26,18,14
1011,137,148,37,45,11,8
1012,150,162,31,40,12,9
1013,141,159,245,259,18,14
1014,139,154,256,268,15,12
1015,131,144,210,219,13,9
1016,132,144,200,209,12,9
1017,131,149,306,320,18,14
1018,127,139,241,250,12,9
1019,121,131,173,181,10,8
1020,169,190,24,39,21,15
1021,146,156,37,45,10,8
1022,93,112,135,148,19,13
1023,92,110,178,191,18,13
1024,76,93,272,284,17,12
1025,98,119,156,172,21,16
1026,86,102,43,55,16,12
1027,85,101,21,33,16,12
1028,95,108,331,341,13,10
1029,93,110,344,356,17,12
1030,144,176,207,231,32,24
1031,117,144,226,246,27,20
1032,110,134,204,222,24,18
1033,106,128,186,202,22,16
1034,77,92,156,168,15,12
1035,82,102,187,202,20,15
1036,81,104,177,194,23,17
1037,102,117,244,256,15,12
1038,64,78,153,163,14,10
1039,90,108,143,157,18,14
1040,76,90,68,79,14,11
1041,83,98,292,303,15,11
1042,77,92,270,281,15,11
1043,90,114,328,345,24,17
1044,85,99,314,324,14,10
1045,86,102,248,259,16,11
1046,88,105,117,130,17,13
1047,79,88,269,275,9,6
1048,80,92,259,268,12,9
1049,152,198,290,324,46,34
1050,216,238,16,33,22,17
1051,193,237,1,34,44,33
1052,59,71,182,191,12,9
1053,140,167,202,223,27,21
1054,142,168,142,161,26,19
1055,120,139,319,333,19,14
1056,118,135,341,354,17,13
1057,118,134,116,128,16,12
1058,168,186,16,30,18,14
1059,122,152,74,97,30,23
1060,86,102,314,326,16,12
1061,80,98,286,299,18,13
1062,80,95,276,288,15,12
1063,71,80,183,190,9,7
1064,71,81,132,139,10,7
1065,67,75,121,127,8,6
1066,99,112,69,78,13,9
1067,98,115,44,56,17,12
1068,105,121,27,39,16,12
1069,106,122,10,22,16,12
1070,76,94,136,150,18,14
1071,75,89,155,166,14,11
1072,91,110,169,182,19,13
1073,103,124,186,202,21,16
1074,102,127,317,336,25,19
1075,100,120,246,261,20,15
1076,102,128,51,71,26,20
1077,98,120,18,34,22,16
1078,97,117,2,17,20,15
1079,81,99,188,201,18,13
1080,95,117,268,284,22,16
1081,96,120,226,244,24,18
1082,89,105,240,253,16,13
1083,97,118,40,56,21,16
1084,98,118,3,18,20,15
1085,90,106,67,79,16,12
1086,92,108,54,66,16,12
1087,86,104,39,52,18,13
1088,88,101,26,36,13,10
1089,85,102,277,291,17,14
1090,90,105,193,205,15,12
1091,81,93,7,16,12,9
1092,74,85,24,32,11,8
1093,96,132,139,165,36,26
1094,63,90,180,200,27,20
1095,95,125,215,238,30,23
1096,74,105,271,293,31,22
1097,118,157,319,348,39,29
1098,114,157,303,336,43,33
1099,97,119,30,46,22,16
1100,69,80,27,35,11,8
1101,68,79,44,52,11,8
1102,173,229,257,298,56,41
1103,96,129,332,357,33,25
1104,90,113,312,329,23,17
1105,115,142,297,318,27,21
1106,107,129,178,194,22,16
1107,102,118,172,184,16,12
1108,83,103,160,174,20,14
1109,68,85,163,176,17,13
1110,91,111,195,210,20,15
1111,57,68,39,47,11,8
1112,50,66,41,53,16,12
1113,143,188,247,281,45,34
1114,116,146,271,293,30,22
1115,115,141,200,220,26,20
1116,108,137,176,198,29,22
1117,87,112,161,179,25,18
1118,97,117,194,209,20,15
1119,92,112,218,233,20,15
1120,210,239,321,344,29,23
1121,58,78,235,249,20,14
1122,141,176,271,297,35,26
1123,191,237,276,311,46,35
1124,172,226,322,363,54,41
1125,91,110,324,338,19,14
1126,90,108,312,326,18,14
1127,87,103,290,302,16,12
1128,82,100,263,277,18,14
1129,129,161,6,30,32,24
1130,76,88,81,91,12,10
1131,188,237,163,201,49,38
1132,117,143,208,228,26,20
1133,120,146,230,250,26,20
1134,113,137,235,253,24,18
1135,93,110,319,332,17,13
1136,90,105,310,321,15,11
1137,83,100,294,307,17,13
1138,82,98,280,292,16,12
1139,86,101,269,280,15,11
1140,82,95,262,272,13,10
1141,148,176,67,88,28,21
1142,113,138,2,21,25,19
1143,106,127,24,40,21,16
1144,87,102,46,58,15,12
1145,100,120,31,46,20,15
1146,132,164,46,69,32,23
1147,60,82,241,258,22,17
1148,59,84,226,244,25,18
1149,44,59,175,187,15,12
1150,118,160,304,335,42,31
1151,123,159,333,360,36,27
1152,86,119,269,293,33,24
1153,98,123,181,200,25,19
1154,104,128,217,235,24,18
1155,101,120,234,249,19,15
1156,83,105,119,136,22,17
1157,85,102,110,123,17,13
1158,81,96,99,110,15,11
1159,117,139,8,24,22,16
1160,114,135,315,331,21,16
1161,83,101,74,87,18,13
1162,89,102,63,73,13,10
1163,111,137,331,351,26,20
1164,109,135,281,300,26,19
1165,108,131,299,316,23,17
1166,94,113,333,347,19,14
1167,80,97,264,277,17,13
1168,80,100,253,268,20,15
1169,97,117,260,275,20,15
1170,49,66,195,208,17,13
1171,46,68,185,201,22,16
1172,92,120,237,259,28,22
1173,66,93,256,276,27,20
1174,80,107,299,319,27,20
1175,110,137,311,331,27,20
1176,110,142,329,353,32,24
1177,105,136,323,346,31,23
1178,121,137,339,350,16,11
1179,115,130,322,334,15,12
1180,132,149,43,55,17,12
1181,150,168,25,39,18,14
1182,153,172,2,16,19,14
1183,55,71,198,210,16,12
1184,82,111,319,341,29,22
1185,83,114,297,321,31,24
1186,67,95,264,285,28,21
1187,68,93,244,262,25,18
1188,43,56,174,183,13,9
1189,43,54,165,173,11,8
1190,116,142,8,28,26,20
1191,107,127,41,57,20,16
1192,107,127,31,46,20,15
1193,84,104,61,76,20,15
1194,98,120,292,309,22,17
1195,95,119,281,300,24,19
1196,79,96,246,259,17,13
1197,191,222,1,24,31,23
1198,156,183,332,353,27,21
1199,147,169,224,241,22,17
1200,137,158,202,218,21,16
1201,133,148,195,207,15,12
1202,134,153,180,194,19,14
1203,130,146,342,354,16,12
1204,122,135,299,309,13,10
1205,132,149,251,263,17,12
1206,129,142,218,228,13,10
1207,129,144,238,249,15,11
1208,131,144,230,240,13,10
1209,134,151,77,89,17,12
1210,149,192,57,90,43,33
1211,95,121,306,325,26,19
1212,88,117,317,339,29,22
1213,97,133,331,358,36,27
1214,54,75,208,224,21,16
1215,90,110,169,184,20,15
1216,90,112,266,282,22,16
1217,95,114,338,352,19,14
1218,97,117,5,20,20,15
1219,67,83,250,262,16,12
1220,38,51,211,221,13,10
1221,41,55,178,188,14,10
1222,52,67,274,285,15,11
1223,88,115,321,341,27,20
1224,35,49,84,94,14,10
1225,142,161,100,115,19,15
1226,168,190,14,30,22,16
1227,190,224,30,55,34,25
1228,100,138,305,334,38,29
1229,61,80,235,249,19,14
1230,66,95,75,96,29,21
1231,40,58,181,194,18,13
1232,40,54,152,162,14,10
1233,29,39,133,141,10,8
1234,30,40,124,132,10,8
1235,28,36,91,98,8,7
1236,124,156,103,127,32,24
1237,93,115,168,184,22,16
1238,91,112,157,173,21,16
1239,91,110,323,337,19,14
1240,79,93,282,292,14,10
1241,96,115,80,95,19,15
1242,96,116,42,57,20,15
1243,82,98,258,269,16,11
1244,101,129,319,340,28,21
1245,105,136,255,278,31,23
1246,63,88,252,270,25,18
1247,160,206,308,343,46,35
1248,142,181,291,320,39,29
1249,88,111,257,274,23,17
1250,125,154,89,111,29,22
1251,83,104,72,87,21,15
1252,76,95,87,102,19,15
1253,59,73,162,172,14,10
1254,56,67,176,184,11,8
1255,66,85,254,269,19,15
1256,85,108,218,235,23,17
1257,68,83,266,277,15,11
1258,137,180,166,198,43,32
1259,128,158,138,160,30,22
1260,134,164,131,153,30,22
1261,124,150,84,104,26,20
1262,126,159,75,100,33,25
1263,132,160,68,90,28,22
1264,204,235,20,43,31,23
1265,152,169,66,78,17,12
1266,140,154,91,101,14,10
1267,127,136,125,132,9,7
1268,125,137,118,127,12,9
1269,127,136,187,194,9,7
1270,125,137,198,207,12,9
1271,60,75,58,69,15,11
1272,36,46,185,192,10,7
1273,36,46,194,202,10,8
1274,55,83,233,254,28,21
1275,28,36,55,61,8,6
1276,25,35,94,102,10,8
1277,86,122,172,199,36,27
1278,56,76,140,155,20,15
1279,32,44,76,86,12,10
1280,76,113,297,324,37,27
1281,90,122,270,293,32,23
1282,91,124,249,274,33,25
1283,34,47,50,60,13,10
1284,128,155,28,48,27,20
1285,77,93,2,14,16,12
1286,98,117,1,15,19,14
1287,90,105,221,231,15,10
1288,90,104,184,194,14,10
1289,95,115,326,341,20,15
1290,95,111,343,355,16,12
1291,71,83,247,256,12,9
1292,85,100,309,320,15,11
1293,82,98,21,32,16,11
1294,128,170,225,256,42,31
1295,128,161,208,232,33,24
1296,186,228,263,294,42,31
1297,99,124,170,188,25,18
1298,102,125,297,315,23,18
1299,110,134,274,292,24,18
1300,100,127,320,340,27,20
1301,93,114,29,45,21,16
1302,78,99,156,172,21,16
1303,80,98,167,181,18,14
1304,56,71,48,59,15,11
1305,54,69,38,49,15,11
1306,146,171,325,344,25,19
1307,151,168,315,327,17,12
1308,150,176,46,65,26,19
1309,156,176,63,78,20,15
1310,132,151,62,76,19,14
1311,152,169,21,34,17,13
1312,156,178,31,47,22,16
1313,130,140,190,197,10,7
1314,156,186,325,348,30,23
1315,148,169,319,335,21,16
1316,95,105,240,247,10,7
1317,94,107,218,227,13,9
1318,146,170,25,43,24,18
1319,139,155,13,25,16,12
1320,139,164,51,70,25,19
1321,112,121,134,141,9,7
1322,115,128,324,334,13,10
1323,115,132,340,353,17,13
1324,116,132,310,322,16,12
1325,146,168,52,69,22,17
1326,136,156,2,17,20,15
1327,149,173,328,346,24,18
1328,127,144,58,71,17,13
1329,130,144,48,58,14,10
1330,149,186,235,263,37,28
1331,159,195,270,297,36,27
1332,151,200,288,325,49,37
1333,184,232,221,257,48,36
1334,126,148,217,233,22,16
1335,112,132,181,195,20,14
1336,83,104,149,165,21,16
1337,143,166,57,74,23,17
1338,124,146,58,74,22,16
1339,150,181,257,280,31,23
1340,143,171,163,185,28,22
1341,139,166,144,165,27,21
1342,145,171,108,128,26,20
1343,149,168,38,52,19,14
1344,130,148,34,47,18,13
1345,132,149,41,53,17,12
1346,140,164,48,66,24,18
1347,195,237,229,260,42,31
1348,200,236,163,190,36,27
1349,200,237,99,126,37,27
1350,52,62,187,195,10,8
1351,49,62,217,227,13,10
1352,45,56,205,213,11,8
1353,112,141,258,280,29,22
1354,112,130,246,260,18,14
1355,112,140,224,245,28,21
1356,119,146,213,233,27,20
1357,121,152,170,194,31,24
1358,200,237,292,320,37,28
1359,81,98,208,221,17,13
1360,72,85,158,168,13,10
1361,67,79,170,179,12,9
1362,69,78,154,160,9,6
1363,79,94,265,276,15,11
1364,76,91,239,251,15,12
1365,68,80,226,236,12,10
1366,70,82,131,140,12,9
1367,94,118,32,50,24,18
1368,95,113,335,349,18,14
1369,90,107,325,337,17,12
1370,63,81,284,298,18,14
1371,58,80,269,285,22,16
1372,51,66,237,249,15,12
1373,85,104,292,306,19,14
1374,83,102,274,287,19,13
1375,74,89,257,268,15,11
1376,77,95,248,261,18,13
1377,134,158,86,104,24,18
1378,127,161,73,99,34,26
1379,125,151,8,27,26,19
1380,73,93,194,209,20,15
1381,80,100,227,242,20,15
1382,119,141,194,210,22,16
1383,116,150,56,81,34,25
1384,87,106,331,345,19,14
1385,78,97,273,287,19,14
1386,107,123,230,242,16,12
1387,88,100,247,256,12,9
1388,119,158,218,247,39,29
1389,69,95,242,261,26,19
1390,83,112,288,309,29,21
1391,62,74,71,80,12,9
1392,35,46,176,185,11,9
1393,34,49,182,193,15,11
1394,42,54,273,281,12,8
1395,45,57,280,289,12,9
1396,35,48,164,174,13,10
1397,34,46,282,291,12,9
1398,144,166,96,112,22,16
1399,144,168,17,35,24,18
1400,149,168,32,46,19,14
1401,116,127,104,112,11,8
1402,110,126,120,133,16,13
1403,131,147,44,56,16,12
1404,130,149,29,43,19,14
1405,114,127,332,341,13,9
1406,117,134,311,324,17,13
1407,105,122,143,155,17,12
1408,113,143,165,187,30,22
1409,107,140,106,131,33,25
1410,54,66,169,178,12,9
1411,53,63,159,167,10,8
1412,54,63,153,160,9,7
1413,53,67,62,72,14,10
1414,49,59,59,67,10,8
1415,61,70,17,24,9,7
1416,59,71,20,29,12,9
1417,56,68,27,36,12,9
1418,63,74,194,202,11,8
1419,61,75,183,194,14,11
1420,64,80,209,220,16,11
1421,84,100,317,329,16,12
1422,84,100,301,314,16,13
1423,83,99,294,306,16,12
1424,88,107,331,345,19,14
1425,80,93,250,260,13,10
1426,74,86,232,241,12,9
1427,76,94,237,251,18,14
1428,110,132,15,32,22,17
1429,118,130,187,196,12,9
1430,122,129,175,181,7,6
1431,127,136,156,162,9,6
1432,126,134,152,158,8,6
1433,127,135,146,152,8,6
1434,117,126,152,159,9,7
1435,145,158,95,105,13,10
1436,126,135,124,131,9,7
1437,68,79,163,172,11,9
1438,69,80,151,160,11,9
1439,76,91,262,273,15,11
1440,74,91,251,264,17,13
1441,78,95,240,253,17,13
1442,70,81,143,151,11,8
1443,68,74,138,142,6,4
1444,69,82,120,129,13,9
1445,93,109,62,74,16,12
1446,83,96,59,69,13,10
1447,83,100,76,89,17,13
1448,132,160,88,110,28,22
1449,132,161,74,96,29,22
1450,88,103,175,186,15,11
1451,83,107,187,204,24,17
1452,78,92,168,179,14,11
1453,98,122,52,70,24,18
1454,93,117,88,106,24,18
1455,93,110,256,269,17,13
1456,88,107,236,251,19,15
1457,76,83,241,247,7,6
1458,77,87,271,279,10,8
1459,95,116,290,305,21,15
1460,90,108,278,291,18,13
1461,51,68,198,211,17,13
1462,58,78,234,249,20,15
1463,60,78,220,234,18,14
1464,33,44,131,139,11,8
1465,95,120,48,67,25,19
1466,130,164,242,267,34,25
1467,104,127,133,150,23,17
1468,90,112,166,183,22,17
1469,99,126,152,172,27,20
1470,106,132,231,251,26,20
1471,88,107,226,240,19,14
1472,91,110,341,355,19,14
1473,76,83,246,251,7,5
1474,72,83,249,257,11,8
1475,78,88,269,276,10,7
1476,105,127,10,26,22,16
1477,70,85,238,249,15,11
1478,76,91,275,286,15,11
1479,68,85,269,282,17,13
1480,57,71,181,191,14,10
1481,90,111,77,93,21,16
1482,83,101,99,112,18,13
1483,71,88,229,242,17,13
1484,106,136,337,359,30,22
1485,59,73,191,202,14,11
1486,56,74,184,198,18,14
1487,57,71,181,191,14,10
1488,56,68,169,178,12,9
1489,51,61,156,164,10,8
1490,46,59,148,158,13,10
1491,47,58,139,147,11,8
1492,83,112,216,238,29,22
1493,84,111,84,104,27,20
1494,105,141,0,27,36,27
1495,49,63,279,289,14,10
1496,49,65,272,285,16,13
1497,88,122,259,285,34,26
1498,89,124,268,294,35,26
1499,81,107,330,349,26,19
1500,89,115,304,323,26,19
1501,83,107,297,315,24,18
1502,84,107,313,330,23,17
1503,68,87,314,328,19,14
1504,70,90,304,319,20,15
1505,61,83,296,312,22,16
1506,65,84,292,306,19,14
1507,47,58,74,82,11,8
1508,79,107,106,127,28,21
1509,76,107,96,119,31,23
1510,77,108,84,108,31,24
1511,107,139,337,361,32,24
1512,34,49,73,85,15,12
1513,120,156,3,30,36,27
1514,72,93,270,285,21,15
1515,86,109,78,95,23,17
1516,85,110,71,89,25,18
1517,87,112,62,81,25,19
1518,57,70,169,178,13,9
1519,55,68,196,205,13,9
1520,71,90,256,271,19,15
1521,83,101,272,286,18,14
1522,83,102,279,293,19,14
1523,102,129,230,250,27,20
1524,101,126,285,303,25,18
1525,94,117,192,209,23,17
1526,93,115,200,216,22,16
1527,102,130,160,181,28,21
1528,113,140,36,56,27,20
1529,85,110,225,244,25,19
1530,100,121,24,39,21,15
1531,110,142,310,334,32,24
1532,90,113,290,308,23,18
1533,95,112,279,292,17,13
1534,88,111,262,279,23,17
1535,95,117,57,74,22,17
1536,119,142,15,32,23,17
1537,113,134,31,47,21,16
1538,102,118,38,50,16,12
1539,106,122,26,38,16,12
1540,73,87,102,113,14,11
1541,68,80,110,119,12,9
1542,217,239,261,278,22,17
1543,164,224,321,366,60,45
1544,155,210,275,316,55,41
1545,161,210,259,295,49,36
1546,107,137,226,248,30,22
1547,107,137,209,231,30,22
1548,71,87,163,175,16,12
1549,102,130,177,198,28,21
1550,139,193,51,91,54,40
1551,115,145,145,168,30,23
1552,49,62,183,193,13,10
1553,47,62,189,200,15,11
1554,42,62,164,179,20,15
1555,85,107,291,308,22,17
1556,113,150,194,222,37,28
1557,102,136,230,255,34,25
1558,100,131,222,245,31,23
1559,95,119,164,182,24,18
1560,75,95,168,183,20,15
1561,92,120,58,79,28,21
1562,71,109,33,61,38,28
1563,53,77,22,40,24,18
1564,44,68,25,43,24,18
1565,39,58,52,66,19,14
1566,138,161,37,54,23,17
1567,134,163,21,42,29,21
1568,156,187,306,330,31,24
1569,108,146,322,350,38,28
1570,83,111,321,342,28,21
1571,68,93,235,255,25,20
1572,51,71,211,226,20,15
1573,200,238,4,32,38,28
1574,106,128,15,32,22,17
1575,59,73,193,204,14,11
1576,52,65,179,188,13,9
1577,55,67,175,184,12,9
1578,61,71,171,178,10,7
1579,99,124,108,128,25,20
1580,101,119,182,196,18,14
1581,95,122,196,216,27,20
1582,102,126,206,223,24,17
1583,101,125,215,234,24,19
1584,102,124,225,241,22,16
1585,71,88,152,165,17,13
1586,223,237,68,79,14,11
1587,168,198,78,100,30,22
1588,166,194,65,86,28,21
1589,165,194,55,77,29,22
1590,164,191,46,66,27,20
1591,125,137,124,133,12,9
1592,127,137,120,127,10,7
1593,121,150,130,152,29,22
1594,112,139,264,285,27,21
1595,103,132,211,232,29,21
1596,98,127,328,350,29,22
1597,84,101,284,297,17,13
1598,85,105,38,53,20,15
1599,133,163,2,24,30,22
1600,78,91,283,293,13,10
1601,114,159,323,357,45,34
1602,124,157,316,341,33,25
1603,110,139,301,323,29,22
1604,117,139,295,311,22,16
1605,117,136,284,298,19,14
1606,91,115,282,299,24,17
1607,94,112,292,305,18,13
1608,78,94,248,260,16,12
1609,110,133,22,40,23,18
1610,93,116,53,70,23,17
1611,72,88,234,246,16,12
1612,59,78,219,233,19,14
1613,110,139,17,38,29,21
1614,100,124,245,263,24,18
1615,68,83,130,140,15,10
1616,78,92,121,131,14,10
1617,79,96,168,180,17,12
1618,67,80,170,180,13,10
1619,88,113,314,333,25,19
1620,61,80,293,307,19,14
1621,48,65,286,298,17,12
1622,71,94,326,343,23,17
1623,67,84,312,325,17,13
1624,102,129,9,30,27,21
1625,54,66,23,32,12,9
1626,72,91,344,358,19,14
1627,49,64,32,43,15,11
1628,49,68,24,39,19,15
1629,49,65,18,29,16,11
1630,64,86,285,302,22,17
1631,71,97,304,324,26,20
1632,81,109,329,350,28,21
1633,97,123,336,356,26,20
1634,66,88,315,332,22,17
1635,173,217,331,364,44,33
1636,169,216,313,348,47,35
1637,154,195,306,336,41,30
1638,143,181,297,325,38,28
1639,132,173,266,296,41,30
1640,150,195,221,255,45,34
1641,142,180,206,234,38,28
1642,136,171,191,217,35,26
1643,126,154,207,229,28,22
1644,132,168,233,260,36,27
1645,105,128,311,328,23,17
1646,96,122,165,184,26,19
1647,98,126,177,198,28,21
1648,98,120,230,246,22,16
1649,99,120,215,230,21,15
1650,103,129,203,222,26,19
1651,106,130,193,212,24,19
1652,100,125,266,284,25,18
1653,91,120,296,317,29,21
1654,76,96,242,258,20,16
1655,54,69,185,196,15,11
1656,54,68,180,190,14,10
1657,51,68,172,185,17,13
1658,76,96,278,293,20,15
1659,73,91,274,287,18,13
1660,70,88,265,279,18,14
1661,71,90,256,271,19,15
1662,85,107,186,202,22,16
1663,72,88,15,27,16,12
1664,105,136,318,341,31,23
1665,103,129,300,320,26,20
1666,46,64,256,269,18,13
1667,48,63,231,243,15,12
1668,36,48,180,189,12,9
1669,37,50,174,183,13,9
1670,127,162,3,30,35,27
1671,111,140,314,336,29,22
1672,82,100,301,315,18,14
1673,89,102,286,296,13,10
1674,95,121,16,35,26,19
1675,97,120,30,47,23,17
1676,133,168,81,108,35,27
1677,82,102,311,327,20,16
1678,90,114,25,43,24,18
1679,113,139,36,55,26,19
1680,80,94,251,261,14,10
1681,82,98,286,298,16,12
1682,158,181,67,85,23,18
1683,116,121,167,170,5,3
1684,56,67,24,32,11,8
1685,57,66,19,26,9,7
1686,58,84,211,231,26,20
1687,113,140,234,254,27,20
1688,64,76,209,218,12,9
1689,146,184,4,32,38,28
1690,99,124,50,69,25,19
1691,102,125,33,51,23,18
1692,100,121,24,39,21,15
1693,104,125,1,17,21,16
1694,82,111,283,305,29,22
1695,53,68,97,109,15,12
1696,154,195,315,346,41,31
1697,147,187,310,339,40,29
1698,128,157,326,348,29,22
1699,108,131,330,347,23,17
1700,105,135,310,332,30,22
1701,104,124,287,302,20,15
1702,98,123,275,293,25,18
1703,78,107,251,273,29,22
1704,72,95,224,242,23,18
1705,100,129,25,47,29,22
1706,100,124,36,54,24,18
1707,90,118,50,71,28,21
1708,88,100,95,105,12,10
1709,69,86,90,102,17,12
1710,203,237,289,314,34,25
1711,207,237,230,252,30,22
1712,222,237,236,247,15,11
1713,198,236,143,171,38,28
1714,181,222,8,39,41,31
1715,70,90,151,166,20,15
1716,68,81,164,174,13,10
1717,57,71,180,190,14,10
1718,54,67,184,194,13,10
1719,98,130,335,359,32,24
1720,84,122,312,340,38,28
1721,84,120,328,355,36,27
1722,88,117,337,359,29,22
1723,36,54,60,73,18,13
1724,34,56,49,66,22,17
1725,110,139,15,38,29,23
1726,93,120,270,290,27,20
1727,74,94,267,282,20,15
1728,71,93,258,274,22,16
1729,104,130,299,319,26,20
1730,97,124,290,311,27,21
1731,95,124,309,331,29,22
1732,98,123,340,359,25,19
1733,74,92,100,113,18,13
1734,79,95,91,104,16,13
1735,87,105,100,114,18,14
1736,89,108,76,90,19,14
1737,87,117,56,79,30,23
1738,88,112,43,61,24,18
1739,193,237,272,306,44,34
1740,132,164,230,253,32,23
1741,132,161,220,241,29,21
1742,124,149,215,233,25,18
1743,123,147,230,248,24,18
1744,113,141,196,216,28,20
1745,100,125,174,193,25,19
1746,92,116,164,182,24,18
1747,100,126,308,328,26,20
1748,58,71,182,192,13,10
1749,58,70,179,188,12,9
1750,58,71,174,183,13,9
1751,51,61,198,205,10,7
1752,89,107,225,238,18,13
1753,78,93,183,194,15,11
1754,103,126,7,24,23,17
1755,93,112,330,344,19,14
1756,100,115,337,349,15,12
1757,95,111,342,354,16,12
1758,211,239,305,326,28,21
1759,181,238,276,319,57,43
1760,164,213,261,298,49,37
1761,115,144,189,211,29,22
1762,105,130,232,251,25,19
1763,83,102,161,175,19,14
1764,95,112,197,210,17,13
1765,200,235,326,352,35,26
1766,226,239,308,317,13,9
1767,149,174,10,29,25,19
1768,148,169,1,17,21,16
1769,132,153,38,54,21,16
1770,124,142,326,340,18,14
1771,125,139,336,346,14,10
1772,130,154,13,31,24,18
1773,112,126,130,141,14,11
1774,62,74,204,213,12,9
1775,120,153,-1,24,33,25
1776,93,114,290,306,21,16
1777,92,110,282,296,18,14
1778,63,77,57,67,14,10
1779,97,115,113,127,18,14
1780,91,105,11,22,14,11
1781,94,111,2,15,17,13
1782,102,121,141,156,19,15
1783,102,121,188,202,19,14
1784,107,134,210,230,27,20
1785,105,132,226,247,27,21
1786,98,122,223,241,24,18
1787,93,110,216,228,17,12
1788,80,98,163,176,18,13
1789,91,119,316,337,28,21
1790,64,72,26,32,8,6
1791,62,71,19,26,9,7
1792,54,63,27,34,9,7
1793,62,75,190,199,13,9
1794,80,97,294,306,17,12
1795,55,65,164,171,10,7
1796,91,114,252,269,23,17
1797,96,118,186,203,22,17
1798,95,115,179,194,20,15
1799,91,111,165,180,20,15
1800,92,115,128,145,23,17
1801,94,120,102,121,26,19
1802,93,112,326,340,19,14
1803,94,112,341,354,18,13
1804,71,83,250,260,12,10
1805,107,157,193,230,50,37
1806,110,156,322,357,46,35
1807,73,107,306,331,34,25
1808,112,146,107,133,34,26
1809,116,152,101,128,36,27
1810,136,189,94,134,53,40
1811,56,78,224,241,22,17
1812,62,85,257,274,23,17
1813,147,181,114,139,34,25
1814,118,132,110,121,14,11
1815,117,130,99,109,13,10
1816,106,122,128,139,16,11
1817,188,222,0,25,34,25
1818,225,239,6,16,14,10
1819,149,168,187,201,19,14
1820,122,155,186,210,33,24
1821,139,177,241,269,38,28
1822,139,171,280,304,32,24
1823,180,227,289,324,47,35
1824,163,205,310,342,42,32
1825,156,208,321,360,52,39
1826,144,176,322,345,32,23
1827,144,174,302,325,30,23
1828,116,145,272,294,29,22
1829,114,143,261,283,29,22
1830,132,162,220,243,30,23
1831,125,151,214,233,26,19
1832,126,147,231,247,21,16
1833,120,142,242,259,22,17
1834,119,142,297,314,23,17
1835,101,120,224,239,19,15
1836,98,117,206,220,19,14
1837,100,119,186,200,19,14
1838,89,115,155,175,26,20
1839,95,115,174,189,20,15
1840,83,100,180,193,17,13
1841,190,213,43,61,23,18
1842,168,198,12,34,30,22
1843,144,161,92,104,17,12
1844,133,144,121,129,11,8
1845,122,134,289,299,12,10
1846,110,145,40,66,35,26
1847,106,144,247,275,38,28
1848,63,84,205,220,21,15
1849,46,68,178,194,22,16
1850,33,44,63,71,11,8
1851,37,44,57,62,7,5
1852,36,48,53,61,12,8
1853,39,49,49,56,10,7
1854,29,37,43,49,8,6
1855,86,105,75,89,19,14
1856,50,61,220,228,11,8
1857,45,51,260,264,6,4
1858,87,105,85,98,18,13
1859,85,103,268,282,18,14
1860,80,94,276,286,14,10
1861,86,102,7,19,16,12
1862,87,104,46,59,17,13
1863,88,107,55,69,19,14
1864,91,109,73,86,18,13
1865,54,61,145,151,7,6
1866,127,161,43,68,34,25
1867,72,89,227,240,17,13
1868,64,84,212,227,20,15
1869,94,114,168,183,20,15
1870,68,90,254,270,22,16
1871,78,99,296,311,21,15
1872,67,81,240,250,14,10
1873,64,83,208,221,19,13
1874,61,76,201,212,15,11
1875,66,80,196,207,14,11
1876,55,66,179,187,11,8
1877,51,61,144,152,10,8
1878,100,124,8,26,24,18
1879,104,121,5,18,17,13
1880,60,70,30,37,10,7
1881,63,70,23,28,7,5
1882,63,72,18,24,9,6
1883,62,72,12,20,10,8
1884,49,58,27,33,9,6
1885,83,111,223,244,28,21
1886,85,108,265,283,23,18
1887,84,107,256,274,23,18
1888,90,117,281,300,27,19
1889,83,105,46,63,22,17
1890,79,103,89,107,24,18
1891,80,102,138,154,22,16
1892,76,93,149,161,17,12
1893,69,85,265,277,16,12
1894,68,84,257,270,16,13
1895,84,115,308,331,31,23
1896,72,94,297,314,22,17
1897,122,164,334,365,42,31
1898,58,76,22,34,18,12
1899,49,63,274,284,14,10
1900,135,181,303,337,46,34
1901,139,174,301,327,35,26
1902,85,117,266,289,32,23
1903,95,133,202,230,38,28
1904,74,106,47,71,32,24
1905,80,106,37,56,26,19
1906,82,108,22,41,26,19
1907,65,84,8,22,19,14
1908,56,71,12,24,15,12
1909,56,69,8,18,13,10
1910,55,72,0,13,17,13
1911,30,44,61,72,14,11
1912,197,238,312,343,41,31
1913,96,114,337,350,18,13
1914,96,117,43,59,21,16
1915,191,237,303,338,46,35
1916,168,210,249,280,42,31
1917,100,129,116,137,29,21
1918,207,238,264,287,31,23
1919,212,238,235,255,26,20
1920,192,231,246,275,39,29
1921,187,217,242,265,30,23
1922,165,216,326,364,51,38
1923,70,83,124,134,13,10
1924,47,57,239,247,10,8
1925,49,57,253,259,8,6
1926,53,60,203,209,7,6
1927,53,61,199,206,8,7
1928,89,112,329,346,23,17
1929,85,114,316,338,29,22
1930,74,92,320,333,18,13
1931,63,85,319,335,22,16
1932,55,76,288,304,21,16
1933,45,62,266,278,17,12
1934,36,50,252,262,14,10
1935,68,93,220,239,25,19
1936,76,104,191,211,28,20
1937,68,95,179,200,27,21
1938,51,73,229,245,22,16
1939,57,75,275,289,18,14
1940,30,41,248,256,11,8
1941,83,107,305,323,24,18
1942,85,103,299,312,18,13
1943,77,111,275,300,34,25
1944,83,106,274,291,23,17
1945,82,106,265,283,24,18
1946,41,55,271,282,14,11
1947,142,169,9,29,27,20
1948,144,166,-1,17,22,18
1949,127,153,32,52,26,20
1950,129,146,67,80,17,13
1951,144,170,309,328,26,19
1952,120,135,113,124,15,11
1953,110,136,8,28,26,20
1954,88,107,2,16,19,14
1955,93,117,44,62,24,18
1956,81,100,67,81,19,14
1957,121,159,325,354,38,29
1958,106,132,307,327,26,20
1959,107,131,299,317,24,18
1960,90,111,278,294,21,16
1961,78,100,265,282,22,17
1962,66,78,265,273,12,8
1963,67,79,259,268,12,9
1964,66,81,254,266,15,12
1965,49,59,158,166,10,8
1966,49,58,156,163,9,7
1967,39,47,203,209,8,6
1968,148,166,30,43,18,13
1969,76,92,285,296,16,11
1970,89,100,220,229,11,9
1971,95,113,82,96,18,14
1972,85,98,25,34,13,9
1973,98,112,321,332,14,11
1974,95,105,318,326,10,8
1975,112,133,274,290,21,16
1976,112,135,72,90,23,18
1977,103,126,59,76,23,17
1978,124,148,38,56,24,18
1979,127,156,20,41,29,21
1980,76,88,254,263,12,9
1981,77,88,285,293,11,8
1982,54,73,3,18,19,15
1983,27,38,87,95,11,8
1984,24,34,94,102,10,8
1985,132,161,21,42,29,21
1986,115,134,4,18,19,14
1987,77,94,289,302,17,13
1988,85,102,329,343,17,14
1989,85,100,327,338,15,11
1990,88,112,282,300,24,18
1991,90,110,293,308,20,15
1992,72,87,235,246,15,11
1993,71,87,230,243,16,13
1994,59,71,176,184,12,8
1995,49,61,141,149,12,8
1996,92,120,340,361,28,21
1997,85,110,313,331,25,18
1998,68,85,320,332,17,12
1999,64,82,310,323,18,13
2000,63,82,301,315,19,14
2001,53,67,273,284,14,11
2002,108,137,20,41,29,21
2003,62,74,167,176,12,9
2004,54,64,189,197,10,8
2005,192,237,227,261,45,34
2006,87,102,332,344,15,12
2007,89,102,327,336,13,9
2008,90,107,314,327,17,13
2009,83,96,314,324,13,10
2010,107,130,92,110,23,18
2011,70,80,150,158,10,8
2012,71,80,142,149,9,7
2013,129,138,147,154,9,7
2014,129,137,124,129,8,5
2015,126,134,128,134,8,6
2016,101,132,321,345,31,24
2017,86,107,317,333,21,16
2018,80,108,306,327,28,21
2019,90,119,306,328,29,22
2020,93,122,278,300,29,22
2021,95,116,270,286,21,16
2022,51,68,48,61,17,13
2023,44,63,15,29,19,14
2024,89,120,102,125,31,23
2025,78,105,307,328,27,21
2026,68,90,301,317,22,16
2027,68,83,315,327,15,12
2028,51,66,292,302,15,10
2029,87,108,98,114,21,16
2030,194,237,326,358,43,32
2031,187,233,316,350,46,34
2032,60,85,-1,18,25,19
2033,33,51,59,72,18,13
2034,41,63,14,29,22,15
2035,37,61,29,47,24,18
2036,39,54,42,52,15,10
2037,36,51,49,60,15,11
2038,184,214,10,32,30,22
2039,186,210,27,45,24,18
2040,155,170,68,79,15,11
2041,149,171,60,77,22,17
2042,134,143,115,122,9,7
2043,92,122,279,302,30,23
2044,83,111,310,331,28,21
2045,85,112,300,320,27,20
2046,95,120,337,356,25,19
2047,61,81,305,321,20,16
2048,44,57,276,286,13,10
2049,56,73,294,307,17,13
2050,35,47,252,261,12,9
2051,102,126,313,331,24,18
2052,56,66,178,185,10,7
2053,57,64,175,180,7,5
2054,171,211,54,84,40,30
2055,85,115,313,335,30,22
2056,83,111,297,318,28,21
2057,51,73,23,40,22,17
2058,98,129,325,348,31,23
2059,80,111,291,314,31,23
2060,119,129,256,263,10,7
2061,124,132,120,126,8,6
2062,122,155,217,242,33,25
2063,129,154,204,222,25,18
2064,118,149,192,215,31,23
2065,102,132,183,205,30,22
2066,100,122,174,191,22,17
2067,98,122,168,186,24,18
2068,95,115,161,177,20,16
2069,83,95,169,178,12,9
2070,92,112,211,227,20,16
2071,93,115,201,217,22,16
2072,95,115,190,205,20,15
2073,69,101,286,310,32,24
2074,75,102,267,287,27,20
2075,172,186,25,35,14,10
2076,172,186,18,28,14,10
2077,157,170,22,31,13,9
2078,122,171,329,367,49,38
2079,122,162,321,351,40,30
2080,100,128,331,352,28,21
2081,54,73,196,211,19,15
2082,51,72,209,225,21,16
2083,36,47,25,33,11,8
2084,181,230,92,129,49,37
2085,98,120,34,50,22,16
2086,165,215,188,226,50,38
2087,148,179,333,357,31,24
2088,171,198,335,355,27,20
2089,189,237,328,364,48,36
2090,51,70,233,247,19,14
2091,41,52,279,288,11,9
2092,37,48,185,193,11,8
2093,37,46,182,188,9,6
2094,36,44,198,204,8,6
2095,34,40,283,287,6,4
2096,74,96,8,25,22,17
2097,113,146,12,37,33,25
2098,118,144,29,48,26,19
2099,112,144,35,58,32,23
2100,48,63,200,212,15,12
2101,93,120,284,305,27,21
2102,62,73,292,300,11,8
2103,104,126,3,19,22,16
2104,86,107,30,46,21,16
2105,89,107,298,311,18,13
2106,78,94,284,296,16,12
2107,153,169,66,79,16,13
2108,127,138,152,160,11,8
2109,122,130,169,175,8,6
2110,123,130,187,192,7,5
2111,129,157,10,30,28,20
2112,121,149,7,28,28,21
2113,85,100,320,332,15,12
2114,64,78,211,221,14,10
2115,91,112,327,343,21,16
2116,49,61,143,152,12,9
2117,54,63,28,35,9,7
2118,86,105,276,290,19,14
2119,49,57,168,174,8,6
2120,48,56,165,171,8,6
2121,63,74,118,126,11,8
2122,98,126,139,160,28,21
2123,100,135,159,185,35,26
2124,105,129,187,205,24,18
2125,98,126,224,245,28,21
2126,61,79,158,172,18,14
2127,92,118,38,58,26,20
2128,88,111,183,201,23,18
2129,88,119,317,341,31,24
2130,78,98,326,341,20,15
2131,82,109,288,308,27,20
2132,68,88,310,325,20,15
2133,50,66,289,301,16,12
2134,102,124,286,303,22,17
2135,98,119,279,295,21,16
2136,85,105,265,280,20,15
2137,85,104,277,291,19,14
2138,80,102,287,303,22,16
2139,81,100,253,267,19,14
2140,82,105,177,194,23,17
2141,79,98,148,163,19,15
2142,107,134,16,36,27,20
2143,107,129,10,26,22,16
2144,108,130,3,20,22,17
2145,66,79,144,154,13,10
2146,105,127,30,46,22,16
2147,225,237,309,318,12,9
2148,196,239,333,365,43,32
2149,66,77,338,347,11,9
2150,89,116,238,258,27,20
2151,57,67,26,33,10,7
2152,56,67,20,28,11,8
2153,56,68,178,187,12,9
2154,55,66,169,177,11,8
2155,137,177,232,262,40,30
2156,137,175,218,247,38,29
2157,104,129,159,178,25,19
2158,78,93,160,171,15,11
2159,106,137,272,295,31,23
2160,93,124,310,333,31,23
2161,105,126,327,343,21,16
2162,110,131,243,259,21,16
2163,101,119,197,211,18,14
2164,93,107,203,213,14,10
2165,95,115,189,204,20,15
2166,99,115,184,196,16,12
2167,98,122,173,191,24,18
2168,91,107,166,178,16,12
2169,115,134,232,247,19,15
2170,110,132,216,233,22,17
2171,100,122,212,227,22,15
2172,102,124,230,246,22,16
2173,130,170,9,39,40,30
2174,85,106,52,68,21,16
2175,83,101,36,49,18,13
2176,112,150,325,354,38,29
2177,78,98,277,292,20,15
2178,78,97,263,278,19,15
2179,77,97,253,267,20,14
2180,68,82,254,264,14,10
2181,64,78,261,272,14,11
2182,83,103,88,104,20,16
2183,81,104,113,130,23,17
2184,161,210,39,75,49,36
2185,90,117,331,351,27,20
2186,93,117,324,342,24,18
2187,89,110,311,327,21,16
2188,78,97,276,290,19,14
2189,66,76,159,166,10,7
2190,85,106,316,332,21,16
2191,85,108,326,343,23,17
2192,102,124,326,342,22,16
2193,98,121,312,330,23,18
2194,96,122,297,316,26,19
2195,55,63,22,28,8,6
2196,115,153,324,353,38,29
2197,105,134,328,349,29,21
2198,105,142,306,334,37,28
2199,41,55,170,181,14,11
2200,46,61,171,183,15,12
2201,43,58,181,193,15,12
2202,132,178,213,248,46,35
2203,215,234,45,59,19,14
2204,187,206,36,51,19,15
2205,151,169,77,91,18,14
2206,150,175,59,78,25,19
2207,165,193,13,34,28,21
2208,90,118,279,300,28,21
2209,87,111,259,277,24,18
2210,74,90,263,274,16,11
2211,83,102,213,227,19,14
2212,86,104,209,222,18,13
2213,89,110,329,345,21,16
2214,93,111,341,355,18,14
2215,85,104,305,319,19,14
2216,138,167,9,31,29,22
2217,149,176,70,90,27,20
2218,144,171,97,117,27,20
2219,156,186,116,139,30,23
2220,142,176,128,153,34,25
2221,132,159,151,170,27,19
2222,142,168,158,179,26,21
2223,144,176,171,195,32,24
2224,134,162,212,233,28,21
2225,138,171,233,257,33,24
2226,148,177,250,272,29,22
2227,145,168,276,293,23,17
2228,146,173,283,303,27,20
2229,154,174,334,349,20,15
2230,72,96,269,287,24,18
2231,66,90,246,264,24,18
2232,57,71,245,255,14,10
2233,51,73,254,270,22,16
2234,44,61,180,192,17,12
2235,57,80,214,232,23,18
2236,113,137,247,265,24,18
2237,114,139,226,244,25,18
2238,122,142,219,234,20,15
2239,113,136,215,232,23,17
2240,116,150,105,131,34,26
2241,120,159,76,105,39,29
2242,120,151,59,82,31,23
2243,83,99,10,22,16,12
2244,96,130,325,350,34,25
2245,80,112,308,333,32,25
2246,59,86,12,32,27,20
2247,46,77,7,30,31,23
2248,103,139,154,181,36,27
2249,95,130,223,249,35,26
2250,84,112,305,327,28,22
2251,86,115,318,339,29,21
2252,83,117,331,356,34,25
2253,49,67,275,288,18,13
2254,164,186,16,32,22,16
2255,97,117,228,244,20,16
2256,93,116,216,233,23,17
2257,102,125,201,218,23,17
2258,101,126,165,184,25,19
2259,107,127,130,145,20,15
2260,98,116,133,146,18,13
2261,94,113,122,137,19,15
2262,100,124,115,132,24,17
2263,105,121,110,122,16,12
2264,105,124,101,116,19,15
2265,95,122,64,84,27,20
2266,97,112,2,14,15,12
2267,78,92,160,170,14,10
2268,139,172,261,286,33,25
2269,139,170,189,212,31,23
2270,144,174,97,120,30,23
2271,129,150,93,108,21,15
2272,124,148,62,80,24,18
2273,140,172,26,50,32,24
2274,104,120,133,144,16,11
2275,101,118,141,154,17,13
2276,102,117,151,162,15,11
2277,145,186,272,302,41,30
2278,156,203,242,277,47,35
2279,192,239,322,358,47,36
2280,225,239,239,250,14,11
2281,210,232,218,235,22,17
2282,193,220,207,227,27,20
2283,176,218,195,227,42,32
2284,200,238,139,167,38,28
2285,166,206,123,153,40,30
2286,161,197,132,158,36,26
2287,146,191,105,139,45,34
2288,151,199,61,97,48,36
2289,203,236,58,83,33,25
2290,205,239,39,65,34,26
2291,51,63,275,284,12,9
2292,95,124,49,71,29,22
2293,95,122,89,109,27,20
2294,89,113,114,132,24,18
2295,99,120,153,169,21,16
2296,106,136,224,246,30,22
2297,100,124,219,237,24,18
2298,102,124,201,218,22,17
2299,100,122,189,205,22,16
2300,90,109,169,182,19,13
2301,76,95,149,163,19,14
2302,76,94,156,169,18,13
2303,80,93,163,173,13,10
2304,63,74,7,16,11,9
2305,59,74,1,12,15,11
2306,113,159,245,279,46,34
2307,88,127,296,325,39,29
2308,125,154,231,252,29,21
2309,125,144,45,59,19,14
2310,151,166,32,43,15,11
2311,142,168,36,55,26,19
2312,151,168,29,42,17,13
2313,137,165,8,29,28,21
2314,124,146,62,79,22,17
2315,122,138,60,71,16,11
2316,117,136,316,330,19,14
2317,116,129,313,322,13,9
2318,176,193,2,15,17,13
2319,156,173,30,43,17,13
2320,142,161,35,49,19,14
2321,134,149,39,51,15,12
2322,144,166,91,107,22,16
2323,149,168,65,79,19,14
2324,154,169,50,61,15,11
2325,142,162,62,77,20,15
2326,225,239,45,55,14,10
2327,83,117,307,333,34,26
2328,80,109,298,320,29,22
2329,48,71,9,26,23,17
2330,59,83,5,22,24,17
2331,56,73,0,13,17,13
2332,28,44,241,252,16,11
2333,28,48,318,333,20,15
2334,29,46,312,325,17,13
2335,210,236,329,348,26,19
2336,214,236,296,313,22,17
2337,109,133,218,236,24,18
2338,96,122,227,246,26,19
2339,134,151,280,293,17,13
2340,127,149,261,277,22,16
2341,100,121,295,311,21,16
2342,101,120,264,278,19,14
2343,93,114,227,243,21,16
2344,95,120,238,257,25,19
2345,102,124,245,262,22,17
2346,78,96,162,176,18,14
2347,88,102,158,168,14,10
2348,103,124,175,191,21,16
2349,93,115,212,228,22,16
2350,98,122,199,217,24,18
2351,97,117,85,100,20,15
2352,90,112,172,188,22,16
2353,88,105,282,295,17,13
2354,90,106,286,298,16,12
2355,105,126,22,38,21,16
2356,73,88,25,36,15,11
2357,69,85,3,15,16,12
2358,81,111,296,318,30,22
2359,81,102,315,331,21,16
2360,78,98,325,341,20,16
2361,80,101,332,347,21,15
2362,85,112,336,356,27,20
2363,58,70,281,290,12,9
2364,54,68,274,284,14,10
2365,149,164,23,34,15,11
2366,186,237,229,267,51,38
2367,154,204,181,219,50,38
2368,183,220,95,123,37,28
2369,192,234,85,116,42,31
2370,154,191,25,53,37,28
2371,151,186,327,353,35,26
2372,161,182,12,28,21,16
2373,154,178,1,19,24,18
2374,137,156,1,15,19,14
2375,122,142,68,83,20,15
2376,138,173,268,294,35,26
2377,139,173,332,358,34,26
2378,125,160,158,184,35,26
2379,154,183,336,358,29,22
2380,123,144,319,335,21,16
2381,122,134,330,339,12,9
2382,119,132,338,348,13,10
2383,117,127,327,335,10,8
2384,96,105,245,252,9,7
2385,95,105,242,249,10,7
2386,85,92,246,251,7,5
2387,93,105,219,227,12,8
2388,98,105,207,212,7,5
2389,97,106,203,210,9,7
2390,186,237,213,251,51,38
2391,146,191,137,170,45,33
2392,127,155,223,243,28,20
2393,131,161,205,227,30,22
2394,134,164,193,215,30,22
2395,126,164,171,200,38,29
2396,112,137,241,259,25,18
2397,104,120,251,263,16,12
2398,116,145,336,357,29,21
2399,94,119,197,215,25,18
2400,93,114,208,223,21,15
2401,104,129,223,242,25,19
2402,105,127,233,249,22,16
2403,93,126,172,197,33,25
2404,107,128,209,225,21,16
2405,108,131,200,217,23,17
2406,83,102,186,200,19,14
2407,74,93,151,166,19,15
2408,91,122,12,35,31,23
2409,58,76,26,40,18,14
2410,92,119,339,359,27,20
2411,59,78,302,316,19,14
2412,49,71,284,301,22,17
2413,52,73,23,39,21,16
2414,29,45,84,96,16,12
2415,27,46,65,80,19,15
2416,54,82,325,346,28,21
2417,67,80,58,68,13,10
2418,63,83,51,66,20,15
2419,51,69,233,247,18,14
2420,47,63,276,288,16,12
2421,147,183,104,132,36,28
2422,151,181,98,121,30,23
2423,79,107,295,316,28,21
2424,46,57,277,285,11,8
2425,44,58,70,81,14,11
2426,44,56,65,75,12,10
2427,132,183,321,359,51,38
2428,84,107,261,278,23,17
2429,85,105,270,284,20,14
2430,86,107,278,293,21,15
2431,94,110,288,300,16,12
2432,65,85,258,273,20,15
2433,85,108,90,108,23,18
2434,82,112,72,94,30,22
2435,88,111,66,83,23,17
2436,99,132,272,297,33,25
2437,56,73,176,189,17,13
2438,56,69,12,21,13,9
2439,57,68,17,26,11,9
2440,54,64,27,35,10,8
2441,53,66,155,165,13,10
2442,51,63,158,167,12,9
2443,97,121,161,180,24,19
2444,98,123,151,170,25,19
2445,119,143,11,29,24,18
2446,120,137,23,36,17,13
2447,77,105,325,346,28,21
2448,101,131,332,354,30,22
2449,193,237,320,352,44,32
2450,205,237,177,201,32,24
2451,222,237,156,168,15,12
2452,166,219,116,155,53,39
2453,183,232,88,125,49,37
2454,193,239,82,116,46,34
2455,142,186,84,117,44,33
2456,192,237,41,75,45,34
2457,187,225,28,56,38,28
2458,166,204,26,54,38,28
2459,173,212,10,40,39,30
2460,86,110,81,99,24,18
2461,168,210,316,348,42,32
2462,203,238,328,355,35,27
2463,198,237,286,316,39,30
2464,206,239,213,237,33,24
2465,208,237,175,197,29,22
2466,120,139,2,16,19,14
2467,69,81,162,171,12,9
2468,70,80,143,151,10,8
2469,95,119,337,356,24,19
2470,90,115,326,345,25,19
2471,85,102,316,329,17,13
2472,74,89,132,143,15,11
2473,145,178,329,354,33,25
2474,108,128,108,123,20,15
2475,110,128,101,114,18,13
2476,120,134,327,338,14,11
2477,124,137,323,332,13,9
2478,106,127,132,148,21,16
2479,183,236,305,345,53,40
2480,80,93,165,176,13,11
2481,78,88,160,167,10,7
2482,86,100,178,188,14,10
2483,86,97,189,197,11,8
2484,212,237,25,44,25,19
2485,151,167,62,74,16,12
2486,131,142,192,200,11,8
2487,124,148,161,179,24,18
2488,114,141,165,185,27,20
2489,111,134,241,258,23,17
2490,115,137,250,267,22,17
2491,113,138,200,219,25,19
2492,115,142,210,230,27,20
2493,86,101,315,327,15,12
2494,76,92,281,293,16,12
2495,76,86,277,285,10,8
2496,76,88,266,275,12,9
2497,100,122,339,356,22,17
2498,81,93,298,307,12,9
2499,107,125,20,33,18,13
2500,100,118,29,42,18,13
2501,129,151,15,31,22,16
2502,71,76,126,130,5,4
2503,93,110,47,60,17,13
2504,93,107,64,74,14,10
2505,76,87,238,246,11,8
2506,77,87,241,249,10,8
2507,91,110,247,260,19,13
2508,88,112,285,303,24,18
2509,83,95,240,249,12,9
2510,71,91,230,245,20,15
2511,131,155,2,20,24,18
2512,129,156,13,33,27,20
2513,134,165,16,39,31,23
2514,54,63,21,28,9,7
2515,57,64,26,31,7,5
2516,48,57,56,63,9,7
2517,52,61,157,163,9,6
2518,52,60,153,159,8,6
2519,93,113,276,291,20,15
2520,93,113,267,283,20,16
2521,84,102,193,207,18,14
2522,88,109,185,200,21,15
2523,85,102,9,21,17,12
2524,149,171,46,62,22,16
2525,156,170,56,67,14,11
2526,127,142,67,78,15,11
2527,122,134,63,72,12,9
2528,117,127,112,120,10,8
2529,112,126,113,123,14,10
2530,117,134,319,333,17,14
2531,132,183,87,125,51,38
2532,130,170,15,45,40,30
2533,117,135,323,337,18,14
2534,106,133,331,352,27,21
2535,43,62,172,186,19,14
2536,176,203,20,40,27,20
2537,176,203,33,53,27,20
2538,115,154,158,187,39,29
2539,119,158,9,38,39,29
2540,122,155,313,338,33,25
2541,110,152,324,356,42,32
2542,45,63,193,207,18,14
2543,52,68,204,216,16,12
2544,166,213,120,156,47,36
2545,180,230,111,149,50,38
2546,180,227,77,113,47,36
2547,187,234,60,95,47,35
2548,102,134,30,54,32,24
2549,58,68,177,184,10,7
2550,59,67,184,190,8,6
2551,54,65,191,199,11,8
2552,88,117,298,320,29,22
2553,191,237,324,358,46,34
2554,178,230,11,50,52,39
2555,53,61,213,220,8,7
2556,50,61,206,215,11,9
2557,132,164,4,28,32,24
2558,148,183,315,341,35,26
2559,145,178,281,306,33,25
2560,145,180,254,280,35,26
2561,142,174,205,230,32,25
2562,147,172,95,114,25,19
2563,134,158,97,115,24,18
2564,137,161,61,80,24,19
2565,145,169,58,76,24,18
2566,146,171,46,65,25,19
2567,146,173,31,51,27,20
2568,92,99,245,250,7,5
2569,93,99,233,238,6,5
2570,93,100,230,235,7,5
2571,96,104,213,219,8,6
2572,96,104,210,216,8,6
2573,97,110,163,172,13,9
2574,98,106,175,182,8,7
2575,151,171,35,50,20,15
2576,159,170,34,42,11,8
2577,138,182,293,326,44,33
2578,161,210,186,223,49,37
2579,203,237,230,255,34,25
2580,156,195,91,120,39,29
2581,66,84,155,169,18,14
2582,82,103,283,299,21,16
2583,79,97,269,282,18,13
2584,130,162,7,31,32,24
2585,92,109,43,56,17,13
2586,95,110,62,72,15,10
2587,94,109,73,84,15,11
2588,144,181,312,340,37,28
2589,186,238,199,238,52,39
2590,167,218,216,254,51,38
2591,159,199,193,223,40,30
2592,136,176,195,225,40,30
2593,114,141,155,176,27,21
2594,88,110,150,166,22,16
2595,74,95,158,173,21,15
2596,102,123,300,315,21,15
2597,90,122,179,203,32,24
2598,75,88,182,192,13,10
2599,91,119,191,211,28,20
2600,102,129,313,333,27,20
2601,95,122,334,354,27,20
2602,188,236,121,157,48,36
2603,76,95,176,190,19,14
2604,189,216,19,39,27,20
2605,55,69,231,242,14,11
2606,113,140,2,22,27,20
2607,82,97,309,320,15,11
2608,81,120,226,255,39,29
2609,93,132,319,348,39,29
2610,107,134,330,350,27,20
2611,56,83,215,236,27,21
2612,43,69,191,211,26,20
2613,34,46,35,44,12,9
2614,28,39,82,90,11,8
2615,87,105,284,298,18,14
2616,81,98,274,286,17,12
2617,93,115,318,335,22,17
2618,95,112,324,336,17,12
2619,78,115,318,345,37,27
2620,86,118,330,354,32,24
2621,29,41,40,49,12,9
2622,91,135,36,69,44,33
2623,48,77,280,301,29,21
2624,49,80,262,285,31,23
2625,36,63,114,135,27,21
2626,49,75,24,43,26,19
2627,56,91,6,33,35,27
2628,53,83,1,24,30,23
2629,14,50,226,253,36,27
2630,88,127,306,336,39,30
2631,100,132,312,336,32,24
2632,88,110,239,255,22,16
2633,87,104,254,266,17,12
2634,90,113,275,292,23,17
2635,92,107,289,301,15,12
2636,91,110,313,327,19,14
2637,90,105,328,338,15,10
2638,90,111,338,354,21,16
2639,81,94,268,278,13,10
2640,98,118,3,19,20,16
2641,90,113,322,339,23,17
2642,90,111,308,323,21,15
2643,85,102,297,310,17,13
2644,80,98,277,291,18,14
2645,68,76,147,153,8,6
2646,108,131,45,62,23,17
2647,101,147,138,173,46,35
2648,132,183,23,62,51,39
2649,109,156,330,365,47,35
2650,50,68,182,196,18,14
2651,44,68,175,192,24,17
2652,44,63,204,219,19,15
2653,43,59,198,210,16,12
2654,37,50,170,180,13,10
2655,44,55,159,167,11,8
2656,95,130,333,359,35,26
2657,88,115,261,281,27,20
2658,90,115,273,292,25,19
2659,100,124,293,312,24,19
2660,95,129,321,346,34,25
2661,110,135,15,34,25,19
2662,88,118,47,70,30,23
2663,77,94,97,110,17,13
2664,142,163,197,213,21,16
2665,159,183,61,79,24,18
2666,196,225,28,49,29,21
2667,205,232,19,39,27,20
2668,117,133,246,257,16,11
2669,116,144,280,301,28,21
2670,117,141,32,49,24,17
2671,93,122,42,64,29,22
2672,90,115,2,21,25,19
2673,108,134,272,292,26,20
2674,95,127,288,312,32,24
2675,93,120,199,219,27,20
2676,91,116,183,201,25,18
2677,95,117,194,210,22,16
2678,98,120,250,267,22,17
2679,110,132,233,249,22,16
2680,104,121,223,236,17,13
2681,105,124,319,334,19,15
2682,96,123,323,343,27,20
2683,84,106,113,130,22,17
2684,138,175,325,353,37,28
2685,117,118,307,307,1,0
2686,91,117,294,313,26,19
2687,80,100,255,270,20,15
2688,66,86,212,227,20,15
2689,112,137,16,35,25,19
2690,97,119,46,62,22,16
2691,88,107,4,18,19,14
2692,86,103,29,41,17,12
2693,71,87,110,122,16,12
2694,95,117,64,81,22,17
2695,86,110,328,346,24,18
2696,92,120,208,229,28,21
2697,73,101,290,311,28,21
2698,79,106,274,294,27,20
2699,59,71,18,27,12,9
2700,58,67,28,35,9,7
2701,62,80,9,22,18,13
2702,123,156,73,98,33,25
2703,78,98,280,294,20,14
2704,76,93,254,266,17,12
2705,78,90,249,258,12,9
2706,107,136,225,247,29,22
2707,105,139,301,326,34,25
2708,174,234,293,339,60,46
2709,116,157,196,227,41,31
2710,111,137,220,239,26,19
2711,106,133,229,249,27,20
2712,56,71,47,58,15,11
2713,98,129,162,186,31,24
2714,151,164,30,39,13,9
2715,151,166,35,45,15,10
2716,152,166,36,46,14,10
2717,115,143,116,137,28,21
2718,122,159,24,51,37,27
2719,111,136,275,293,25,18
2720,104,127,326,343,23,17
2721,70,87,222,234,17,12
2722,68,70,28,29,2,1
2723,60,68,24,30,8,6
2724,57,71,29,39,14,10
2725,120,149,8,30,29,22
2726,78,91,284,294,13,10
2727,73,102,1,22,29,21
2728,32,51,178,192,19,14
2729,41,52,171,180,11,9
2730,96,119,75,92,23,17
2731,87,108,233,249,21,16
2732,85,108,241,258,23,17
2733,90,109,262,275,19,13
2734,93,113,266,281,20,15
2735,85,107,279,296,22,17
2736,94,113,282,296,19,14
2737,92,110,304,318,18,14
2738,95,121,315,335,26,20
2739,95,115,332,347,20,15
2740,72,83,249,258,11,9
2741,86,114,188,209,28,21
2742,94,136,4,35,42,31
2743,78,117,308,338,39,30
2744,76,105,333,354,29,21
2745,93,128,55,81,35,26
2746,88,105,8,21,17,13
2747,83,102,19,33,19,14
2748,84,99,28,39,15,11
2749,83,107,215,233,24,18
2750,78,102,222,240,24,18
2751,83,107,146,164,24,18
2752,83,105,282,299,22,17
2753,71,84,266,276,13,10
2754,66,80,254,265,14,11
2755,81,109,74,94,28,20
2756,75,98,89,107,23,18
2757,83,104,95,111,21,16
2758,78,97,139,153,19,14
2759,74,95,151,166,21,15
2760,88,107,160,175,19,15
2761,99,122,209,226,23,17
2762,129,171,191,223,42,32
2763,152,171,25,39,19,14
2764,94,118,100,119,24,19
2765,93,111,327,341,18,14
2766,95,115,341,356,20,15
2767,136,194,258,302,58,44
2768,93,126,310,335,33,25
2769,91,123,327,351,32,24
2770,67,92,229,247,25,18
2771,44,66,189,205,22,16
2772,51,73,202,219,22,17
2773,36,52,170,181,16,11
2774,34,50,34,46,16,12
2775,92,112,156,172,20,16
2776,98,118,322,338,20,16
2777,63,83,288,304,20,16
2778,52,63,110,119,11,9
2779,54,64,105,113,10,8
2780,128,171,333,366,43,33
2781,36,54,177,191,18,14
2782,168,222,213,254,54,41
2783,164,218,242,282,54,40
2784,191,234,251,283,43,32
2785,204,239,270,297,35,27
2786,101,134,230,255,33,25
2787,100,129,154,176,29,22
2788,83,101,165,179,18,14
2789,106,134,189,210,28,21
2790,112,137,197,215,25,18
2791,91,117,280,300,26,20
2792,105,124,16,31,19,15
2793,91,116,6,24,25,18
2794,72,100,14,36,28,22
2795,73,94,24,40,21,16
2796,80,101,0,16,21,16
2797,40,52,273,282,12,9
2798,35,54,180,194,19,14
2799,124,150,116,136,26,20
2800,113,138,116,134,25,18
2801,139,176,35,62,37,27
2802,140,177,1,28,37,27
2803,93,120,322,342,27,20
2804,54,70,26,37,16,11
2805,58,71,23,32,13,9
2806,57,68,18,26,11,8
2807,58,71,14,23,13,9
2808,48,62,143,153,14,10
2809,51,65,147,157,14,10
2810,78,113,146,172,35,26
2811,76,104,206,227,28,21
2812,73,95,275,292,22,17
2813,71,95,298,317,24,19
2814,93,120,182,202,27,20
2815,59,75,199,210,16,11
2816,151,172,82,98,21,16
2817,123,137,191,201,14,10
2818,117,145,233,254,28,21
2819,120,143,244,261,23,17
2820,105,139,178,204,34,26
2821,134,171,238,265,37,27
2822,143,171,181,202,28,21
2823,144,166,162,179,22,17
2824,149,175,145,165,26,20
2825,140,162,129,145,22,16
2826,152,177,101,120,25,19
2827,146,171,293,311,25,18
2828,149,167,320,334,18,14
2829,146,166,329,343,20,14
2830,145,164,247,261,19,14
2831,208,237,309,330,29,21
2832,208,237,327,349,29,22
2833,91,119,55,76,28,21
2834,98,124,136,157,26,21
2835,97,123,142,161,26,19
2836,109,134,210,229,25,19
2837,107,131,201,219,24,18
2838,104,129,306,326,25,20
2839,78,95,158,171,17,13
2840,79,93,165,176,14,11
2841,83,98,163,175,15,12
2842,100,124,160,177,24,17
2843,97,121,172,190,24,18
2844,66,81,11,22,15,11
2845,65,76,7,15,11,8
2846,59,71,24,33,12,9
2847,56,67,31,39,11,8
2848,59,68,50,56,9,6
2849,85,102,15,27,17,12
2850,85,100,25,36,15,11
2851,58,71,162,172,13,10
2852,66,79,120,130,13,10
2853,72,90,269,283,18,14
2854,82,98,302,314,16,12
2855,81,99,295,308,18,13
2856,90,105,49,60,15,11
2857,90,111,317,332,21,15
2858,86,108,288,304,22,16
2859,83,110,273,293,27,20
2860,78,88,246,254,10,8
2861,71,91,236,251,20,15
2862,63,73,140,147,10,7
2863,83,101,103,117,18,14
2864,107,134,11,32,27,21
2865,65,85,216,231,20,15
2866,63,74,202,211,11,9
2867,59,82,193,210,23,17
2868,52,74,153,170,22,17
2869,88,126,131,160,38,29
2870,46,66,267,281,20,14
2871,51,72,282,297,21,15
2872,45,62,245,258,17,13
2873,87,124,189,217,37,28
2874,88,127,221,249,39,28
2875,83,117,147,172,34,25
2876,86,120,133,158,34,25
2877,85,113,114,136,28,22
2878,94,129,106,133,35,27
2879,72,99,105,125,27,20
2880,54,75,26,42,21,16
2881,51,71,32,47,20,15
2882,44,74,3,25,30,22
2883,54,76,2,19,22,17
2884,80,112,268,292,32,24
2885,90,118,79,99,28,20
2886,92,110,96,109,18,13
2887,85,111,187,207,26,20
2888,54,71,142,154,17,12
2889,55,74,124,138,19,14
2890,71,91,106,121,20,15
2891,145,173,182,203,28,21
2892,131,147,143,155,16,12
2893,135,160,338,357,25,19
2894,128,146,310,323,18,13
2895,140,161,216,232,21,16
2896,135,149,205,216,14,11
2897,120,134,175,186,14,11
2898,207,237,320,342,30,22
2899,91,118,31,51,27,20
2900,99,132,21,46,33,25
2901,97,121,32,50,24,18
2902,94,110,54,66,16,12
2903,88,109,285,300,21,15
2904,91,112,296,312,21,16
2905,93,116,315,332,23,17
2906,78,88,246,254,10,8
2907,129,155,309,329,26,20
2908,152,187,329,355,35,26
2909,93,119,282,301,26,19
2910,107,133,304,323,26,19
2911,113,147,28,53,34,25
2912,110,143,9,33,33,24
2913,100,124,45,63,24,18
2914,92,117,73,92,25,19
2915,73,83,116,123,10,7
2916,83,107,53,71,24,18
2917,149,162,27,36,13,9
2918,181,206,3,23,25,20
2919,137,169,238,263,32,25
2920,135,165,249,272,30,23
2921,126,159,228,253,33,25
2922,118,149,237,260,31,23
2923,105,127,300,316,22,16
2924,108,131,313,330,23,17
2925,98,122,280,298,24,18
2926,98,124,225,244,26,19
2927,97,118,248,264,21,16
2928,104,129,184,204,25,20
2929,74,88,159,169,14,10
2930,210,237,5,25,27,20
2931,156,181,62,80,25,18
2932,80,105,225,244,25,19
2933,107,134,313,333,27,20
2934,88,116,247,267,28,20
2935,80,105,266,284,25,18
2936,78,104,272,292,26,20
2937,93,124,293,316,31,23
2938,182,230,258,294,48,36
2939,78,101,75,93,23,18
2940,80,101,168,183,21,15
2941,61,78,60,73,17,13
2942,37,52,156,167,15,11
2943,43,51,162,169,8,7
2944,39,47,181,187,8,6
2945,36,44,184,190,8,6
2946,98,124,281,301,26,20
2947,104,127,307,324,23,17
2948,107,132,175,193,25,18
2949,100,120,158,173,20,15
2950,177,198,6,22,21,16
2951,169,186,28,41,17,13
2952,158,174,19,31,16,12
2953,183,237,72,112,54,40
2954,196,238,28,59,42,31
2955,138,173,29,55,35,26
2956,144,177,42,67,33,25
2957,57,72,183,194,15,11
2958,55,70,178,190,15,12
2959,50,59,62,69,9,7
2960,49,60,69,77,11,8
2961,45,60,71,82,15,11
2962,139,164,26,45,25,19
2963,143,169,19,38,26,19
2964,134,156,36,51,22,15
2965,141,161,43,58,20,15
2966,129,149,62,77,20,15
2967,95,107,243,252,12,9
2968,151,187,330,357,36,27
2969,112,128,327,339,16,12
2970,113,129,319,331,16,12
2971,118,133,104,115,15,11
2972,103,113,167,174,10,7
2973,149,176,315,335,27,20
2974,154,174,327,343,20,16
2975,141,171,328,350,30,22
2976,134,161,301,321,27,20
2977,136,158,251,267,22,16
2978,134,153,263,277,19,14
2979,126,138,218,227,12,9
2980,122,137,335,346,15,11
2981,121,129,173,179,8,6
2982,122,134,162,171,12,9
2983,144,159,50,62,15,12
2984,63,82,228,242,19,14
2985,73,88,237,249,15,12
2986,71,88,245,258,17,13
2987,71,92,254,269,21,15
2988,73,95,259,275,22,16
2989,51,67,15,28,16,13
2990,50,66,165,177,16,12
2991,56,72,180,192,16,12
2992,127,165,132,160,38,28
2993,89,108,180,195,19,15
2994,95,120,14,33,25,19
2995,98,124,1,20,26,19
2996,109,144,315,341,35,26
2997,83,110,250,270,27,20
2998,102,126,27,45,24,18
2999,97,120,38,56,23,18
3000,88,109,63,78,21,15
3001,84,107,75,93,23,18
3002,61,71,132,139,10,7
3003,66,91,255,274,25,19
3004,53,78,197,216,25,19
3005,48,65,195,207,17,12
3006,41,57,182,193,16,11
3007,36,51,172,183,15,11
3008,45,61,14,26,16,12
3009,100,140,272,302,40,30
3010,90,115,292,311,25,19
3011,79,100,283,299,21,16
3012,106,132,27,46,26,19
3013,85,109,73,92,24,19
3014,86,111,87,105,25,18
3015,88,110,97,113,22,16
3016,65,78,116,126,13,10
3017,62,76,123,133,14,10
3018,81,105,127,145,24,18
3019,95,120,337,355,25,18
3020,93,116,304,321,23,17
3021,76,94,280,294,18,14
3022,80,92,253,262,12,9
3023,128,168,1,31,40,30
3024,107,139,24,48,32,24
3025,105,131,14,33,26,19
3026,119,135,9,21,16,12
3027,102,121,6,20,19,14
3028,91,111,32,47,20,15
3029,92,109,46,59,17,13
3030,71,80,139,147,9,8
3031,66,78,132,141,12,9
3032,65,76,167,175,11,8
3033,79,104,276,295,25,19
3034,64,91,233,253,27,20
3035,56,75,193,207,19,14
3036,110,142,9,33,32,24
3037,114,145,-1,23,31,24
3038,157,205,19,54,48,35
3039,51,61,213,221,10,8
3040,50,62,203,212,12,9
3041,48,58,232,240,10,8
3042,46,54,227,232,8,5
3043,180,210,327,349,30,22
3044,131,171,333,364,40,31
3045,107,129,28,45,22,17
3046,99,122,43,61,23,18
3047,94,116,63,79,22,16
3048,85,110,107,125,25,18
3049,68,85,155,167,17,12
3050,93,109,8,20,16,12
3051,51,66,176,187,15,11
3052,54,66,188,197,12,9
3053,44,58,216,227,14,11
3054,76,90,247,257,14,10
3055,83,100,250,263,17,13
3056,90,102,263,272,12,9
3057,81,98,267,280,17,13
3058,77,93,275,287,16,12
3059,65,83,255,269,18,14
3060,91,113,287,304,22,17
3061,82,98,284,296,16,12
3062,111,149,294,323,38,29
3063,131,161,313,335,30,22
3064,149,183,311,336,34,25
3065,149,189,329,359,40,30
3066,177,207,3,26,30,23
3067,178,210,22,46,32,24
3068,161,183,70,87,22,17
3069,151,173,75,91,22,16
3070,122,129,156,162,7,6
3071,120,132,160,169,12,9
3072,122,129,247,253,7,6
3073,81,105,78,97,24,19
3074,102,126,36,54,24,18
3075,51,64,185,194,13,9
3076,183,239,183,225,56,42
3077,161,207,27,61,46,34
3078,167,208,1,31,41,30
3079,134,169,38,64,35,26
3080,109,143,20,46,34,26
3081,53,67,189,200,14,11
3082,53,63,198,206,10,8
3083,47,57,241,248,10,7
3084,54,66,210,219,12,9
3085,50,61,262,270,11,8
3086,109,138,5,27,29,22
3087,102,122,28,42,20,14
3088,94,115,45,61,21,16
3089,90,110,31,45,20,14
3090,92,109,58,70,17,12
3091,91,113,295,311,22,16
3092,85,107,300,317,22,17
3093,88,108,329,344,20,15
3094,78,100,273,289,22,16
3095,68,106,54,82,38,28
3096,87,120,22,47,33,25
3097,85,118,6,31,33,25
3098,69,100,29,51,31,22
3099,54,76,17,33,22,16
3100,56,80,6,23,24,17
3101,102,126,227,245,24,18
3102,48,61,57,67,13,10
3103,46,58,72,80,12,8
3104,29,44,124,135,15,11
3105,46,66,272,287,20,15
3106,44,64,276,291,20,15
3107,77,108,312,336,31,24
3108,76,107,323,346,31,23
3109,44,61,276,289,17,13
3110,73,92,45,59,19,14
3111,68,83,2,14,15,12
3112,38,53,88,99,15,11
3113,41,58,94,107,17,13
3114,30,41,68,76,11,8
3115,29,42,64,73,13,9
3116,96,118,113,129,22,16
3117,89,114,119,137,25,18
3118,84,107,258,275,23,17
3119,88,108,272,288,20,16
3120,90,115,277,295,25,18
3121,94,115,317,332,21,15
3122,95,117,329,345,22,16
3123,113,163,163,200,50,37
3124,116,149,194,219,33,25
3125,117,161,205,238,44,33
3126,85,127,197,228,42,31
3127,94,122,316,336,28,20
3128,101,142,324,355,41,31
3129,41,63,173,189,22,16
3130,53,76,224,242,23,18
3131,81,112,281,304,31,23
3132,63,95,138,162,32,24
3133,51,76,22,41,25,19
3134,51,84,11,36,33,25
3135,95,120,231,250,25,19
3136,94,121,47,67,27,20
3137,76,98,315,331,22,16
3138,77,99,326,342,22,16
3139,92,117,328,348,25,20
3140,100,122,57,74,22,17
3141,156,181,84,102,25,18
3142,153,173,64,79,20,15
3143,150,174,73,92,24,19
3144,89,117,139,160,28,21
3145,96,123,19,39,27,20
3146,83,108,327,345,25,18
3147,80,105,321,340,25,19
3148,86,115,118,139,29,21
3149,90,117,27,46,27,19
3150,85,109,261,279,24,18
3151,82,107,248,267,25,19
3152,79,105,289,309,26,20
3153,82,103,309,325,21,16
3154,80,103,325,342,23,17
3155,154,169,33,44,15,11
3156,120,148,171,192,28,21
3157,107,131,4,22,24,18
3158,187,218,22,45,31,23
3159,193,227,0,25,34,25
3160,110,136,20,39,26,19
3161,112,134,14,30,22,16
3162,111,136,4,23,25,19
3163,86,106,72,87,20,15
3164,88,108,99,114,20,15
3165,85,105,114,129,20,15
3166,80,98,95,108,18,13
3167,83,102,67,81,19,14
3168,200,238,145,174,38,29
3169,192,232,151,181,40,30
3170,63,80,164,177,17,13
3171,99,137,3,31,38,28
3172,54,76,11,28,22,17
3173,99,138,326,355,39,29
3174,96,130,314,339,34,25
3175,73,100,289,309,27,20
3176,82,123,301,331,41,30
3177,146,172,104,123,26,19
3178,142,167,18,37,25,19
3179,142,166,6,24,24,18
3180,132,151,57,71,19,14
3181,119,139,323,338,20,15
3182,122,139,138,151,17,13
3183,147,184,304,331,37,27
3184,154,181,254,274,27,20
3185,144,178,242,267,34,25
3186,156,188,232,257,32,25
3187,111,141,118,141,30,23
3188,90,124,300,325,34,25
3189,76,110,251,276,34,25
3190,81,109,263,284,28,21
3191,88,119,46,69,31,23
3192,107,143,11,38,36,27
3193,46,63,37,50,17,13
3194,45,67,27,44,22,17
3195,31,49,71,84,18,13
3196,80,107,303,323,27,20
3197,72,90,312,326,18,14
3198,53,68,277,288,15,11
3199,50,65,283,295,15,12
3200,52,66,294,304,14,10
3201,127,138,156,164,11,8
3202,183,208,62,81,25,19
3203,168,193,47,66,25,19
3204,164,186,54,71,22,17
3205,150,167,84,97,17,13
3206,150,169,74,88,19,14
3207,145,160,113,124,15,11
3208,122,150,6,27,28,21
3209,111,139,303,324,28,21
3210,122,157,329,355,35,26
3211,115,144,324,345,29,21
3212,104,129,316,335,25,19
3213,98,119,286,302,21,16
3214,100,120,279,294,20,15
3215,107,133,277,296,26,19
3216,93,116,276,293,23,17
3217,68,85,259,271,17,12
3218,87,115,204,225,28,21
3219,67,95,118,139,28,21
3220,74,105,67,90,31,23
3221,93,124,330,353,31,23
3222,29,51,59,75,22,16
3223,95,115,52,66,20,14
3224,78,93,40,51,15,11
3225,92,114,69,86,22,17
3226,98,118,106,121,20,15
3227,91,112,121,137,21,16
3228,92,107,277,289,15,12
3229,87,101,265,276,14,11
3230,92,107,288,299,15,11
3231,97,115,320,334,18,14
3232,137,166,61,83,29,22
3233,94,130,322,349,36,27
3234,85,108,157,174,23,17
3235,88,109,278,293,21,15
3236,125,166,8,39,41,31
3237,123,159,3,30,36,27
3238,76,92,283,295,16,12
3239,88,110,164,181,22,17
3240,90,108,310,324,18,14
3241,93,112,331,345,19,14
3242,85,102,65,78,17,13
3243,98,117,9,24,19,15
3244,102,125,2,20,23,18
3245,76,91,281,292,15,11
3246,47,63,123,135,16,12
3247,166,218,247,287,52,40
3248,68,95,285,305,27,20
3249,85,103,184,197,18,13
3250,79,98,175,189,19,14
3251,107,139,145,169,32,24
3252,111,139,158,179,28,21
3253,181,230,26,64,49,38
3254,68,86,214,228,18,14
3255,64,76,204,213,12,9
3256,144,180,247,274,36,27
3257,127,156,163,184,29,21
3258,105,129,144,163,24,19
3259,79,96,186,199,17,13
3260,83,100,171,183,17,12
3261,106,137,330,353,31,23
3262,81,102,326,342,21,16
3263,78,98,310,325,20,15
3264,70,85,314,326,15,12
3265,63,78,287,298,15,11
3266,47,61,278,289,14,11
3267,120,147,154,174,27,20
3268,128,161,33,57,33,24
3269,75,101,269,289,26,20
3270,73,90,267,280,17,13
3271,163,190,60,81,27,21
3272,144,160,201,213,16,12
3273,149,167,208,221,18,13
3274,146,159,140,150,13,10
3275,131,140,151,158,9,7
3276,128,139,172,179,11,7
3277,135,146,110,118,11,8
3278,144,163,94,108,19,14
3279,145,161,84,96,16,12
3280,112,142,242,265,30,23
3281,131,161,64,86,30,22
3282,124,153,81,103,29,22
3283,102,128,11,30,26,19
3284,120,142,5,21,22,16
3285,203,237,241,267,34,26
3286,208,239,236,259,31,23
3287,87,112,277,296,25,19
3288,52,61,199,206,9,7
3289,50,60,193,201,10,8
3290,57,69,182,191,12,9
3291,97,113,154,167,16,13
3292,139,175,185,212,36,27
3293,141,174,201,226,33,25
3294,117,137,315,330,20,15
3295,120,135,323,335,15,12
3296,151,173,2,18,22,16
3297,74,93,10,24,19,14
3298,41,51,161,168,10,7
3299,128,155,19,39,27,20
3300,132,161,12,35,29,23
3301,111,135,0,18,24,18
3302,88,107,289,303,19,14
3303,156,195,311,340,39,29
3304,199,237,202,230,38,28
3305,201,237,192,219,36,27
3306,90,120,229,251,30,22
3307,83,112,218,240,29,22
3308,85,112,206,226,27,20
3309,143,188,289,323,45,34
3310,90,110,311,327,20,16
3311,90,110,297,312,20,15
3312,90,113,281,298,23,17
3313,72,94,260,276,22,16
3314,68,86,245,259,18,14
3315,154,186,252,276,32,24
3316,148,173,166,185,25,19
3317,151,176,160,179,25,19
3318,111,130,327,342,19,15
3319,96,105,249,256,9,7
3320,95,106,230,239,11,9
3321,178,230,45,84,52,39
3322,56,74,232,246,18,14
3323,50,66,275,286,16,11
3324,54,70,281,293,16,12
3325,68,90,242,259,22,17
3326,72,88,240,252,16,12
3327,66,82,211,223,16,12
3328,48,58,148,156,10,8
3329,59,72,27,36,13,9
3330,64,72,24,30,8,6
3331,61,69,18,25,8,7
3332,151,202,235,273,51,38
3333,94,119,315,333,25,18
3334,114,135,10,26,21,16
3335,81,94,311,320,13,9
3336,80,92,305,314,12,9
3337,78,91,301,311,13,10
3338,73,83,231,239,10,8
3339,107,137,287,308,30,21
3340,85,104,289,303,19,14
3341,99,120,126,142,21,16
3342,68,82,136,147,14,11
3343,71,82,151,159,11,8
3344,71,80,157,164,9,7
3345,58,64,148,152,6,4
3346,57,65,143,149,8,6
3347,58,63,141,145,5,4
3348,102,125,24,42,23,18
3349,98,116,28,41,18,13
3350,85,107,300,316,22,16
3351,82,102,283,298,20,15
3352,63,77,209,220,14,11
3353,54,66,22,31,12,9
3354,60,68,17,23,8,6
3355,60,69,12,19,9,7
3356,49,56,54,60,7,6
3357,114,143,46,68,29,22
3358,110,140,42,65,30,23
3359,92,117,306,326,25,20
3360,88,114,297,317,26,20
3361,92,117,280,299,25,19
3362,60,78,300,314,18,14
3363,55,68,285,295,13,10
3364,90,115,173,191,25,18
3365,91,115,162,179,24,17
3366,27,34,245,251,7,6
3367,36,45,248,255,9,7
3368,127,145,323,336,18,13
3369,95,106,233,241,11,8
3370,130,149,39,54,19,15
3371,76,90,247,257,14,10
3372,69,84,240,251,15,11
3373,71,83,233,242,12,9
3374,68,83,213,225,15,12
3375,58,69,22,31,11,9
3376,58,68,19,26,10,7
3377,158,175,29,41,17,12
3378,159,175,19,31,16,12
3379,146,160,39,49,14,10
3380,147,162,32,43,15,11
3381,147,178,324,347,31,23
3382,149,174,251,270,25,19
3383,120,139,315,330,19,15
3384,137,156,106,120,19,14
3385,112,124,131,139,12,8
3386,80,107,306,326,27,20
3387,78,102,328,347,24,19
3388,57,71,25,36,14,11
3389,58,76,20,33,18,13
3390,47,61,273,283,14,10
3391,68,96,272,293,28,21
3392,32,40,128,135,8,7
3393,32,42,125,133,10,8
3394,51,61,284,292,10,8
3395,74,95,269,285,21,16
3396,76,92,267,279,16,12
3397,74,94,253,268,20,15
3398,63,75,216,224,12,8
3399,59,75,211,223,16,12
3400,62,75,205,214,13,9
3401,66,75,204,210,9,6
3402,56,63,29,35,7,6
3403,56,66,24,31,10,7
3404,58,66,21,28,8,7
3405,144,168,6,24,24,18
3406,127,148,64,80,21,16
3407,130,146,57,69,16,12
3408,117,130,324,334,13,10
3409,115,128,318,328,13,10
3410,112,125,310,320,13,10
3411,95,116,331,347,21,16
3412,94,115,340,355,21,15
3413,94,107,64,73,13,9
3414,72,82,121,128,10,7
3415,67,73,161,165,6,4
3416,222,237,9,20,15,11
3417,103,131,13,34,28,21
3418,52,63,23,31,11,8
3419,53,62,19,26,9,7
3420,88,110,313,329,22,16
3421,77,108,297,321,31,24
3422,63,78,211,222,15,11
3423,52,65,157,166,13,9
3424,129,168,323,352,39,29
3425,98,122,300,318,24,18
3426,84,104,330,345,20,15
3427,83,102,264,279,19,15
3428,87,103,257,270,16,13
3429,68,84,256,268,16,12
3430,84,103,187,201,19,14
3431,84,109,129,148,25,19
3432,83,113,107,129,30,22
3433,83,98,88,100,15,12
3434,117,142,3,22,25,19
3435,52,64,180,189,12,9
3436,41,51,203,210,10,7
3437,53,64,134,143,11,9
3438,90,102,321,330,12,9
3439,85,98,294,304,13,10
3440,87,100,276,286,13,10
3441,132,161,1,22,29,21
3442,67,76,162,169,9,7
3443,93,122,64,86,29,22
3444,95,121,57,76,26,19
3445,105,126,42,58,21,16
3446,63,87,16,33,24,17
3447,60,76,13,25,16,12
3448,50,63,17,27,13,10
3449,51,63,13,22,12,9
3450,46,67,35,51,21,16
3451,44,63,47,61,19,14
3452,112,139,53,73,27,20
3453,117,136,46,60,19,14
3454,103,122,37,50,19,13
3455,97,115,44,58,18,14
3456,90,115,55,73,25,18
3457,83,103,95,111,20,16
3458,100,126,279,299,26,20
3459,93,113,283,298,20,15
3460,90,112,289,305,22,16
3461,99,119,317,332,20,15
3462,111,145,320,346,34,26
3463,122,153,332,355,31,23
3464,46,54,188,194,8,6
3465,75,95,247,262,20,15
3466,77,94,230,243,17,13
3467,80,93,34,44,13,10
3468,178,205,0,19,27,19
3469,152,163,39,47,11,8
3470,144,156,37,46,12,9
3471,145,156,44,53,11,9
3472,137,164,17,37,27,20
3473,137,163,194,214,26,20
3474,151,183,283,306,32,23
3475,152,181,293,315,29,22
3476,119,135,312,324,16,12
3477,115,128,320,329,13,9
3478,188,208,37,53,20,16
3479,183,200,24,36,17,12
3480,181,196,17,29,15,12
3481,172,189,22,34,17,12
3482,171,189,13,27,18,14
3483,180,202,0,16,22,16
3484,154,166,33,43,12,10
3485,152,167,26,37,15,11
3486,134,148,37,47,14,10
3487,68,84,44,57,16,13
3488,66,86,34,49,20,15
3489,87,117,294,317,30,23
3490,85,107,286,302,22,16
3491,42,54,183,192,12,9
3492,41,58,174,187,17,13
3493,110,129,274,288,19,14
3494,96,125,329,351,29,22
3495,107,131,240,258,24,18
3496,105,135,224,247,30,23
3497,105,128,207,224,23,17
3498,87,127,173,203,40,30
3499,80,110,216,238,30,22
3500,93,124,151,175,31,24
3501,87,111,144,162,24,18
3502,90,107,143,157,17,14
3503,79,109,123,146,30,23
3504,129,162,278,303,33,25
3505,118,147,245,267,29,22
3506,117,146,231,253,29,22
3507,110,136,219,239,26,20
3508,105,129,202,220,24,18
3509,98,122,286,305,24,19
3510,97,117,283,298,20,15
3511,93,119,314,333,26,19
3512,96,124,331,352,28,21
3513,112,144,6,31,32,25
3514,66,83,220,232,17,12
3515,56,71,171,182,15,11
3516,58,68,18,25,10,7
3517,81,114,312,337,33,25
3518,92,111,331,345,19,14
3519,83,111,335,356,28,21
3520,54,78,288,306,24,18
3521,137,181,319,352,44,33
3522,139,173,256,281,34,25
3523,149,181,249,273,32,24
3524,76,93,189,202,17,13
3525,151,166,92,104,15,12
3526,145,166,79,95,21,16
3527,125,165,276,305,40,29
3528,122,154,270,295,32,25
3529,119,149,261,284,30,23
3530,99,127,256,278,28,22
3531,85,115,333,355,30,22
3532,56,75,291,305,19,14
3533,55,68,285,295,13,10
3534,61,80,279,293,19,14
3535,53,71,273,287,18,14
3536,127,170,215,247,43,32
3537,94,133,323,352,39,29
3538,70,90,302,317,20,15
3539,83,102,284,298,19,14
3540,68,93,271,290,25,19
3541,72,91,269,283,19,14
3542,73,97,255,273,24,18
3543,67,83,258,270,16,12
3544,68,93,224,242,25,18
3545,59,76,224,237,17,13
3546,39,54,168,179,15,11
3547,123,166,326,359,43,33
3548,83,111,49,69,28,20
3549,52,64,174,183,12,9
3550,84,109,78,97,25,19
3551,85,110,73,91,25,18
3552,85,117,286,310,32,24
3553,171,191,17,32,20,15
3554,150,161,27,36,11,9
3555,149,159,36,44,10,8
3556,146,156,41,49,10,8
3557,133,146,44,53,13,9
3558,133,149,53,65,16,12
3559,205,235,158,180,30,22
3560,224,237,305,315,13,10
3561,161,188,56,76,27,20
3562,162,186,85,103,24,18
3563,146,164,89,102,18,13
3564,151,165,60,71,14,11
3565,150,165,71,82,15,11
3566,127,136,129,136,9,7
3567,107,135,205,226,28,21
3568,114,152,331,360,38,29
3569,66,94,253,274,28,21
3570,63,105,264,295,42,31
3571,203,238,329,355,35,26
3572,127,161,6,32,34,26
3573,85,107,96,112,22,16
3574,81,102,273,288,21,15
3575,115,137,35,52,22,17
3576,76,88,254,263,12,9
3577,69,80,119,127,11,8
3578,139,157,28,41,18,13
3579,124,142,66,79,18,13
3580,124,137,327,336,13,9
3581,123,136,335,345,13,10
3582,105,125,130,145,20,15
3583,107,143,0,27,36,27
3584,85,108,90,108,23,18
3585,222,237,286,297,15,11
3586,59,74,333,344,15,11
3587,93,119,44,63,26,19
3588,97,121,12,30,24,18
3589,85,107,294,311,22,17
3590,91,114,341,358,23,17
3591,204,237,329,354,33,25
3592,197,230,300,325,33,25
3593,183,226,282,315,43,33
3594,166,204,272,301,38,29
3595,115,146,234,256,31,22
3596,100,120,275,290,20,15
3597,100,127,279,299,27,20
3598,100,120,297,312,20,15
3599,106,133,103,123,27,20
3600,105,134,76,99,29,23
3601,87,115,62,82,28,20
3602,106,129,208,225,23,17
3603,105,125,201,217,20,16
3604,100,127,188,207,27,19
3605,81,102,160,176,21,16
3606,96,120,164,182,24,18
3607,94,112,211,225,18,14
3608,92,115,221,238,23,17
3609,85,106,188,204,21,16
3610,87,103,179,191,16,12
3611,120,160,282,313,40,31
3612,128,151,329,346,23,17
3613,145,181,319,346,36,27
3614,145,196,330,369,51,39
3615,51,60,174,180,9,6
3616,51,62,169,177,11,8
3617,53,71,157,170,18,13
3618,63,79,111,123,16,12
3619,96,110,294,304,14,10
3620,93,116,281,298,23,17
3621,88,110,274,290,22,16
3622,81,105,265,283,24,18
3623,68,83,260,272,15,12
3624,64,90,282,301,26,19
3625,80,108,301,321,28,20
3626,116,141,10,29,25,19
3627,80,108,330,352,28,22
3628,77,103,281,301,26,20
3629,78,100,271,288,22,17
3630,64,78,259,270,14,11
3631,84,107,79,97,23,18
3632,85,111,70,89,26,19
3633,87,112,67,85,25,18
3634,88,110,61,78,22,17
3635,43,53,170,178,10,8
3636,44,53,165,171,9,6
3637,98,126,318,339,28,21
3638,93,128,331,358,35,27
3639,82,105,318,335,23,17
3640,80,108,308,329,28,21
3641,83,108,262,281,25,19
3642,79,103,252,270,24,18
3643,77,104,246,266,27,20
3644,57,78,295,310,21,15
3645,50,68,279,292,18,13
3646,30,42,89,98,12,9
3647,142,178,84,111,36,27
3648,129,160,222,245,31,23
3649,144,175,110,133,31,23
3650,146,168,69,85,22,16
3651,138,156,75,89,18,14
3652,140,162,56,72,22,16
3653,144,164,47,62,20,15
3654,143,168,11,30,25,19
3655,152,183,337,360,31,23
3656,112,134,325,341,22,16
3657,112,131,317,331,19,14
3658,113,127,310,320,14,10
3659,115,161,332,366,46,34
3660,108,145,316,343,37,27
3661,95,117,324,341,22,17
3662,83,103,319,334,20,15
3663,66,101,257,283,35,26
3664,68,97,246,268,29,22
3665,97,129,212,236,32,24
3666,90,124,200,226,34,26
3667,49,71,200,216,22,16
3668,168,192,54,71,24,17
3669,145,163,134,147,18,13
3670,99,124,38,56,25,18
3671,110,138,335,355,28,20
3672,93,124,257,281,31,24
3673,95,117,273,289,22,16
3674,79,95,269,282,16,13
3675,73,89,261,273,16,12
3676,95,111,278,289,16,11
3677,89,108,283,298,19,15
3678,80,112,310,334,32,24
3679,78,96,90,104,18,14
3680,68,90,101,117,22,16
3681,80,98,249,262,18,13
3682,92,120,324,345,28,21
3683,87,117,337,360,30,23
3684,68,88,247,263,20,16
3685,68,91,237,255,23,18
3686,57,79,208,224,22,16
3687,60,75,205,217,15,12
3688,58,74,198,210,16,12
3689,47,57,159,166,10,7
3690,93,120,10,30,27,20
3691,90,117,26,47,27,21
3692,85,110,57,76,25,19
3693,88,115,88,108,27,20
3694,92,117,98,117,25,19
3695,91,119,167,187,28,20
3696,90,115,191,211,25,20
3697,95,120,205,223,25,18
3698,83,100,265,278,17,13
3699,83,98,274,286,15,12
3700,184,231,26,61,47,35
3701,181,230,9,46,49,37
3702,98,127,2,24,29,22
3703,80,107,305,326,27,21
3704,78,100,273,289,22,16
3705,78,98,245,260,20,15
3706,61,75,176,187,14,11
3707,57,71,14,24,14,10
3708,153,177,66,84,24,18
3709,219,238,305,319,19,14
3710,211,237,234,253,26,19
3711,188,235,205,240,47,35
3712,207,237,181,204,30,23
3713,85,107,296,312,22,16
3714,81,95,255,266,14,11
3715,70,80,161,169,10,8
3716,85,96,66,75,11,9
3717,70,83,121,132,13,11
3718,170,190,16,31,20,15
3719,121,168,247,283,47,36
3720,63,95,251,275,32,24
3721,66,93,240,260,27,20
3722,54,80,229,249,26,20
3723,51,80,213,235,29,22
3724,54,80,207,227,26,20
3725,41,66,190,209,25,19
3726,39,56,163,176,17,13
3727,34,48,90,101,14,11
3728,34,46,96,105,12,9
3729,33,47,18,29,14,11
3730,127,144,45,58,17,13
3731,132,143,41,49,11,8
3732,144,167,31,48,23,17
3733,139,162,14,31,23,17
3734,141,159,8,21,18,13
3735,128,173,106,139,45,33
3736,112,147,321,348,35,27
3737,102,135,314,339,33,25
3738,79,116,203,231,37,28
3739,50,78,232,254,28,22
3740,51,76,246,265,25,19
3741,34,65,167,190,31,23
3742,36,48,134,143,12,9
3743,42,62,191,206,20,15
3744,41,61,199,214,20,15
3745,69,93,307,325,24,18
3746,80,98,323,336,18,13
3747,81,105,315,333,24,18
3748,78,102,327,345,24,18
3749,58,72,305,315,14,10
3750,60,80,297,312,20,15
3751,58,82,288,306,24,18
3752,48,61,275,286,13,11
3753,39,49,91,99,10,8
3754,39,52,4,14,13,10
3755,223,239,333,345,16,12
3756,198,233,262,289,35,27
3757,210,234,266,284,24,18
3758,193,220,252,273,27,21
3759,221,238,245,258,17,13
3760,90,112,334,351,22,17
3761,91,112,324,340,21,16
3762,84,104,284,299,20,15
3763,78,95,276,289,17,13
3764,83,104,148,164,21,16
3765,66,75,147,154,9,7
3766,69,79,131,139,10,8
3767,103,126,23,40,23,17
3768,99,113,66,77,14,11
3769,101,124,276,294,23,18
3770,97,121,268,286,24,18
3771,96,124,230,251,28,21
3772,100,124,194,212,24,18
3773,100,124,203,221,24,18
3774,100,125,209,228,25,19
3775,95,126,170,193,31,23
3776,207,237,21,43,30,22
3777,158,182,65,83,24,18
3778,158,175,55,68,17,13
3779,161,178,96,109,17,13
3780,127,136,124,131,9,7
3781,127,136,188,195,9,7
3782,118,123,183,187,5,4
3783,116,120,176,179,4,3
3784,117,144,328,348,27,20
3785,98,137,334,363,39,29
3786,81,113,285,309,32,24
3787,59,80,223,239,21,16
3788,58,79,214,230,21,16
3789,39,56,185,198,17,13
3790,35,54,164,177,19,13
3791,34,44,19,27,10,8
3792,93,115,66,82,22,16
3793,88,109,337,353,21,16
3794,88,111,172,190,23,18
3795,88,111,164,181,23,17
3796,76,90,188,199,14,11
3797,78,93,314,325,15,11
3798,159,179,22,38,20,16
3799,161,178,11,25,17,14
3800,155,170,27,38,15,11
3801,173,198,15,35,25,20
3802,173,186,14,24,13,10
3803,99,127,154,175,28,21
3804,71,93,185,201,22,16
3805,52,68,196,209,16,13
3806,54,73,290,305,19,15
3807,75,98,311,328,23,17
3808,75,98,319,337,23,18
3809,36,45,98,104,9,6
3810,36,49,100,110,13,10
3811,34,48,105,115,14,10
3812,34,50,251,263,16,12
3813,24,30,239,244,6,5
3814,93,123,57,80,30,23
3815,68,83,115,126,15,11
3816,92,120,296,316,28,20
3817,93,118,283,301,25,18
3818,92,115,275,292,23,17
3819,92,115,267,285,23,18
3820,84,94,273,281,10,8
3821,84,95,288,296,11,8
3822,83,100,292,305,17,13
3823,57,68,129,137,11,8
3824,61,94,84,109,33,25
3825,179,225,289,323,46,34
3826,177,220,313,346,43,33
3827,188,228,334,364,40,30
3828,212,238,258,277,26,19
3829,69,82,164,173,13,9
3830,70,81,141,150,11,9
3831,86,107,322,338,21,16
3832,214,238,42,60,24,18
3833,83,107,288,306,24,18
3834,67,81,212,223,14,11
3835,115,144,153,174,29,21
3836,113,140,146,166,27,20
3837,100,127,130,150,27,20
3838,113,137,125,143,24,18
3839,122,141,137,151,19,14
3840,126,155,128,150,29,22
3841,129,161,110,134,32,24
3842,87,112,270,288,25,18
3843,76,98,281,297,22,16
3844,83,100,251,264,17,13
3845,72,101,257,279,29,22
3846,68,83,252,263,15,11
3847,80,97,115,128,17,13
3848,151,166,28,39,15,11
3849,165,180,10,21,15,11
3850,168,183,23,34,15,11
3851,142,183,227,259,41,32
3852,150,194,255,288,44,33
3853,102,124,229,246,22,17
3854,102,129,218,238,27,20
3855,102,132,210,233,30,23
3856,103,137,193,219,34,26
3857,104,128,181,199,24,18
3858,94,125,162,185,31,23
3859,82,107,177,195,25,18
3860,86,110,242,260,24,18
3861,86,105,206,220,19,14
3862,90,108,164,178,18,14
3863,102,140,301,330,38,29
3864,119,165,322,357,46,35
3865,102,131,331,352,29,21
3866,118,156,33,62,38,29
3867,61,88,225,246,27,21
3868,61,90,262,284,29,22
3869,198,234,218,245,36,27
3870,221,238,246,259,17,13
3871,199,230,213,237,31,24
3872,171,215,179,212,44,33
3873,206,237,169,192,31,23
3874,221,239,114,128,18,14
3875,57,71,179,189,14,10
3876,56,69,171,181,13,10
3877,59,71,167,176,12,9
3878,65,79,218,228,14,10
3879,59,80,209,224,21,15
3880,51,62,171,179,11,8
3881,106,129,18,35,23,17
3882,92,111,30,44,19,14
3883,88,115,34,54,27,20
3884,78,94,116,127,16,11
3885,100,136,334,362,36,28
3886,197,235,302,331,38,29
3887,200,234,242,267,34,25
3888,181,226,228,262,45,34
3889,177,219,214,246,42,32
3890,157,200,212,244,43,32
3891,107,133,228,247,26,19
3892,96,120,235,252,24,17
3893,115,134,206,220,19,14
3894,87,125,156,185,38,29
3895,94,111,208,221,17,13
3896,168,193,57,76,25,19
3897,156,180,63,81,24,18
3898,96,114,326,339,18,13
3899,83,103,309,323,20,14
3900,93,108,298,309,15,11
3901,105,125,307,322,20,15
3902,178,232,324,365,54,41
3903,106,144,247,275,38,28
3904,186,234,124,161,48,37
3905,132,209,8,65,77,57
3906,201,236,7,33,35,26
3907,137,201,185,233,64,48
3908,193,237,212,245,44,33
3909,176,227,253,291,51,38
3910,188,237,46,82,49,36
3911,196,234,109,138,38,29
3912,153,189,2,29,36,27
3913,110,140,17,40,30,23
3914,111,141,10,32,30,22
3915,193,232,3,32,39,29
3916,161,178,72,86,17,14
3917,124,137,283,292,13,9
3918,77,90,279,289,13,10
3919,200,232,4,28,32,24
3920,145,166,82,98,21,16
3921,129,147,297,311,18,14
3922,147,175,235,255,28,20
3923,160,189,264,286,29,22
3924,117,134,204,217,17,13
3925,115,124,118,124,9,6
3926,113,122,124,131,9,7
3927,125,168,83,115,43,32
3928,76,95,140,155,19,15
3929,63,80,151,163,17,12
3930,62,79,197,210,17,13
3931,82,112,306,329,30,23
3932,89,102,294,304,13,10
3933,54,73,212,227,19,15
3934,52,63,204,212,11,8
3935,44,55,152,161,11,9
3936,212,234,86,102,22,16
3937,98,115,335,348,17,13
3938,88,107,323,338,19,15
3939,139,159,7,22,20,15
3940,139,152,24,33,13,9
3941,126,148,25,41,22,16
3942,88,103,292,304,15,12
3943,85,107,270,286,22,16
3944,99,117,295,308,18,13
3945,91,106,285,296,15,11
3946,84,110,61,80,26,19
3947,85,106,332,348,21,16
3948,90,115,307,325,25,18
3949,102,117,296,307,15,11
3950,54,70,300,312,16,12
3951,63,82,322,336,19,14
3952,205,231,255,275,26,20
3953,97,118,332,348,21,16
3954,97,106,320,327,9,7
3955,90,107,296,309,17,13
3956,80,102,251,267,22,16
3957,88,107,266,281,19,15
3958,58,68,161,169,10,8
3959,124,147,321,339,23,18
3960,122,158,268,295,36,27
3961,109,132,288,305,23,17
3962,102,119,278,290,17,12
3963,60,78,245,258,18,13
3964,58,76,222,235,18,13
3965,45,66,200,216,21,16
3966,50,68,189,203,18,14
3967,155,172,27,40,17,13
3968,217,234,324,337,17,13
3969,45,56,136,145,11,9
3970,51,61,280,287,10,7
3971,46,52,277,282,6,5
3972,85,105,283,298,20,15
3973,155,184,109,130,29,21
3974,148,176,90,111,28,21
3975,137,166,331,352,29,21
3976,73,96,258,275,23,17
3977,71,93,272,289,22,17
3978,84,101,4,17,17,13
3979,144,171,38,58,27,20
3980,120,143,61,78,23,17
3981,149,177,308,329,28,21
3982,115,135,103,118,20,15
3983,94,127,324,349,33,25
3984,80,110,306,328,30,22
3985,61,83,316,333,22,17
3986,81,112,127,150,31,23
3987,61,78,286,299,17,13
3988,84,105,328,344,21,16
3989,78,103,33,51,25,18
3990,129,143,43,54,14,11
3991,111,135,236,254,24,18
3992,90,102,330,340,12,10
3993,115,142,150,170,27,20
3994,102,124,224,241,22,17
3995,108,131,237,254,23,17
3996,100,121,326,342,21,16
3997,95,114,336,350,19,14
3998,113,151,4,33,38,29
3999,49,61,61,70,12,9
4000,47,59,72,81,12,9
4001,84,98,3,14,14,11
4002,85,100,297,308,15,11
4003,111,137,30,50,26,20
4004,78,100,319,336,22,17
4005,52,66,277,287,14,10
4006,42,54,278,286,12,8
4007,126,150,141,159,24,18
4008,124,154,117,139,30,22
4009,101,120,93,107,19,14
4010,98,122,68,86,24,18
4011,106,119,82,92,13,10
4012,94,122,130,150,28,20
4013,95,108,149,159,13,10
4014,110,131,289,305,21,16
4015,106,122,302,314,16,12
4016,150,164,29,39,14,10
4017,191,215,32,50,24,18
4018,159,178,65,79,19,14
4019,160,179,76,90,19,14
4020,112,139,226,247,27,21
4021,115,134,257,272,19,15
4022,106,127,269,285,21,16
4023,104,123,190,205,19,15
4024,95,111,209,221,16,12
4025,112,124,200,209,12,9
4026,95,116,149,165,21,16
4027,112,125,217,226,13,9
4028,109,124,207,219,15,12
4029,105,125,225,240,20,15
4030,97,118,50,66,21,16
4031,100,122,106,123,22,17
4032,212,234,76,92,22,16
4033,208,235,30,50,27,20
4034,205,230,2,20,25,18
4035,85,99,178,189,14,11
4036,74,88,186,196,14,10
4037,182,216,79,105,34,26
4038,164,186,94,111,22,17
4039,164,200,61,87,36,26
4040,86,102,171,183,16,12
4041,115,127,118,128,12,10
4042,118,127,112,118,9,6
4043,117,127,106,113,10,7
4044,129,142,303,313,13,10
4045,149,165,66,78,16,12
4046,174,210,2,28,36,26
4047,98,115,93,105,17,12
4048,105,126,69,85,21,16
4049,102,126,288,306,24,18
4050,102,120,314,327,18,13
4051,100,120,197,212,20,15
4052,107,125,215,229,18,14
4053,93,113,181,196,20,15
4054,98,120,42,58,22,16
4055,98,120,56,72,22,16
4056,168,224,148,190,56,42
4057,144,171,163,183,27,20
4058,137,154,31,44,17,13
4059,127,146,43,57,19,14
4060,153,178,279,299,25,20
4061,156,181,319,338,25,19
4062,101,127,138,157,26,19
4063,93,110,155,169,17,14
4064,98,117,221,235,19,14
4065,91,102,203,212,11,9
4066,85,99,212,222,14,10
4067,95,110,282,293,15,11
4068,169,215,249,284,46,35
4069,164,198,213,239,34,26
4070,139,164,223,243,25,20
4071,149,177,247,267,28,20
4072,134,152,248,261,18,13
4073,104,122,226,239,18,13
4074,107,125,214,227,18,13
4075,191,236,279,312,45,33
4076,166,186,293,308,20,15
4077,105,122,288,301,17,13
4078,98,124,193,213,26,20
4079,95,119,160,177,24,17
4080,80,103,274,291,23,17
4081,68,85,296,309,17,13
4082,65,82,310,323,17,13
4083,148,187,272,302,39,30
4084,144,177,252,276,33,24
4085,215,233,42,56,18,14
4086,102,121,197,212,19,15
4087,150,186,250,277,36,27
4088,192,223,276,299,31,23
4089,215,236,291,307,21,16
4090,198,230,326,350,32,24
4091,168,202,325,350,34,25
4092,107,133,329,348,26,19
4093,182,225,74,106,43,32
4094,166,190,95,113,24,18
4095,98,119,97,113,21,16
4096,132,166,6,32,34,26
4097,88,105,85,98,17,13
4098,66,80,148,159,14,11
4099,78,93,297,309,15,12
4100,87,106,307,322,19,15
4101,72,90,321,335,18,14
4102,48,64,274,287,16,13
4103,54,69,32,43,15,11
4104,86,106,334,349,20,15
4105,92,114,326,342,22,16
4106,87,106,302,317,19,15
4107,84,95,288,297,11,9
4108,183,198,25,36,15,11
4109,161,171,45,52,10,7
4110,156,172,30,43,16,13
4111,157,172,19,30,15,11
4112,172,195,2,20,23,18
4113,131,143,101,110,12,9
4114,128,154,3,23,26,20
4115,151,175,305,323,24,18
4116,154,182,330,351,28,21
4117,76,102,299,319,26,20
4118,98,123,315,334,25,19
4119,123,161,266,294,38,28
4120,125,160,304,330,35,26
4121,94,114,335,350,20,15
4122,90,112,319,336,22,17
4123,103,120,301,314,17,13
4124,100,122,289,305,22,16
4125,71,90,250,264,19,14
4126,70,89,238,252,19,14
4127,112,145,13,37,33,24
4128,115,139,0,18,24,18
4129,87,108,246,262,21,16
4130,95,120,311,330,25,19
4131,116,143,1,21,27,20
4132,89,118,58,80,29,22
4133,105,121,46,58,16,12
4134,66,81,261,273,15,12
4135,83,97,268,279,14,11
4136,177,192,12,24,15,12
4137,98,116,108,121,18,13
4138,92,107,325,337,15,12
4139,90,108,293,307,18,14
4140,79,92,254,264,13,10
4141,137,164,16,37,27,21
4142,173,221,217,253,48,36
4143,171,203,254,277,32,23
4144,183,207,279,296,24,17
4145,166,215,297,334,49,37
4146,151,181,248,269,30,21
4147,132,162,280,303,30,23
4148,115,139,242,260,24,18
4149,112,141,222,243,29,21
4150,98,124,167,186,26,19
4151,80,95,169,180,15,11
4152,127,154,262,282,27,20
4153,72,84,116,125,12,9
4154,64,75,126,134,11,8
4155,198,232,3,28,34,25
4156,142,156,91,102,14,11
4157,126,166,327,356,40,29
4158,177,220,232,265,43,33
4159,175,219,187,220,44,33
4160,183,225,129,161,42,32
4161,193,229,92,119,36,27
4162,207,230,80,97,23,17
4163,154,188,85,111,34,26
4164,174,198,76,94,24,18
4165,163,196,55,80,33,25
4166,138,171,45,70,33,25
4167,199,227,7,28,28,21
4168,193,219,34,53,26,19
4169,107,131,7,25,24,18
4170,104,124,34,50,20,16
4171,76,91,168,179,15,11
4172,77,92,155,166,15,11
4173,90,120,315,337,30,22
4174,80,111,105,128,31,23
4175,49,64,42,53,15,11
4176,68,85,13,26,17,13
4177,49,68,16,30,19,14
4178,52,66,26,36,14,10
4179,51,66,35,45,15,10
4180,156,176,70,85,20,15
4181,142,154,99,108,12,9
4182,155,185,3,25,30,22
4183,132,152,5,20,20,15
4184,63,93,231,253,30,22
4185,111,144,324,348,33,24
4186,63,76,51,60,13,9
4187,171,213,36,68,42,32
4188,157,195,206,234,38,28
4189,203,234,239,262,31,23
4190,193,220,260,281,27,21
4191,106,127,27,43,21,16
4192,115,132,1,14,17,13
4193,63,80,210,223,17,13
4194,89,107,257,271,18,14
4195,90,111,240,256,21,16
4196,95,112,326,338,17,12
4197,90,103,202,212,13,10
4198,88,107,177,191,19,14
4199,92,112,108,123,20,15
4200,93,111,72,86,18,14
4201,98,119,48,64,21,16
4202,69,91,296,313,22,17
4203,66,91,317,335,25,18
4204,110,133,28,45,23,17
4205,105,131,11,30,26,19
4206,204,234,248,271,30,23
4207,105,132,267,288,27,21
4208,107,138,313,336,31,23
4209,84,105,319,335,21,16
4210,63,83,307,322,20,15
4211,56,76,288,303,20,15
4212,83,97,338,348,14,10
4213,60,89,21,43,29,22
4214,28,45,69,82,17,13
4215,39,56,49,62,17,13
4216,100,128,133,154,28,21
4217,95,115,95,110,20,15
4218,100,123,52,69,23,17
4219,105,131,13,33,26,20
4220,105,122,275,288,17,13
4221,101,122,307,323,21,16
4222,108,132,237,256,24,19
4223,115,129,230,240,14,10
4224,94,120,154,174,26,20
4225,95,119,171,190,24,19
4226,61,83,1,18,22,17
4227,83,103,319,333,20,14
4228,184,210,84,103,26,19
4229,196,225,16,37,29,21
4230,208,222,33,44,14,11
4231,185,213,5,26,28,21
4232,142,160,138,152,18,14
4233,146,161,92,103,15,11
4234,121,154,65,89,33,24
4235,128,148,63,78,20,15
4236,115,136,227,242,21,15
4237,136,164,254,275,28,21
4238,144,182,174,203,38,29
4239,191,222,196,219,31,23
4240,17,51,272,299,34,27
4241,8,28,202,217,20,15
4242,6,49,52,84,43,32
4243,12,68,1,42,56,41
4244,73,121,31,67,48,36
4245,57,77,225,240,20,15
4246,64,75,250,258,11,8
4247,76,85,243,250,9,7
4248,85,96,226,234,11,8
4249,88,95,213,219,7,6
4250,91,127,5,31,36,26
4251,105,142,299,327,37,28
4252,112,150,319,347,38,28
4253,124,156,324,348,32,24
4254,99,133,314,339,34,25
4255,95,126,332,355,31,23
4256,122,158,100,126,36,26
4257,136,175,308,338,39,30
4258,139,178,328,357,39,29
4259,112,143,316,339,31,23
4260,105,129,298,317,24,19
4261,102,127,307,326,25,19
4262,87,105,275,288,18,13
4263,91,112,322,337,21,15
4264,79,100,261,277,21,16
4265,111,136,293,311,25,18
4266,144,171,257,277,27,20
4267,82,107,249,268,25,19
4268,84,114,258,280,30,22
4269,79,106,287,308,27,21
4270,76,100,298,316,24,18
4271,87,110,324,342,23,18
4272,94,111,337,349,17,12
4273,66,86,313,329,20,16
4274,71,87,309,321,16,12
4275,49,65,280,291,16,11
4276,93,132,316,346,39,30
4277,75,102,299,319,27,20
4278,73,105,305,329,32,24
4279,36,56,63,78,20,15
4280,164,204,246,277,40,31
4281,171,210,269,298,39,29
4282,187,224,299,326,37,27
4283,205,238,300,325,33,25
4284,190,237,165,200,47,35
4285,198,237,32,62,39,30
4286,213,238,51,69,25,18
4287,215,238,72,89,23,17
4288,183,237,267,307,54,40
4289,137,169,325,350,32,25
4290,100,135,111,137,35,26
4291,112,137,13,32,25,19
4292,118,141,47,64,23,17
4293,142,173,218,241,31,23
4294,185,239,321,362,54,41
4295,97,124,302,322,27,20
4296,61,81,200,216,20,16
4297,54,75,188,203,21,15
4298,73,93,273,288,20,15
4299,145,188,30,63,43,33
4300,151,181,82,104,30,22
4301,138,181,93,125,43,32
4302,105,132,138,158,27,20
4303,134,164,171,194,30,23
4304,98,120,329,345,22,16
4305,104,124,334,349,20,15
4306,102,127,201,219,25,18
4307,175,234,212,257,59,45
4308,102,133,10,33,31,23
4309,82,105,76,93,23,17
4310,146,187,136,167,41,31
4311,154,187,107,132,33,25
4312,129,168,218,248,39,30
4313,125,162,233,260,37,27
4314,81,98,171,183,17,12
4315,79,99,175,190,20,15
4316,81,100,182,196,19,14
4317,81,102,186,202,21,16
4318,106,127,131,147,21,16
4319,94,111,141,154,17,13
4320,101,121,147,162,20,15
4321,104,133,175,197,29,22
4322,100,126,169,188,26,19
4323,86,107,167,183,21,16
4324,78,95,150,164,17,14
4325,98,124,206,225,26,19
4326,100,126,240,260,26,20
4327,105,129,253,270,24,17
4328,102,130,279,300,28,21
4329,95,120,316,335,25,19
4330,176,208,9,33,32,24
4331,186,219,28,53,33,25
4332,152,171,81,95,19,14
4333,86,106,165,180,20,15
4334,85,109,227,245,24,18
4335,90,107,322,335,17,13
4336,94,118,333,351,24,18
4337,87,110,26,44,23,18
4338,83,105,19,36,22,17
4339,87,110,161,178,23,17
4340,77,95,272,286,18,14
4341,80,104,292,309,24,17
4342,171,191,18,33,20,15
4343,169,215,95,130,46,35
4344,86,110,158,176,24,18
4345,90,110,168,183,20,15
4346,81,117,173,199,36,26
4347,103,128,6,24,25,18
4348,80,101,21,37,21,16
4349,92,110,328,341,18,13
4350,65,86,281,297,21,16
4351,63,89,232,252,26,20
4352,115,164,129,165,49,36
4353,89,120,308,331,31,23
4354,104,137,322,347,33,25
4355,97,132,333,359,35,26
4356,49,70,201,217,21,16
4357,42,61,176,190,19,14
4358,36,55,169,183,19,14
4359,75,103,297,318,28,21
4360,92,115,310,328,23,18
4361,95,117,34,50,22,16
4362,95,122,42,62,27,20
4363,103,123,10,25,20,15
4364,88,105,92,105,17,13
4365,89,110,66,81,21,15
4366,79,96,241,254,17,13
4367,80,102,249,265,22,16
4368,67,88,215,231,21,16
4369,69,86,105,118,17,13
4370,71,81,84,91,10,7
4371,95,119,115,133,24,18
4372,88,114,100,119,26,19
4373,91,117,73,92,26,19
4374,92,116,86,104,24,18
4375,102,138,232,258,36,26
4376,102,128,267,287,26,20
4377,109,133,311,329,24,18
4378,105,127,288,304,22,16
4379,76,98,159,175,22,16
4380,85,102,166,178,17,12
4381,73,89,148,160,16,12
4382,85,105,265,280,20,15
4383,87,107,272,288,20,16
4384,86,111,284,303,25,19
4385,93,114,294,310,21,16
4386,48,60,180,189,12,9
4387,47,57,170,178,10,8
4388,88,105,81,94,17,13
4389,6,24,228,241,18,13
4390,150,193,208,241,43,33
4391,144,193,219,255,49,36
4392,98,130,75,99,32,24
4393,76,91,117,128,15,11
4394,77,94,157,170,17,13
4395,87,106,183,197,19,14
4396,101,117,181,194,16,13
4397,102,128,212,231,26,19
4398,93,117,223,241,24,18
4399,191,239,244,279,48,35
4400,193,230,273,300,37,27
4401,211,237,285,304,26,19
4402,208,239,316,339,31,23
4403,76,89,185,194,13,9
4404,76,90,199,209,14,10
4405,64,75,206,214,11,8
4406,115,165,287,325,50,38
4407,63,84,227,242,21,15
4408,47,67,202,217,20,15
4409,43,55,178,187,12,9
4410,94,120,112,131,26,19
4411,101,134,146,171,33,25
4412,104,127,216,234,23,18
4413,102,127,174,193,25,19
4414,105,122,184,197,17,13
4415,35,45,239,247,10,8
4416,43,56,158,168,13,10
4417,106,134,204,225,28,21
4418,98,128,212,234,30,22
4419,98,129,260,283,31,23
4420,54,76,179,196,22,17
4421,59,73,192,203,14,11
4422,48,61,142,151,13,9
4423,51,64,21,31,13,10
4424,53,64,28,36,11,8
4425,88,135,17,53,47,36
4426,51,76,10,29,25,19
4427,80,109,304,325,29,21
4428,78,112,310,336,34,26
4429,107,133,7,27,26,20
4430,104,135,15,38,31,23
4431,84,107,296,313,23,17
4432,83,112,307,328,29,21
4433,99,126,336,357,27,21
4434,59,73,192,203,14,11
4435,60,75,188,199,15,11
4436,51,64,149,158,13,9
4437,49,62,154,164,13,10
4438,49,63,18,28,14,10
4439,65,85,243,258,20,15
4440,69,91,251,267,22,16
4441,88,114,293,312,26,19
4442,41,59,171,184,18,13
4443,37,57,179,194,20,15
4444,43,57,37,48,14,11
4445,128,160,17,41,32,24
4446,132,160,22,43,28,21
4447,141,169,71,92,28,21
4448,143,167,195,213,24,18
4449,148,174,195,215,26,20
4450,144,171,266,287,27,21
4451,132,158,311,331,26,20
4452,127,151,324,342,24,18
4453,95,108,227,236,13,9
4454,93,103,223,231,10,8
4455,95,105,246,254,10,8
4456,94,102,250,256,8,6
4457,121,139,64,77,18,13
4458,112,129,106,119,17,13
4459,109,134,7,26,25,19
4460,91,112,39,54,21,15
4461,116,144,25,46,28,21
4462,114,142,34,56,28,22
4463,92,116,47,65,24,18
4464,90,108,40,53,18,13
4465,96,115,23,37,19,14
4466,82,100,274,287,18,13
4467,76,90,254,265,14,11
4468,75,86,241,249,11,8
4469,66,82,104,116,16,12
4470,82,104,63,79,22,16
4471,103,129,148,168,26,20
4472,100,130,158,181,30,23
4473,132,170,48,76,38,28
4474,116,157,138,169,41,31
4475,119,163,150,183,44,33
4476,103,135,150,174,32,24
4477,101,144,193,226,43,33
4478,126,169,269,301,43,32
4479,172,189,61,73,17,12
4480,166,184,55,68,18,13
4481,189,214,16,35,25,19
4482,171,191,17,33,20,16
4483,147,159,88,97,12,9
4484,80,104,321,339,24,18
4485,93,126,313,338,33,25
4486,92,120,295,317,28,22
4487,107,132,279,297,25,18
4488,193,214,23,39,21,16
4489,190,217,5,25,27,20
4490,61,83,230,246,22,16
4491,101,121,284,299,20,15
4492,129,161,325,349,32,24
4493,122,149,315,334,27,19
4494,107,132,282,300,25,18
4495,117,144,40,60,27,20
4496,108,134,69,89,26,20
4497,93,111,79,93,18,14
4498,97,117,61,76,20,15
4499,95,115,29,43,20,14
4500,103,117,41,52,14,11
4501,88,108,99,114,20,15
4502,87,107,55,70,20,15
4503,92,110,316,329,18,13
4504,93,106,329,340,13,11
4505,150,168,89,103,18,14
4506,151,175,65,83,24,18
4507,70,91,293,309,21,16
4508,71,90,307,322,19,15
4509,65,82,317,330,17,13
4510,149,168,31,45,19,14
4511,91,111,297,311,20,14
4512,90,107,310,322,17,12
4513,90,113,319,336,23,17
4514,63,76,202,212,13,10
4515,149,182,46,71,33,25
4516,154,189,24,50,35,26
4517,156,191,3,30,35,27
4518,197,231,1,26,34,25
4519,155,168,77,87,13,10
4520,155,172,64,77,17,13
4521,152,168,87,98,16,11
4522,151,170,95,109,19,14
4523,202,236,178,204,34,26
4524,88,109,129,145,21,16
4525,173,223,136,174,50,38
4526,186,230,72,106,44,34
4527,115,139,25,43,24,18
4528,105,132,6,26,27,20
4529,95,111,108,121,16,13
4530,87,112,75,94,25,19
4531,85,105,61,76,20,15
4532,89,122,321,345,33,24
4533,54,71,281,294,17,13
4534,65,85,321,337,20,16
4535,120,156,186,212,36,26
4536,88,110,235,251,22,16
4537,86,107,180,195,21,15
4538,90,112,163,179,22,16
4539,102,127,20,38,25,18
4540,161,174,25,35,13,10
4541,166,176,21,28,10,7
4542,144,166,38,55,22,17
4543,142,168,1,21,26,20
4544,102,121,218,232,19,14
4545,96,117,200,216,21,16
4546,97,115,190,203,18,13
4547,83,102,164,178,19,14
4548,95,119,34,53,24,19
4549,93,111,51,65,18,14
4550,109,152,85,118,43,33
4551,63,89,227,246,26,19
4552,56,76,29,44,20,15
4553,37,48,77,85,11,8
4554,107,144,295,322,37,27
4555,128,159,82,105,31,23
4556,117,142,188,207,25,19
4557,119,140,207,223,21,16
4558,108,131,264,281,23,17
4559,110,133,278,295,23,17
4560,104,129,115,134,25,19
4561,95,115,83,98,20,15
4562,194,230,44,71,36,27
4563,195,226,93,116,31,23
4564,189,226,116,143,37,27
4565,212,231,145,159,19,14
4566,78,103,223,243,25,20
4567,110,136,26,45,26,19
4568,162,193,18,42,31,24
4569,168,200,1,25,32,24
4570,134,180,178,212,46,34
4571,167,216,96,133,49,37
4572,134,164,27,49,30,22
4573,117,154,153,181,37,28
4574,102,128,128,147,26,19
4575,93,117,302,321,24,19
4576,98,126,318,338,28,20
4577,108,137,327,349,29,22
4578,61,85,238,256,24,18
4579,57,81,222,240,24,18
4580,111,139,225,246,28,21
4581,190,235,188,222,45,34
4582,209,237,236,257,28,21
4583,210,237,270,290,27,20
4584,93,110,128,140,17,12
4585,93,123,201,224,30,23
4586,180,222,72,103,42,31
4587,166,206,33,63,40,30
4588,195,225,149,171,30,22
4589,217,237,244,258,20,14
4590,210,235,131,150,25,19
4591,88,108,112,127,20,15
4592,89,105,98,111,16,13
4593,88,104,75,87,16,12
4594,202,236,20,46,34,26
4595,114,140,19,39,26,20
4596,85,106,103,119,21,16
4597,136,166,7,30,30,23
4598,107,124,247,259,17,12
4599,109,131,4,21,22,17
4600,98,111,43,53,13,10
4601,72,81,127,134,9,7
4602,66,80,157,167,14,10
4603,159,175,24,36,16,12
4604,75,90,53,65,15,12
4605,98,132,85,110,34,25
4606,104,119,107,118,15,11
4607,51,68,262,275,17,13
4608,77,95,315,329,18,14
4609,88,106,336,350,18,14
4610,62,78,317,329,16,12
4611,90,107,226,239,17,13
4612,83,107,324,342,24,18
4613,71,90,256,270,19,14
4614,84,105,169,185,21,16
4615,219,238,151,165,19,14
4616,137,178,7,38,41,31
4617,88,114,294,314,26,20
4618,73,93,274,289,20,15
4619,63,83,261,276,20,15
4620,61,80,223,237,19,14
4621,59,77,215,228,18,13
4622,49,62,190,200,13,10
4623,44,56,181,190,12,9
4624,49,60,175,183,11,8
4625,110,145,291,318,35,27
4626,111,139,312,334,28,22
4627,109,139,329,352,30,23
4628,93,115,54,70,22,16
4629,125,159,0,25,34,25
4630,139,178,318,348,39,30
4631,80,98,186,199,18,13
4632,147,180,236,261,33,25
4633,154,185,275,298,31,23
4634,145,167,187,204,22,17
4635,162,178,165,177,16,12
4636,149,170,172,188,21,16
4637,141,158,162,175,17,13
4638,137,157,151,166,20,15
4639,149,171,133,149,22,16
4640,145,173,108,129,28,21
4641,146,168,69,86,22,17
4642,149,170,49,65,21,16
4643,136,158,302,319,22,17
4644,128,144,313,325,16,12
4645,142,161,26,41,19,15
4646,54,75,204,220,21,16
4647,103,134,312,335,31,23
4648,88,117,324,346,29,22
4649,135,174,207,236,39,29
4650,136,172,176,203,36,27
4651,115,138,187,205,23,18
4652,101,122,204,220,21,16
4653,86,106,132,147,20,15
4654,80,98,161,175,18,14
4655,112,131,174,188,19,14
4656,90,107,189,201,17,12
4657,196,232,4,32,36,28
4658,63,78,199,210,15,11
4659,61,74,188,198,13,10
4660,117,139,158,175,22,17
4661,141,168,71,92,27,21
4662,140,168,30,50,28,20
4663,130,151,19,35,21,16
4664,68,86,315,329,18,14
4665,58,80,294,310,22,16
4666,129,147,49,62,18,13
4667,110,144,26,51,34,25
4668,110,147,56,84,37,28
4669,53,73,275,289,20,14
4670,137,178,7,38,41,31
4671,88,117,283,304,29,21
4672,81,102,303,319,21,16
4673,104,127,4,22,23,18
4674,99,122,83,100,23,17
4675,94,114,135,150,20,15
4676,96,112,151,163,16,12
4677,91,110,164,178,19,14
4678,109,127,227,241,18,14
4679,106,129,211,228,23,17
4680,112,129,327,340,17,13
4681,85,101,98,111,16,13
4682,216,234,101,115,18,14
4683,185,227,319,350,42,31
4684,132,156,280,299,24,19
4685,127,153,271,290,26,19
4686,118,141,264,281,23,17
4687,121,142,248,264,21,16
4688,122,146,230,248,24,18
4689,107,131,219,237,24,18
4690,112,141,202,224,29,22
4691,109,137,182,203,28,21
4692,101,124,161,178,23,17
4693,106,131,305,324,25,19
4694,102,128,286,305,26,19
4695,97,125,290,312,28,22
4696,82,109,270,290,27,20
4697,79,102,287,304,23,17
4698,63,78,301,312,15,11
4699,78,90,319,329,12,10
4700,94,115,320,335,21,15
4701,64,80,320,332,16,12
4702,95,128,217,242,33,25
4703,110,142,285,309,32,24
4704,110,142,306,330,32,24
4705,106,127,2,17,21,15
4706,105,125,23,38,20,15
4707,100,120,35,50,20,15
4708,83,104,59,75,21,16
4709,86,117,318,341,31,23
4710,79,102,260,278,23,18
4711,54,73,298,312,19,14
4712,70,86,306,318,16,12
4713,65,81,326,338,16,12
4714,94,112,324,338,18,14
4715,103,125,0,17,22,17
4716,113,137,247,265,24,18
4717,103,127,228,246,24,18
4718,116,144,329,350,28,21
4719,156,177,74,90,21,16
4720,157,176,59,73,19,14
4721,126,144,276,290,18,14
4722,140,159,144,158,19,14
4723,66,81,193,205,15,12
4724,63,78,203,214,15,11
4725,68,80,215,224,12,9
4726,159,194,32,59,35,27
4727,182,222,3,33,40,30
4728,127,161,2,28,34,26
4729,76,99,237,255,23,18
4730,214,239,33,51,25,18
4731,173,190,19,31,17,12
4732,97,124,169,189,27,20
4733,104,131,72,93,27,21
4734,95,122,101,121,27,20
4735,91,108,92,105,17,13
4736,96,124,3,24,28,21
4737,54,76,13,29,22,16
4738,89,110,325,341,21,16
4739,79,93,275,285,14,10
4740,120,142,34,51,22,17
4741,99,115,50,61,16,11
4742,100,122,11,27,22,16
4743,176,200,20,38,24,18
4744,217,236,7,22,19,15
4745,225,237,64,73,12,9
4746,213,234,78,93,21,15
4747,103,130,116,137,27,21
4748,100,120,142,156,20,14
4749,105,129,213,231,24,18
4750,110,127,234,247,17,13
4751,83,102,261,275,19,14
4752,105,128,17,34,23,17
4753,108,132,5,22,24,17
4754,116,140,218,236,24,18
4755,68,90,259,276,22,17
4756,110,138,255,276,28,21
4757,97,128,267,291,31,24
4758,89,118,51,73,29,22
4759,71,98,68,87,27,19
4760,63,85,80,97,22,17
4761,66,87,95,111,21,16
4762,68,96,184,204,28,20
4763,35,54,58,72,19,14
4764,41,55,47,58,14,11
4765,63,80,22,35,17,13
4766,54,71,7,19,17,12
4767,89,114,314,332,25,18
4768,78,102,274,292,24,18
4769,58,77,223,237,19,14
4770,56,81,202,220,25,18
4771,74,93,255,269,19,14
4772,79,101,129,145,22,16
4773,89,110,60,76,21,16
4774,84,102,74,88,18,14
4775,90,110,97,111,20,14
4776,80,95,91,102,15,11
4777,69,92,19,36,23,17
4778,115,141,288,307,26,19
4779,113,136,307,324,23,17
4780,105,131,319,339,26,20
4781,110,130,334,349,20,15
4782,95,117,279,296,22,17
4783,118,145,5,25,27,20
4784,109,131,19,35,22,16
4785,83,102,119,134,19,15
4786,98,116,325,339,18,14
4787,96,112,339,350,16,11
4788,166,181,11,22,15,11
4789,156,170,22,32,14,10
4790,141,154,34,44,13,10
4791,71,93,4,20,22,16
4792,159,174,70,82,15,12
4793,181,204,1,19,23,18
4794,99,123,307,325,24,18
4795,105,124,327,341,19,14
4796,108,139,1,24,31,23
4797,89,122,46,71,33,25
4798,83,119,21,48,36,27
4799,83,122,319,348,39,29
4800,64,89,278,297,25,19
4801,121,146,94,113,25,19
4802,122,151,268,290,29,22
4803,111,135,303,322,24,19
4804,109,130,326,342,21,16
4805,134,156,49,65,22,16
4806,127,150,28,46,23,18
4807,114,130,49,61,16,12
4808,159,198,315,345,39,30
4809,197,237,312,342,40,30
4810,117,139,10,27,22,17
4811,117,148,0,23,31,23
4812,115,142,234,254,27,20
4813,79,109,331,353,30,22
4814,56,73,292,305,17,13
4815,147,165,39,52,18,13
4816,139,161,107,123,22,16
4817,142,168,279,299,26,20
4818,144,176,323,346,32,23
4819,144,164,18,33,20,15
4820,138,163,1,19,25,18
4821,82,111,223,245,29,22
4822,39,56,59,72,17,13
4823,51,69,11,24,18,13
4824,36,60,20,38,24,18
4825,39,58,47,61,19,14
4826,112,134,223,240,22,17
4827,85,102,128,141,17,13
4828,90,115,173,191,25,18
4829,93,120,145,166,27,21
4830,151,166,69,80,15,11
4831,149,171,82,98,22,16
4832,122,142,171,186,20,15
4833,127,143,217,229,16,12
4834,213,237,30,48,24,18
4835,80,112,300,324,32,24
4836,83,114,254,277,31,23
4837,57,74,25,38,17,13
4838,109,133,287,305,24,18
4839,103,127,245,263,24,18
4840,97,121,167,185,24,18
4841,102,117,188,199,15,11
4842,104,116,217,226,12,9
4843,104,120,231,243,16,12
4844,106,127,226,242,21,16
4845,105,127,198,215,22,17
4846,108,131,169,186,23,17
4847,100,122,294,310,22,16
4848,100,122,271,287,22,16
4849,95,123,320,341,28,21
4850,73,88,332,344,15,12
4851,70,87,323,336,17,13
4852,71,90,310,325,19,15
4853,31,43,248,257,12,9
4854,50,64,269,279,14,10
4855,54,68,291,302,14,11
4856,44,61,278,290,17,12
4857,90,119,235,257,29,22
4858,103,132,298,320,29,22
4859,80,101,300,316,21,16
4860,61,83,211,227,22,16
4861,58,82,241,259,24,18
4862,76,99,259,277,23,18
4863,114,143,334,356,29,22
4864,95,112,334,347,17,13
4865,35,53,111,124,18,13
4866,94,128,164,190,34,26
4867,89,117,204,225,28,21
4868,90,124,274,299,34,25
4869,73,97,301,318,24,17
4870,64,78,305,315,14,10
4871,49,63,276,287,14,11
4872,58,71,285,295,13,10
4873,149,179,265,287,30,22
4874,143,167,5,23,24,18
4875,126,147,34,50,21,16
4876,135,166,5,28,31,23
4877,145,190,104,138,45,34
4878,175,196,55,71,21,16
4879,163,178,51,63,15,12
4880,91,112,141,157,21,16
4881,92,112,174,189,20,15
4882,95,118,70,88,23,18
4883,102,125,10,27,23,17
4884,110,133,9,26,23,17
4885,102,127,0,19,25,19
4886,82,103,77,93,21,16
4887,102,122,316,330,20,14
4888,180,233,310,350,53,40
4889,111,146,33,59,35,26
4890,113,143,10,32,30,22
4891,79,100,251,267,21,16
4892,81,107,278,297,26,19
4893,146,190,213,246,44,33
4894,195,234,177,206,39,29
4895,165,200,8,35,35,27
4896,129,146,66,79,17,13
4897,143,162,23,37,19,14
4898,46,62,269,282,16,13
4899,170,204,60,85,34,25
4900,88,117,199,221,29,22
4901,83,102,326,341,19,15
4902,38,57,269,283,19,14
4903,75,93,337,351,18,14
4904,105,151,149,183,46,34
4905,112,146,319,345,34,26
4906,80,102,273,290,22,17
4907,62,80,220,233,18,13
4908,92,108,302,314,16,12
4909,83,105,286,303,22,17
4910,45,65,178,193,20,15
4911,49,74,197,215,25,18
4912,57,72,212,223,15,11
4913,95,129,310,335,34,25
4914,188,219,9,33,31,24
4915,146,164,52,66,18,14
4916,181,227,135,170,46,35
4917,159,190,9,33,31,24
4918,181,213,0,25,32,25
4919,81,112,284,308,31,24
4920,89,111,304,321,22,17
4921,88,121,320,345,33,25
4922,51,71,289,304,20,15
4923,76,109,219,243,33,24
4924,112,147,260,286,35,26
4925,122,158,294,321,36,27
4926,96,122,312,332,26,20
4927,121,147,326,346,26,20
4928,94,115,326,342,21,16
4929,113,144,311,335,31,24
4930,118,145,331,352,27,21
4931,129,153,212,230,24,18
4932,136,178,192,223,42,31
4933,155,190,228,255,35,27
4934,174,206,241,265,32,24
4935,190,232,258,290,42,32
4936,215,233,289,303,18,14
4937,204,235,305,328,31,23
4938,121,161,273,304,40,31
4939,148,186,315,343,38,28
4940,121,146,230,249,25,19
4941,201,233,242,266,32,24
4942,78,100,156,172,22,16
4943,81,99,301,314,18,13
4944,95,119,332,350,24,18
4945,177,227,260,297,50,37
4946,186,229,295,327,43,32
4947,112,139,233,254,27,21
4948,113,136,209,226,23,17
4949,105,129,201,219,24,18
4950,104,129,184,203,25,19
4951,128,178,45,83,50,38
4952,57,83,206,225,26,19
4953,82,120,321,349,38,28
4954,151,193,168,199,42,31
4955,178,230,186,226,52,40
4956,134,160,173,193,26,20
4957,137,166,193,215,29,22
4958,131,164,209,234,33,25
4959,149,185,220,247,36,27
4960,203,234,236,260,31,24
4961,195,222,254,274,27,20
4962,183,210,279,299,27,20
4963,151,180,271,293,29,22
4964,129,161,259,284,32,25
4965,135,155,243,257,20,14
4966,161,193,243,267,32,24
4967,109,128,231,245,19,14
4968,109,132,286,303,23,17
4969,136,178,287,319,42,32
4970,107,124,314,326,17,12
4971,102,123,180,196,21,16
4972,97,120,207,224,23,17
4973,97,146,120,156,49,36
4974,87,114,175,196,27,21
4975,76,104,214,235,28,21
4976,80,107,241,261,27,20
4977,83,106,256,273,23,17
4978,98,122,285,303,24,18
4979,73,95,274,290,22,16
4980,84,111,43,63,27,20
4981,98,145,147,183,47,36
4982,110,146,303,331,36,28
4983,110,142,329,353,32,24
4984,89,117,327,348,28,21
4985,93,126,3,27,33,24
4986,41,60,48,62,19,14
4987,59,83,24,42,24,18
4988,60,79,16,30,19,14
4989,100,144,219,251,44,32
4990,124,164,299,329,40,30
4991,77,97,253,268,20,15
4992,66,90,267,285,24,18
4993,56,91,1,28,35,27
4994,98,117,167,182,19,15
4995,103,124,226,242,21,16
4996,67,90,278,295,23,17
4997,54,69,283,294,15,11
4998,98,123,141,160,25,19
4999,93,121,117,139,28,22
5000,117,146,1,23,29,22
5001,90,108,97,110,18,13
5002,88,106,77,91,18,14
5003,72,89,266,279,17,13
5004,161,181,65,80,20,15
5005,142,157,103,115,15,12
5006,150,163,67,77,13,10
5007,104,131,9,29,27,20
5008,157,174,81,94,17,13
5009,155,178,61,78,23,17
5010,215,238,10,27,23,17
5011,136,159,69,86,23,17
5012,132,158,45,65,26,20
5013,115,134,248,262,19,14
5014,118,131,265,275,13,10
5015,85,102,294,307,17,13
5016,73,96,245,262,23,17
5017,58,78,171,187,20,16
5018,108,146,186,214,38,28
5019,110,144,248,273,34,25
5020,121,156,311,338,35,27
5021,104,132,321,342,28,21
5022,79,103,266,284,24,18
5023,66,92,255,274,26,19
5024,57,78,232,248,21,16
5025,124,163,272,302,39,30
5026,110,137,282,303,27,21
5027,158,200,116,147,42,31
5028,133,170,238,265,37,27
5029,85,103,191,204,18,13
5030,82,102,175,190,20,15
5031,186,207,48,64,21,16
5032,164,183,49,63,19,14
5033,159,179,57,72,20,15
5034,161,184,69,87,23,18
5035,183,213,25,48,30,23
5036,104,132,3,24,28,21
5037,42,61,86,99,19,13
5038,93,117,95,113,24,18
5039,131,153,35,51,22,16
5040,135,165,6,28,30,22
5041,151,179,328,349,28,21
5042,100,139,92,120,39,28
5043,100,134,61,87,34,26
5044,71,93,233,250,22,17
5045,61,83,263,280,22,17
5046,33,51,75,89,18,14
5047,87,103,247,260,16,13
5048,93,111,301,314,18,13
5049,99,112,334,344,13,10
5050,85,95,237,244,10,7
5051,93,109,229,241,16,12
5052,98,117,26,40,19,14
5053,95,122,282,302,27,20
5054,54,66,169,178,12,9
5055,144,164,86,101,20,15
5056,181,204,32,49,23,17
5057,178,201,14,31,23,17
5058,179,205,1,20,26,19
5059,88,129,174,205,41,31
5060,93,122,291,313,29,22
5061,44,62,210,224,18,14
5062,68,85,294,307,17,13
5063,54,70,284,296,16,12
5064,70,90,315,331,20,16
5065,93,126,68,93,33,25
5066,162,182,24,39,20,15
5067,90,129,287,316,39,29
5068,86,110,225,243,24,18
5069,86,110,280,297,24,17
5070,100,124,11,29,24,18
5071,137,154,33,47,17,14
5072,134,160,17,36,26,19
5073,142,164,52,68,22,16
5074,132,151,69,83,19,14
5075,132,147,237,249,15,12
5076,162,195,220,245,33,25
5077,169,197,50,71,28,21
5078,89,115,127,146,26,19
5079,76,112,193,220,36,27
5080,76,102,226,245,26,19
5081,60,85,241,260,25,19
5082,80,113,306,331,33,25
5083,61,84,266,283,23,17
5084,71,98,124,144,27,20
5085,78,103,112,131,25,19
5086,103,145,85,117,42,32
5087,75,101,26,46,26,20
5088,69,100,4,27,31,23
5089,80,103,56,73,23,17
5090,73,96,71,88,23,17
5091,99,129,63,85,30,22
5092,86,109,84,101,23,17
5093,190,236,44,79,46,35
5094,142,163,47,63,21,16
5095,138,162,32,50,24,18
5096,145,179,7,33,34,26
5097,105,132,20,40,27,20
5098,102,123,332,348,21,16
5099,129,157,102,123,28,21
5100,122,150,81,101,28,20
5101,185,222,64,92,37,28
5102,181,222,37,68,41,31
5103,50,72,274,291,22,17
5104,145,174,211,233,29,22
5105,150,181,296,319,31,23
5106,151,172,72,88,21,16
5107,151,173,5,22,22,17
5108,71,103,228,252,32,24
5109,80,113,6,31,33,25
5110,75,108,29,54,33,25
5111,76,102,50,69,26,19
5112,98,127,88,111,29,23
5113,67,83,137,150,16,13
5114,112,137,323,342,25,19
5115,133,157,220,238,24,18
5116,150,170,316,331,20,15
5117,152,178,332,351,26,19
5118,140,159,73,87,19,14
5119,142,158,40,52,16,12
5120,134,156,57,74,22,17
5121,70,93,307,325,23,18
5122,82,102,329,344,20,15
5123,69,88,322,336,19,14
5124,67,88,286,302,21,16
5125,57,78,110,126,21,16
5126,54,66,123,133,12,10
5127,88,104,325,337,16,12
5128,80,96,308,320,16,12
5129,99,123,118,136,24,18
5130,96,117,80,96,21,16
5131,100,121,69,85,21,16
5132,107,134,234,254,27,20
5133,93,116,212,229,23,17
5134,98,113,199,211,15,12
5135,162,185,57,74,23,17
5136,182,221,6,35,39,29
5137,92,116,94,112,24,18
5138,92,120,79,100,28,21
5139,93,109,69,82,16,13
5140,98,125,38,59,27,21
5141,98,124,6,26,26,20
5142,91,115,154,172,24,18
5143,98,117,174,187,19,13
5144,100,122,308,325,22,17
5145,103,129,226,245,26,19
5146,204,239,128,154,35,26
5147,66,87,30,46,21,16
5148,39,54,153,164,15,11
5149,125,164,92,120,39,28
5150,135,172,67,94,37,27
5151,188,236,238,275,48,37
5152,173,224,3,40,51,37
5153,81,108,74,94,27,20
5154,118,142,176,194,24,18
5155,116,140,157,175,24,18
5156,115,142,31,51,27,20
5157,68,92,153,171,24,18
5158,89,108,314,328,19,14
5159,98,120,323,340,22,17
5160,93,111,335,348,18,13
5161,102,122,281,296,20,15
5162,94,115,254,269,21,15
5163,100,124,264,282,24,18
5164,144,175,202,225,31,23
5165,124,144,65,80,20,15
5166,128,146,43,56,18,13
5167,122,142,322,338,20,16
5168,112,127,111,122,15,11
5169,101,135,17,42,34,25
5170,77,112,205,231,35,26
5171,87,124,225,253,37,28
5172,78,105,300,320,27,20
5173,88,115,329,350,27,21
5174,48,66,269,282,18,13
5175,47,65,280,293,18,13
5176,60,76,310,322,16,12
5177,101,129,4,25,28,21
5178,134,177,106,139,43,33
5179,122,156,14,40,34,26
5180,118,153,1,27,35,26
5181,100,128,273,294,28,21
5182,88,107,309,323,19,14
5183,89,106,295,308,17,13
5184,62,78,207,219,16,12
5185,62,78,195,207,16,12
5186,109,127,203,216,18,13
5187,111,129,194,208,18,14
5188,90,110,143,158,20,15
5189,91,115,29,47,24,18
5190,104,126,226,243,22,17
5191,102,124,276,293,22,17
5192,98,117,124,138,19,14
5193,91,112,187,203,21,16
5194,98,122,209,227,24,18
5195,101,126,295,313,25,18
5196,100,127,316,336,27,20
5197,120,152,187,211,32,24
5198,95,120,145,164,25,19
5199,102,132,166,188,30,22
5200,110,134,201,220,24,19
5201,116,137,215,231,21,16
5202,119,145,223,243,26,20
5203,117,150,243,268,33,25
5204,98,118,226,241,20,15
5205,112,129,326,339,17,13
5206,137,179,172,204,42,32
5207,140,173,311,336,33,25
5208,125,147,304,320,22,16
5209,100,124,296,314,24,18
5210,115,141,194,213,26,19
5211,112,137,285,303,25,18
5212,81,99,316,329,18,13
5213,205,237,1,25,32,24
5214,128,144,172,183,16,11
5215,185,206,35,51,21,16
5216,168,193,14,33,25,19
5217,110,146,310,337,36,27
5218,90,122,319,344,32,25
5219,81,112,300,323,31,23
5220,74,101,316,336,27,20
5221,147,190,23,55,43,32
5222,68,85,222,235,17,13
5223,59,72,14,23,13,9
5224,60,73,27,37,13,10
5225,80,115,152,178,35,26
5226,91,123,80,104,32,24
5227,62,82,11,26,20,15
5228,58,76,298,311,18,13
5229,139,167,173,195,28,22
5230,144,168,150,168,24,18
5231,146,170,95,113,24,18
5232,139,170,70,93,31,23
5233,142,172,19,41,30,22
5234,120,142,303,320,22,17
5235,76,110,201,227,34,26
5236,65,88,239,256,23,17
5237,71,88,263,276,17,13
5238,68,88,252,267,20,15
5239,102,128,317,336,26,19
5240,98,119,333,349,21,16
5241,51,67,175,187,16,12
5242,42,62,194,209,20,15
5243,95,132,99,127,37,28
5244,105,129,216,233,24,17
5245,102,125,234,251,23,17
5246,81,111,154,176,30,22
5247,100,124,180,198,24,18
5248,95,120,195,213,25,18
5249,168,215,40,76,47,36
5250,96,134,321,350,38,29
5251,111,144,147,172,33,25
5252,144,167,44,61,23,17
5253,146,166,33,48,20,15
5254,143,159,16,28,16,12
5255,143,162,23,37,19,14
5256,81,112,302,325,31,23
5257,76,117,309,340,41,31
5258,106,143,323,350,37,27
5259,102,136,20,45,34,25
5260,49,71,83,100,22,17
5261,121,164,223,255,43,32
5262,170,220,260,298,50,38
5263,97,125,179,200,28,21
5264,105,129,161,179,24,18
5265,109,133,288,306,24,18
5266,100,122,276,293,22,17
5267,118,151,100,125,33,25
5268,121,149,73,94,28,21
5269,120,152,176,200,32,24
5270,112,134,197,214,22,17
5271,112,137,203,221,25,18
5272,113,138,220,239,25,19
5273,113,138,239,258,25,19
5274,139,171,19,42,32,23
5275,114,130,265,277,16,12
5276,112,132,274,290,20,16
5277,118,144,181,200,26,19
5278,126,150,39,57,24,18
5279,124,158,79,104,34,25
5280,86,111,209,228,25,19
5281,82,100,247,261,18,14
5282,78,96,259,272,18,13
5283,89,106,249,262,17,13
5284,88,105,260,273,17,13
5285,88,109,268,284,21,16
5286,84,105,280,295,21,15
5287,85,104,288,303,19,15
5288,150,169,30,44,19,14
5289,85,101,156,168,16,12
5290,85,104,251,265,19,14
5291,81,95,265,275,14,10
5292,89,107,284,297,18,13
5293,96,115,334,348,19,14
5294,58,85,291,311,27,20
5295,80,100,320,335,20,15
5296,93,114,326,342,21,16
5297,92,127,302,328,35,26
5298,71,109,319,347,38,28
5299,97,131,324,349,34,25
5300,78,111,37,62,33,25
5301,61,85,315,333,24,18
5302,53,67,284,294,14,10
5303,51,63,274,283,12,9
5304,95,111,331,342,16,11
5305,96,113,337,350,17,13
5306,92,112,45,60,20,15
5307,90,112,58,75,22,17
5308,94,121,23,44,27,21
5309,98,120,285,301,22,16
5310,93,112,312,326,19,14
5311,93,112,324,338,19,14
5312,100,129,2,24,29,22
5313,85,115,328,351,30,23
5314,197,229,304,328,32,24
5315,171,219,320,356,48,36
5316,193,229,204,231,36,27
5317,205,235,195,217,30,22
5318,203,230,180,200,27,20
5319,90,117,312,332,27,20
5320,102,121,106,120,19,14
5321,105,124,94,108,19,14
5322,145,173,179,199,28,20
5323,146,179,291,315,33,24
5324,127,149,146,162,22,16
5325,133,155,42,59,22,17
5326,131,150,69,83,19,14
5327,90,122,232,256,32,24
5328,54,73,197,212,19,15
5329,144,163,34,48,19,14
5330,95,117,200,216,22,16
5331,99,126,1,22,27,21
5332,198,237,305,334,39,29
5333,108,142,247,272,34,25
5334,76,99,261,278,23,17
5335,56,86,238,260,30,22
5336,93,127,304,329,34,25
5337,79,102,300,317,23,17
5338,85,105,317,331,20,14
5339,53,72,53,68,19,15
5340,45,62,166,179,17,13
5341,43,63,183,198,20,15
5342,95,120,313,332,25,19
5343,54,67,168,178,13,10
5344,102,126,1,19,24,18
5345,124,157,6,31,33,25
5346,58,73,206,217,15,11
5347,60,75,198,209,15,11
5348,70,82,244,253,12,9
5349,76,99,289,306,23,17
5350,124,159,1,27,35,26
5351,86,100,299,309,14,10
5352,106,129,11,28,23,17
5353,106,120,30,41,14,11
5354,93,112,108,123,19,15
5355,88,111,329,347,23,18
5356,86,102,318,330,16,12
5357,110,136,157,177,26,20
5358,110,137,142,162,27,20
5359,150,181,255,278,31,23
5360,159,185,329,348,26,19
5361,146,166,326,340,20,14
5362,144,166,79,95,22,16
5363,145,168,64,81,23,17
5364,139,168,30,51,29,21
5365,106,127,227,242,21,15
5366,106,127,208,224,21,16
5367,92,110,184,198,18,14
5368,89,110,134,150,21,16
5369,90,107,119,131,17,12
5370,98,117,68,83,19,15
5371,93,111,63,77,18,14
5372,98,112,102,112,14,10
5373,88,102,91,102,14,11
5374,50,73,193,210,23,17
5375,60,78,227,241,18,14
5376,118,144,1,20,26,19
5377,90,109,241,255,19,14
5378,88,105,213,226,17,13
5379,85,109,175,193,24,18
5380,88,107,9,24,19,15
5381,113,136,282,299,23,17
5382,124,149,207,226,25,19
5383,122,144,223,240,22,17
5384,101,120,286,300,19,14
5385,95,116,296,311,21,15
5386,100,118,311,324,18,13
5387,79,97,268,282,18,14
5388,82,98,284,297,16,13
5389,83,104,127,143,21,16
5390,90,117,300,320,27,20
5391,114,137,17,34,23,17
5392,78,100,119,136,22,17
5393,100,119,26,40,19,14
5394,105,132,9,29,27,20
5395,95,119,49,66,24,17
5396,96,122,73,92,26,19
5397,98,120,91,108,22,17
5398,96,117,105,121,21,16
5399,95,114,118,132,19,14
5400,99,117,132,146,18,14
5401,101,126,142,161,25,19
5402,103,122,171,185,19,14
5403,100,116,182,194,16,12
5404,92,108,186,199,16,13
5405,98,120,212,228,22,16
5406,102,122,231,245,20,14
5407,100,125,246,264,25,18
5408,103,127,312,330,24,18
5409,85,101,161,173,16,12
5410,114,144,142,165,30,23
5411,117,152,110,136,35,26
5412,88,110,244,260,22,16
5413,76,104,228,249,28,21
5414,84,105,300,315,21,15
5415,87,103,294,306,16,12
5416,68,83,238,250,15,12
5417,64,83,228,242,19,14
5418,152,183,323,346,31,23
5419,137,159,41,58,22,17
5420,129,150,5,21,21,16
5421,129,145,59,72,16,13
5422,117,137,92,107,20,15
5423,83,106,56,73,23,17
5424,161,188,4,25,27,21
5425,29,58,245,267,29,22
5426,199,234,23,49,35,26
5427,217,238,146,161,21,15
5428,48,71,29,46,23,17
5429,200,237,206,233,37,27
5430,178,226,307,343,48,36
5431,115,145,2,25,30,23
5432,151,189,0,29,38,29
5433,115,136,308,324,21,16
5434,106,120,319,330,14,11
5435,124,139,322,333,15,11
5436,76,92,249,261,16,12
5437,79,91,269,278,12,9
5438,94,107,267,277,13,10
5439,96,112,289,302,16,13
5440,122,138,338,351,16,13
5441,113,129,331,343,16,12
5442,107,120,339,349,13,10
5443,89,105,236,248,16,12
5444,88,105,124,136,17,12
5445,91,110,307,321,19,14
5446,110,129,17,32,19,15
5447,95,110,39,51,15,12
5448,93,107,50,61,14,11
5449,61,76,267,279,15,12
5450,50,61,276,284,11,8
5451,124,168,314,347,44,33
5452,81,114,252,276,33,24
5453,83,110,294,314,27,20
5454,90,114,305,323,24,18
5455,58,80,5,22,22,17
5456,193,218,47,67,25,20
5457,144,162,88,101,18,13
5458,123,137,267,277,14,10
5459,69,88,35,49,19,14
5460,156,171,33,44,15,11
5461,146,169,157,174,23,17
5462,150,175,214,232,25,18
5463,152,180,260,281,28,21
5464,154,174,313,328,20,15
5465,147,164,307,320,17,13
5466,143,167,95,113,24,18
5467,149,173,79,97,24,18
5468,151,174,65,83,23,18
5469,151,176,37,57,25,20
5470,154,176,78,94,22,16
5471,168,187,64,78,19,14
5472,165,183,54,67,18,13
5473,216,235,31,45,19,14
5474,97,113,96,108,16,12
5475,175,190,13,25,15,12
5476,160,187,52,72,27,20
5477,216,237,36,51,21,15
5478,173,195,7,24,22,17
5479,91,106,321,332,15,11
5480,93,112,331,345,19,14
5481,182,213,189,213,31,24
5482,142,162,141,156,20,15
5483,146,159,34,44,13,10
5484,73,100,297,318,27,21
5485,52,71,18,32,19,14
5486,55,69,31,42,14,11
5487,54,71,4,17,17,13
5488,53,68,204,215,15,11
5489,40,59,185,200,19,15
5490,104,128,223,241,24,18
5491,105,132,210,230,27,20
5492,104,127,176,193,23,17
5493,111,132,188,204,21,16
5494,111,127,201,213,16,12
5495,98,125,5,26,27,21
5496,176,220,281,314,44,33
5497,177,207,305,327,30,22
5498,90,118,147,167,28,20
5499,105,134,165,187,29,22
5500,97,117,190,205,20,15
5501,102,125,246,264,23,18
5502,142,176,187,212,34,25
5503,205,237,74,97,32,23
5504,183,217,111,137,34,26
5505,159,176,74,87,17,13
5506,171,193,59,76,22,17
5507,151,171,59,74,20,15
5508,214,237,38,56,23,18
5509,122,135,182,192,13,10
5510,122,148,148,168,26,20
5511,105,129,180,198,24,18
5512,105,134,193,216,29,23
5513,117,138,224,239,21,15
5514,100,120,316,331,20,15
5515,103,121,268,282,18,14
5516,110,127,247,260,17,13
5517,109,125,240,252,16,12
5518,108,133,64,83,25,19
5519,193,235,292,323,42,31
5520,92,107,260,272,15,12
5521,90,110,227,241,20,14
5522,93,113,50,65,20,15
5523,102,122,9,24,20,15
5524,112,147,1,27,35,26
5525,95,129,324,349,34,25
5526,69,93,330,348,24,18
5527,53,82,13,35,29,22
5528,32,51,56,71,19,15
5529,110,143,190,215,33,25
5530,178,205,26,47,27,21
5531,203,234,41,65,31,24
5532,208,234,24,43,26,19
5533,117,151,12,37,34,25
5534,42,56,155,166,14,11
5535,203,237,210,236,34,26
5536,104,129,7,26,25,19
5537,206,236,275,297,30,22
5538,115,146,30,53,31,23
5539,200,232,30,54,32,24
5540,173,204,15,39,31,24
5541,83,98,93,105,15,12
5542,171,212,230,261,41,31
5543,206,232,296,315,26,19
5544,175,220,186,220,45,34
5545,186,222,169,197,36,28
5546,194,231,84,111,37,27
5547,113,139,16,35,26,19
5548,97,114,335,348,17,13
5549,63,85,282,299,22,17
5550,63,80,300,313,17,13
5551,95,122,326,346,27,20
5552,80,95,326,338,15,12
5553,84,100,335,348,16,13
5554,166,210,249,281,44,32
5555,163,201,272,301,38,29
5556,147,169,291,307,22,16
5557,95,120,88,106,25,18
5558,90,115,46,64,25,18
5559,100,126,158,178,26,20
5560,135,168,194,219,33,25
5561,125,151,210,229,26,19
5562,120,150,219,242,30,23
5563,105,124,222,236,19,14
5564,107,130,203,220,23,17
5565,103,129,190,210,26,20
5566,105,126,178,194,21,16
5567,85,101,178,190,16,12
5568,68,84,160,171,16,11
5569,60,81,300,315,21,15
5570,122,149,31,51,27,20
5571,103,121,226,239,18,13
5572,100,127,249,268,27,19
5573,110,128,267,280,18,13
5574,81,100,183,197,19,14
5575,91,113,302,319,22,17
5576,136,166,102,125,30,23
5577,130,160,81,103,30,22
5578,80,97,250,262,17,12
5579,96,120,165,183,24,18
5580,106,131,300,319,25,19
5581,102,121,318,331,19,13
5582,89,115,321,341,26,20
5583,46,60,197,208,14,11
5584,50,62,189,198,12,9
5585,78,105,289,309,27,20
5586,86,112,321,341,26,20
5587,78,103,329,347,25,18
5588,54,66,285,294,12,9
5589,196,232,29,56,36,27
5590,198,235,56,84,37,28
5591,97,117,78,93,20,15
5592,87,105,29,43,18,14
5593,93,109,227,239,16,12
5594,88,105,190,203,17,13
5595,88,107,264,278,19,14
5596,90,107,280,292,17,12
5597,53,71,279,292,18,13
5598,168,200,287,311,32,24
5599,155,181,278,297,26,19
5600,92,105,328,338,13,10
5601,166,185,26,40,19,14
5602,172,188,16,28,16,12
5603,202,230,33,54,28,21
5604,133,166,76,101,33,25
5605,142,170,215,237,28,22
5606,134,157,237,254,23,17
5607,144,168,33,51,24,18
5608,147,175,13,34,28,21
5609,108,129,169,185,21,16
5610,100,124,146,164,24,18
5611,173,205,168,192,32,24
5612,101,122,276,292,21,16
5613,57,73,284,297,16,13
5614,102,137,272,298,35,26
5615,97,124,297,318,27,21
5616,89,120,308,331,31,23
5617,46,70,196,213,24,17
5618,106,124,224,238,18,14
5619,67,76,216,222,9,6
5620,74,85,252,260,11,8
5621,61,80,0,15,19,15
5622,33,46,65,75,13,10
5623,24,34,89,96,10,7
5624,24,33,95,101,9,6
5625,82,102,206,221,20,15
5626,86,106,221,236,20,15
5627,88,102,247,258,14,11
5628,90,107,270,283,17,13
5629,76,89,271,280,13,9
5630,85,102,279,292,17,13
5631,93,110,283,296,17,13
5632,84,94,291,298,10,7
5633,86,105,298,312,19,14
5634,88,106,308,321,18,13
5635,85,105,72,86,20,14
5636,87,106,80,94,19,14
5637,90,109,55,69,19,14
5638,136,172,62,89,36,27
5639,128,164,41,67,36,26
5640,61,71,21,29,10,8
5641,61,73,27,36,12,9
5642,49,58,145,152,9,7
5643,115,145,308,331,30,23
5644,112,141,326,348,29,22
5645,144,180,310,336,36,26
5646,145,181,324,351,36,27
5647,156,210,307,347,54,40
5648,94,113,53,67,19,14
5649,88,110,82,99,22,17
5650,57,68,215,223,11,8
5651,58,69,208,216,11,8
5652,79,102,272,290,23,18
5653,62,81,297,311,19,14
5654,54,68,283,294,14,11
5655,112,139,258,279,27,21
5656,112,137,240,259,25,19
5657,112,144,223,247,32,24
5658,121,144,212,230,23,18
5659,107,134,212,232,27,20
5660,63,78,226,237,15,11
5661,50,60,149,157,10,8
5662,47,57,146,153,10,7
5663,58,80,226,243,22,17
5664,38,68,166,189,30,23
5665,38,49,3,11,11,8
5666,105,135,137,160,30,23
5667,101,136,115,141,35,26
5668,94,117,57,74,23,17
5669,95,117,54,70,22,16
5670,89,136,19,54,47,35
5671,92,117,8,28,25,20
5672,107,133,205,225,26,20
5673,107,128,214,230,21,16
5674,88,103,159,170,15,11
5675,85,110,166,185,25,19
5676,93,117,81,99,24,18
5677,96,114,99,112,18,13
5678,95,125,102,124,30,22
5679,97,122,114,133,25,19
5680,150,182,133,157,32,24
5681,100,114,99,109,14,10
5682,91,113,93,109,22,16
5683,95,113,86,99,18,13
5684,90,116,75,94,26,19
5685,81,95,107,117,14,10
5686,81,100,98,111,19,13
5687,182,205,33,50,23,17
5688,178,202,21,39,24,18
5689,178,203,4,23,25,19
5690,149,171,59,76,22,17
5691,162,176,19,29,14,10
5692,165,183,10,23,18,13
5693,142,163,29,45,21,16
5694,156,178,72,89,22,17
5695,127,137,177,184,10,7
5696,120,130,283,291,10,8
5697,188,239,321,359,51,38
5698,188,237,231,268,49,37
5699,191,234,216,249,43,33
5700,201,235,210,235,34,25
5701,58,68,176,183,10,7
5702,56,67,186,194,11,8
5703,45,54,252,258,9,6
5704,183,233,292,329,50,37
5705,213,238,207,225,25,18
5706,200,237,173,202,37,29
5707,210,237,160,180,27,20
5708,171,225,130,170,54,40
5709,179,227,121,156,48,35
5710,195,234,116,144,39,28
5711,190,230,97,127,40,30
5712,229,239,93,100,10,7
5713,52,62,253,261,10,8
5714,98,119,96,112,21,16
5715,94,125,81,104,31,23
5716,79,105,152,172,26,20
5717,83,98,168,179,15,11
5718,105,126,174,190,21,16
5719,110,144,270,296,34,26
5720,95,122,308,327,27,19
5721,82,99,183,195,17,12
5722,112,134,325,342,22,17
5723,128,162,309,334,34,25
5724,95,115,260,275,20,15
5725,78,94,260,272,16,12
5726,75,96,276,292,21,16
5727,117,147,2,24,30,22
5728,95,116,30,46,21,16
5729,101,124,35,52,23,17
5730,96,125,40,62,29,22
5731,86,115,66,88,29,22
5732,80,95,98,109,15,11
5733,78,104,80,100,26,20
5734,60,69,166,173,9,7
5735,58,68,171,179,10,8
5736,49,63,189,199,14,10
5737,101,134,65,90,33,25
5738,58,83,219,237,25,18
5739,85,110,287,306,25,19
5740,69,90,20,36,21,16
5741,35,44,220,227,9,7
5742,88,110,213,229,22,16
5743,84,98,272,282,14,10
5744,85,104,285,300,19,15
5745,80,101,292,308,21,16
5746,83,100,300,312,17,12
5747,89,111,308,324,22,16
5748,90,115,317,335,25,18
5749,93,107,36,47,14,11
5750,95,116,47,63,21,16
5751,90,110,91,106,20,15
5752,115,137,36,52,22,16
5753,112,136,296,314,24,18
5754,68,89,252,268,21,16
5755,102,130,9,31,28,22
5756,53,65,153,162,12,9
5757,52,64,157,166,12,9
5758,93,120,290,311,27,21
5759,97,117,286,302,20,16
5760,100,125,275,294,25,19
5761,109,132,14,31,23,17
5762,109,134,26,45,25,19
5763,93,115,33,50,22,17
5764,93,112,43,57,19,14
5765,93,115,63,80,22,17
5766,85,104,79,93,19,14
5767,79,93,72,83,14,11
5768,79,95,92,104,16,12
5769,78,98,100,116,20,16
5770,73,90,249,262,17,13
5771,150,185,272,299,35,27
5772,144,170,208,227,26,19
5773,144,166,122,139,22,17
5774,140,171,43,66,31,23
5775,144,171,34,53,27,19
5776,149,169,22,37,20,15
5777,142,170,20,40,28,20
5778,141,161,14,29,20,15
5779,128,146,39,52,18,13
5780,97,107,224,231,10,7
5781,117,132,322,333,15,11
5782,117,135,309,322,18,13
5783,98,112,211,221,14,10
5784,100,115,143,154,15,11
5785,117,163,141,176,46,35
5786,73,113,171,201,40,30
5787,108,151,325,358,43,33
5788,83,114,310,333,31,23
5789,79,107,320,342,28,22
5790,76,106,266,288,30,22
5791,77,108,255,278,31,23
5792,80,109,233,255,29,22
5793,66,95,243,265,29,22
5794,63,88,236,254,25,18
5795,61,89,221,242,28,21
5796,47,63,176,188,16,12
5797,68,88,288,303,20,15
5798,69,94,293,311,25,18
5799,51,66,295,306,15,11
5800,49,67,284,298,18,14
5801,100,124,155,173,24,18
5802,95,117,150,167,22,17
5803,78,99,181,197,21,16
5804,96,146,111,149,50,38
5805,80,110,173,195,30,22
5806,60,86,25,45,26,20
5807,60,83,22,40,23,18
5808,57,89,0,24,32,24
5809,63,89,-1,18,26,19
5810,32,56,50,68,24,18
5811,177,201,3,21,24,18
5812,155,176,19,34,21,15
5813,155,176,26,42,21,16
5814,155,177,32,48,22,16
5815,142,156,33,43,14,10
5816,142,169,22,42,27,20
5817,139,164,55,74,25,19
5818,133,168,71,98,35,27
5819,110,122,121,130,12,9
5820,98,110,172,181,12,9
5821,107,143,306,333,36,27
5822,128,166,198,227,38,29
5823,156,198,45,76,42,31
5824,80,107,167,187,27,20
5825,155,170,32,43,15,11
5826,144,161,29,41,17,12
5827,171,194,8,26,23,18
5828,87,117,289,312,30,23
5829,66,85,229,244,19,15
5830,129,162,13,38,33,25
5831,98,142,293,325,44,32
5832,83,128,324,358,45,34
5833,54,76,196,213,22,17
5834,54,77,223,241,23,18
5835,92,116,306,324,24,18
5836,86,112,151,170,26,19
5837,99,120,29,44,21,15
5838,112,135,3,20,23,17
5839,70,86,159,172,16,13
5840,69,84,186,197,15,11
5841,82,96,314,324,14,10
5842,78,92,268,278,14,10
5843,90,107,335,348,17,13
5844,85,105,326,341,20,15
5845,106,126,10,25,20,15
5846,95,112,51,64,17,13
5847,88,102,103,113,14,10
5848,113,137,34,52,24,18
5849,222,237,88,100,15,12
5850,159,179,23,38,20,15
5851,172,192,1,15,20,14
5852,112,142,16,39,30,23
5853,116,145,6,27,29,21
5854,79,103,159,177,24,18
5855,83,107,263,281,24,18
5856,86,108,275,292,22,17
5857,83,103,291,307,20,16
5858,161,212,219,257,51,38
5859,171,219,245,282,48,37
5860,200,235,284,311,35,27
5861,193,233,310,340,40,30
5862,100,133,293,318,33,25
5863,101,134,282,307,33,25
5864,100,130,200,222,30,22
5865,92,120,147,168,28,21
5866,88,122,162,188,34,26
5867,88,141,174,213,53,39
5868,87,114,258,279,27,21
5869,89,107,243,257,18,14
5870,88,107,232,247,19,15
5871,89,107,223,236,18,13
5872,85,106,206,222,21,16
5873,86,102,196,208,16,12
5874,93,116,170,187,23,17
5875,86,110,155,173,24,18
5876,93,111,111,125,18,14
5877,89,110,100,116,21,16
5878,102,130,53,74,28,21
5879,102,128,43,63,26,20
5880,123,155,304,328,32,24
5881,115,153,312,340,38,28
5882,118,147,335,357,29,22
5883,91,117,260,279,26,19
5884,61,76,256,267,15,11
5885,64,76,253,262,12,9
5886,77,98,249,265,21,16
5887,76,94,262,276,18,14
5888,75,117,274,305,42,31
5889,125,156,52,76,31,24
5890,124,153,44,66,29,22
5891,130,161,11,35,31,24
5892,85,100,268,279,15,11
5893,88,101,313,323,13,10
5894,113,137,205,223,24,18
5895,100,143,278,310,43,32
5896,98,133,260,286,35,26
5897,90,139,329,365,49,36
5898,27,44,233,246,17,13
5899,56,81,67,86,25,19
5900,67,85,63,76,18,13
5901,53,73,20,36,20,16
5902,56,75,16,31,19,15
5903,47,73,5,24,26,19
5904,74,100,2,21,26,19
5905,142,169,172,192,27,20
5906,139,171,159,183,32,24
5907,145,173,75,96,28,21
5908,93,103,247,255,10,8
5909,86,93,247,253,7,6
5910,144,179,313,339,35,26
5911,150,189,186,216,39,30
5912,145,179,176,201,34,25
5913,134,175,162,193,41,31
5914,120,145,181,200,25,19
5915,87,106,180,195,19,15
5916,92,107,172,183,15,11
5917,95,112,167,180,17,13
5918,77,92,186,197,15,11
5919,78,95,192,205,17,13
5920,146,201,310,351,55,41
5921,159,210,326,365,51,39
5922,85,105,93,107,20,14
5923,82,104,113,130,22,17
5924,58,76,156,169,18,13
5925,83,112,285,307,29,22
5926,81,106,273,292,25,19
5927,90,113,269,286,23,17
5928,69,120,238,275,51,37
5929,96,125,287,309,29,22
5930,80,103,274,291,23,17
5931,84,115,245,269,31,24
5932,74,95,209,225,21,16
5933,95,126,30,54,31,24
5934,84,102,15,28,18,13
5935,88,113,1,19,25,18
5936,98,119,59,75,21,16
5937,92,115,68,85,23,17
5938,81,100,78,92,19,14
5939,82,109,91,111,27,20
5940,132,170,334,362,38,28
5941,147,178,36,58,31,22
5942,145,177,9,33,32,24
5943,112,133,317,332,21,15
5944,69,95,297,316,26,19
5945,71,99,289,309,28,20
5946,81,116,316,342,35,26
5947,80,119,325,354,39,29
5948,69,89,323,338,20,15
5949,44,54,69,76,10,7
5950,85,109,95,113,24,18
5951,90,112,58,74,22,16
5952,82,99,24,36,17,12
5953,82,104,125,141,22,16
5954,56,71,165,175,15,10
5955,58,68,154,161,10,7
5956,86,112,280,300,26,20
5957,57,83,250,270,26,20
5958,78,101,2,19,23,17
5959,64,80,55,67,16,12
5960,51,66,116,127,15,11
5961,95,116,282,298,21,16
5962,87,105,278,292,18,14
5963,78,105,288,308,27,20
5964,49,63,267,278,14,11
5965,46,67,274,290,21,16
5966,85,105,144,159,20,15
5967,83,107,124,142,24,18
5968,88,105,95,107,17,12
5969,78,106,63,84,28,21
5970,88,105,62,75,17,13
5971,85,110,50,69,25,19
5972,83,110,323,343,27,20
5973,89,107,307,321,18,14
5974,75,117,273,304,42,31
5975,73,90,255,268,17,13
5976,68,78,116,124,10,8
5977,47,54,166,171,7,5
5978,130,156,80,100,26,20
5979,129,150,94,110,21,16
5980,123,146,95,113,23,18
5981,113,133,232,247,20,15
5982,78,87,254,261,9,7
5983,71,82,220,228,11,8
5984,83,108,270,288,25,18
5985,56,68,193,202,12,9
5986,57,68,136,145,11,9
5987,149,172,282,299,23,17
5988,118,130,258,267,12,9
5989,112,120,258,264,8,6
5990,126,137,186,194,11,8
5991,193,220,32,53,27,21
5992,191,223,19,43,32,24
5993,177,201,47,65,24,18
5994,142,164,-1,17,22,18
5995,132,166,22,47,34,25
5996,132,149,74,86,17,12
5997,140,170,69,91,30,22
5998,122,156,48,74,34,26
5999,122,155,120,145,33,25
6000,115,139,170,188,24,18
6001,120,144,175,194,24,19
6002,122,156,202,227,34,25
6003,83,94,296,304,11,8
6004,90,113,273,290,23,17
6005,85,110,309,328,25,19
6006,95,122,328,349,27,21
6007,202,239,266,294,37,28
6008,194,225,274,297,31,23
6009,216,237,336,352,21,16
6010,90,120,77,100,30,23
6011,65,82,162,175,17,13
6012,55,65,181,188,10,7
6013,54,65,188,197,11,9
6014,49,59,209,216,10,7
6015,87,114,339,359,27,20
6016,51,72,281,297,21,16
6017,51,64,223,233,13,10
6018,113,142,0,22,29,22
6019,79,93,308,318,14,10
6020,78,94,300,311,16,11
6021,80,97,284,297,17,13
6022,75,101,266,285,26,19
6023,78,99,255,271,21,16
6024,108,139,12,35,31,23
6025,85,106,37,53,21,16
6026,104,128,32,50,24,18
6027,73,118,242,276,45,34
6028,67,106,263,292,39,29
6029,77,104,94,114,27,20
6030,81,118,84,112,37,28
6031,72,104,27,51,32,24
6032,68,100,38,62,32,24
6033,44,68,33,51,24,18
6034,90,140,208,245,50,37
6035,95,127,239,263,32,24
6036,89,130,296,327,41,31
6037,99,142,311,343,43,32
6038,92,108,270,282,16,12
6039,91,110,264,278,19,14
6040,80,112,24,47,32,23
6041,88,128,39,69,40,30
6042,82,117,3,30,35,27
6043,54,77,4,22,23,18
6044,42,66,33,51,24,18
6045,88,117,310,332,29,22
6046,80,109,320,341,29,21
6047,151,166,35,47,15,12
6048,150,163,27,36,13,9
6049,129,142,57,67,13,10
6050,139,161,30,46,22,16
6051,145,164,21,35,19,14
6052,128,151,20,37,23,17
6053,126,147,327,343,21,16
6054,117,135,314,328,18,14
6055,110,130,324,339,20,15
6056,99,108,163,170,9,7
6057,95,116,99,115,21,16
6058,100,115,144,156,15,12
6059,99,118,160,174,19,14
6060,98,127,171,193,29,22
6061,85,106,181,197,21,16
6062,95,135,189,220,40,31
6063,99,129,206,229,30,23
6064,110,133,228,245,23,17
6065,99,122,264,281,23,17
6066,102,122,288,303,20,15
6067,103,132,294,316,29,22
6068,71,85,165,176,14,11
6069,94,126,311,335,32,24
6070,98,124,334,354,26,20
6071,110,133,244,261,23,17
6072,97,135,10,39,38,29
6073,47,71,24,42,24,18
6074,95,131,308,334,36,26
6075,87,116,301,323,29,22
6076,77,104,298,318,27,20
6077,73,95,308,324,22,16
6078,83,112,312,334,29,22
6079,79,110,318,341,31,23
6080,31,52,53,69,21,16
6081,32,51,51,65,19,14
6082,22,41,88,102,19,14
6083,22,36,95,106,14,11
6084,84,116,315,339,32,24
6085,100,136,325,352,36,27
6086,48,64,27,40,16,13
6087,48,63,24,36,15,12
6088,46,63,17,29,17,12
6089,49,68,3,18,19,15
6090,26,37,83,92,11,9
6091,179,214,51,77,35,26
6092,178,210,33,57,32,24
6093,174,213,6,35,39,29
6094,213,226,23,33,13,10
6095,73,98,272,291,25,19
6096,66,85,222,237,19,15
6097,65,83,216,230,18,14
6098,63,80,204,216,17,12
6099,61,78,186,199,17,13
6100,56,66,23,30,10,7
6101,109,146,313,341,37,28
6102,52,77,230,249,25,19
6103,85,107,109,125,22,16
6104,88,107,92,106,19,14
6105,109,132,6,23,23,17
6106,54,63,191,197,9,6
6107,55,64,181,187,9,6
6108,160,182,27,43,22,16
6109,151,168,21,34,17,13
6110,88,117,82,103,29,21
6111,83,102,48,62,19,14
6112,105,125,2,18,20,16
6113,85,102,223,235,17,12
6114,151,162,40,47,11,7
6115,142,156,33,44,14,11
6116,153,166,27,37,13,10
6117,186,200,12,24,14,12
6118,188,207,5,19,19,14
6119,176,189,10,20,13,10
6120,72,93,286,301,21,15
6121,69,88,274,288,19,14
6122,186,201,8,20,15,12
6123,109,142,337,362,33,25
6124,36,48,170,179,12,9
6125,43,56,183,193,13,10
6126,43,62,187,202,19,15
6127,103,132,217,239,29,22
6128,80,101,155,171,21,16
6129,88,109,139,154,21,15
6130,94,115,120,135,21,15
6131,94,116,98,115,22,17
6132,98,123,75,94,25,19
6133,93,116,65,82,23,17
6134,95,118,51,68,23,17
6135,96,119,31,48,23,17
6136,101,126,5,24,25,19
6137,84,111,329,349,27,20
6138,78,96,270,284,18,14
6139,54,68,179,189,14,10
6140,56,66,176,183,10,7
6141,53,68,166,177,15,11
6142,49,64,146,157,15,11
6143,105,137,23,47,32,24
6144,215,238,251,268,23,17
6145,46,71,185,203,25,18
6146,52,63,259,267,11,8
6147,52,67,275,286,15,11
6148,187,236,69,106,49,37
6149,189,226,52,79,37,27
6150,105,143,95,123,38,28
6151,85,124,72,100,39,28
6152,58,73,218,229,15,11
6153,51,60,222,229,9,7
6154,66,88,286,303,22,17
6155,61,78,296,308,17,12
6156,62,78,304,316,16,12
6157,56,68,295,304,12,9
6158,49,63,276,288,14,12
6159,73,104,156,179,31,23
6160,79,101,262,279,22,17
6161,65,88,256,273,23,17
6162,44,71,196,216,27,20
6163,45,68,189,207,23,18
6164,48,69,185,201,21,16
6165,31,44,130,139,13,9
6166,83,110,276,296,27,20
6167,85,115,289,312,30,23
6168,213,239,239,259,26,20
6169,149,190,313,344,41,31
6170,122,161,281,310,39,29
6171,195,237,319,350,42,31
6172,183,225,253,284,42,31
6173,166,212,211,245,46,34
6174,160,206,180,215,46,35
6175,195,229,117,142,34,25
6176,206,233,122,142,27,20
6177,117,149,38,62,32,24
6178,121,149,32,53,28,21
6179,55,66,196,204,11,8
6180,54,63,190,197,9,7
6181,160,185,49,68,25,19
6182,166,183,39,52,17,13
6183,143,165,84,101,22,17
6184,152,176,337,355,24,18
6185,116,137,328,344,21,16
6186,113,139,309,329,26,20
6187,144,169,57,76,25,19
6188,144,176,33,58,32,25
6189,132,166,1,26,34,25
6190,138,171,301,325,33,24
6191,132,169,249,278,37,29
6192,119,146,265,286,27,21
6193,115,139,245,263,24,18
6194,95,127,313,337,32,24
6195,88,127,216,245,39,29
6196,68,90,162,179,22,17
6197,60,75,153,164,15,11
6198,83,107,118,135,24,17
6199,88,106,224,238,18,14
6200,97,122,4,23,25,19
6201,95,114,334,349,19,15
6202,90,108,331,344,18,13
6203,73,90,259,271,17,12
6204,81,112,218,241,31,23
6205,82,103,143,159,21,16
6206,85,110,119,137,25,18
6207,88,107,107,122,19,15
6208,87,109,93,109,22,16
6209,85,107,68,84,22,16
6210,88,110,60,76,22,16
6211,90,110,48,63,20,15
6212,85,105,239,254,20,15
6213,88,107,268,283,19,15
6214,86,104,277,291,18,14
6215,88,109,290,306,21,16
6216,108,136,208,229,28,21
6217,106,144,193,222,38,29
6218,89,116,166,186,27,20
6219,73,88,154,165,15,11
6220,90,108,58,72,18,14
6221,93,117,30,49,24,19
6222,86,107,22,37,21,15
6223,93,119,226,245,26,19
6224,88,120,279,303,32,24
6225,77,115,244,273,38,29
6226,100,132,99,123,32,24
6227,95,123,86,107,28,21
6228,96,129,76,101,33,25
6229,105,146,22,52,41,30
6230,107,145,0,29,38,29
6231,40,56,45,57,16,12
6232,32,52,50,64,20,14
6233,39,53,58,69,14,11
6234,34,51,64,77,17,13
6235,58,78,275,290,20,15
6236,123,166,319,351,43,32
6237,112,146,293,319,34,26
6238,102,132,292,315,30,23
6239,83,105,293,310,22,17
6240,69,95,279,299,26,20
6241,51,64,237,247,13,10
6242,37,50,181,191,13,10
6243,180,230,167,204,50,37
6244,195,239,160,194,44,34
6245,63,78,49,60,15,11
6246,65,78,56,65,13,9
6247,59,71,83,91,12,8
6248,61,74,72,82,13,10
6249,47,65,256,269,18,13
6250,68,88,229,244,20,15
6251,68,90,239,255,22,16
6252,70,95,255,274,25,19
6253,61,78,262,275,17,13
6254,35,44,238,245,9,7
6255,41,52,158,167,11,9
6256,39,48,155,162,9,7
6257,43,54,152,161,11,9
6258,43,57,145,156,14,11
6259,63,78,276,288,15,12
6260,41,49,183,188,8,5
6261,195,236,303,334,41,31
6262,72,94,287,304,22,17
6263,69,90,277,293,21,16
6264,66,84,285,298,18,13
6265,55,68,122,132,13,10
6266,93,121,292,313,28,21
6267,93,115,280,296,22,16
6268,79,102,282,299,23,17
6269,83,103,294,309,20,15
6270,36,45,184,191,9,7
6271,37,45,180,186,8,6
6272,58,79,236,251,21,15
6273,109,138,314,335,29,21
6274,101,129,313,334,28,21
6275,105,129,298,316,24,18
6276,176,225,145,182,49,37
6277,188,239,131,169,51,38
6278,49,64,236,247,15,11
6279,54,71,232,245,17,13
6280,49,62,226,236,13,10
6281,74,94,281,296,20,15
6282,52,62,279,286,10,7
6283,54,68,102,112,14,10
6284,56,68,98,108,12,10
6285,51,67,278,290,16,12
6286,52,64,274,283,12,9
6287,133,172,333,363,39,30
6288,78,109,246,270,31,24
6289,117,159,237,269,42,32
6290,92,120,294,314,28,20
6291,85,107,276,293,22,17
6292,73,92,274,287,19,13
6293,54,71,277,290,17,13
6294,46,61,275,285,15,10
6295,66,83,279,292,17,13
6296,42,58,131,143,16,12
6297,142,188,300,335,46,35
6298,70,93,223,241,23,18
6299,71,92,15,31,21,16
6300,70,94,7,25,24,18
6301,48,61,278,288,13,10
6302,97,125,290,312,28,22
6303,51,66,228,239,15,11
6304,51,68,235,248,17,13
6305,54,71,114,127,17,13
6306,107,137,298,321,30,23
6307,38,54,179,191,16,12
6308,121,166,223,257,45,34
6309,45,55,275,283,10,8
6310,103,140,320,348,37,28
6311,68,87,35,49,19,14
6312,110,134,299,317,24,18
6313,102,127,293,312,25,19
6314,49,63,230,240,14,10
6315,121,159,299,327,38,28
6316,68,88,256,272,20,16
6317,55,70,235,246,15,11
6318,58,77,58,72,19,14
6319,76,94,21,35,18,14
6320,76,96,9,24,20,15
6321,77,94,2,15,17,13
6322,110,134,297,316,24,19
6323,100,124,298,316,24,18
6324,198,239,67,97,41,30
6325,211,237,312,332,26,20
6326,166,211,258,292,45,34
6327,208,239,308,332,31,24
6328,112,137,297,315,25,18
6329,103,120,302,314,17,12
6330,109,150,326,357,41,31
6331,93,129,291,318,36,27
6332,97,119,287,304,22,17
6333,51,64,275,285,13,10
6334,52,66,281,292,14,11
6335,187,236,293,330,49,37
6336,65,81,51,63,16,12
6337,46,59,276,286,13,10
6338,156,202,57,92,46,35
6339,109,159,329,367,50,38
6340,42,50,161,166,8,5
6341,66,85,275,290,19,15
6342,66,84,282,296,18,14
6343,62,79,283,295,17,12
6344,58,80,242,258,22,16
6345,57,78,233,249,21,16
6346,57,77,275,289,20,14
6347,56,72,245,258,16,13
6348,50,63,119,129,13,10
6349,46,55,282,289,9,7
6350,44,55,277,285,11,8
6351,47,61,264,274,14,10
6352,54,68,279,289,14,10
6353,60,77,231,244,17,13
6354,66,85,42,56,19,14
6355,65,84,37,51,19,14
6356,121,161,319,349,40,30
6357,98,129,290,313,31,23
6358,51,73,272,289,22,17
6359,50,68,235,248,18,13
6360,54,73,230,244,19,14
6361,55,68,105,115,13,10
6362,58,76,233,247,18,14
6363,47,55,277,283,8,6
6364,70,90,19,34,20,15
6365,67,90,10,27,23,17
6366,52,67,260,271,15,11
6367,41,52,279,287,11,8
6368,64,84,43,58,20,15
6369,61,76,62,73,15,11
6370,34,42,270,276,8,6
6371,53,68,278,290,15,12
6372,108,133,298,317,25,19
6373,105,120,297,308,15,11
6374,76,98,278,294,22,16
6375,54,65,278,287,11,9
6376,63,83,44,58,20,14
6377,66,83,37,50,17,13
6378,44,54,278,286,10,8
6379,83,116,274,298,33,24
6380,58,73,74,85,15,11
6381,58,68,70,77,10,7
6382,111,132,301,317,21,16
6383,104,128,294,312,24,18
6384,56,74,235,248,18,13
6385,51,61,277,285,10,8
6386,37,44,274,280,7,6
6387,198,234,304,331,36,27
6388,220,239,307,322,19,15
6389,115,149,320,346,34,26
6390,107,146,295,325,39,30
6391,49,65,235,247,16,12
6392,40,51,278,287,11,9
6393,85,112,284,304,27,20
6394,64,81,275,288,17,13
6395,59,75,282,293,16,11
6396,40,48,271,276,8,5
6397,192,238,290,325,46,35
6398,45,59,275,286,14,11
6399,56,70,94,104,14,10
6400,149,207,8,52,58,44
6401,46,65,227,241,19,14
6402,42,56,277,287,14,10
6403,54,75,224,239,21,15
6404,66,89,28,45,23,17
6405,46,71,227,246,25,19
6406,63,80,285,298,17,13
6407,54,71,274,287,17,13
6408,56,79,276,294,23,18
6409,84,104,291,306,20,15
6410,79,100,278,293,21,15
6411,74,93,283,297,19,14
6412,54,69,273,285,15,12
6413,42,52,271,279,10,8
6414,51,66,274,286,15,12
6415,60,78,233,247,18,14
6416,49,62,273,283,13,10
6417,75,95,10,26,20,16
6418,76,95,7,22,19,15
6419,60,75,63,74,15,11
6420,66,90,27,45,24,18
6421,47,68,233,249,21,16
6422,58,78,233,248,20,15
6423,80,110,276,298,30,22
6424,83,107,288,306,24,18
6425,43,52,157,164,9,7
6426,66,88,279,295,22,16
6427,41,54,275,284,13,9
6428,65,93,273,294,28,21
6429,54,70,98,111,16,13
6430,48,65,120,133,17,13
6431,40,51,278,286,11,8
6432,100,111,283,291,11,8
6433,97,122,304,322,25,18
6434,111,131,296,311,20,15
6435,63,82,278,292,19,14
6436,49,71,265,282,22,17
6437,54,69,251,262,15,11
6438,71,99,15,36,28,21
6439,41,53,156,165,12,9
6440,41,53,160,168,12,8
6441,68,93,40,58,25,18
6442,200,235,228,255,35,27
6443,204,238,188,213,34,25
6444,222,239,243,256,17,13
6445,71,98,272,292,27,20
6446,56,73,233,246,17,13
6447,58,80,232,248,22,16
6448,43,60,270,283,17,13
6449,48,62,275,286,14,11
6450,41,54,185,195,13,10
6451,52,67,111,122,15,11
6452,63,81,277,290,18,13
6453,42,54,154,163,12,9
6454,184,233,114,151,49,37
6455,161,214,103,143,53,40
6456,71,90,277,291,19,14
6457,183,229,41,75,46,34
6458,176,216,51,81,40,30
6459,61,80,278,293,19,15
6460,46,59,279,289,13,10
6461,46,59,275,285,13,10
6462,75,99,285,303,24,18
6463,40,50,277,284,10,7
6464,41,51,272,279,10,7
6465,53,66,102,111,13,9
6466,94,129,302,329,35,27
6467,101,128,294,314,27,20
6468,88,112,277,295,24,18
6469,41,54,142,151,13,9
6470,44,56,146,155,12,9
6471,54,73,230,243,19,13
6472,73,101,255,276,28,21
6473,57,71,278,289,14,11
6474,172,217,300,334,45,34
6475,186,232,308,344,46,36
6476,70,91,23,39,21,16
6477,41,54,273,282,13,9
6478,176,224,262,298,48,36
6479,112,139,295,316,27,21
6480,100,119,300,314,19,14
6481,102,122,278,293,20,15
6482,49,65,278,289,16,11
6483,39,49,279,286,10,7
6484,53,67,121,131,14,10
6485,61,70,72,79,9,7
6486,33,41,228,234,8,6
6487,35,42,236,241,7,5
6488,57,78,263,279,21,16
6489,56,77,248,263,21,15
6490,50,58,280,287,8,7
6491,49,58,275,282,9,7
6492,97,130,294,319,33,25
6493,62,78,59,71,16,12
6494,61,78,53,66,17,13
6495,54,70,234,246,16,12
6496,67,86,47,61,19,14
6497,50,71,92,107,21,15
6498,57,76,212,226,19,14
6499,43,55,277,286,12,9
6500,44,55,138,146,11,8
6501,63,82,50,64,19,14
6502,65,80,44,56,15,12
6503,63,80,38,51,17,13
6504,49,63,278,289,14,11
6505,39,49,175,182,10,7
6506,194,237,327,359,43,32
6507,46,59,274,284,13,10
6508,64,90,25,45,26,20
6509,180,237,317,359,57,42
6510,81,101,284,299,20,15
6511,54,75,274,290,21,16
6512,49,63,235,246,14,11
6513,34,42,260,267,8,7
6514,51,66,278,290,15,12
6515,46,54,278,283,8,5
6516,52,66,112,122,14,10
6517,55,74,189,203,19,14
6518,187,236,149,185,49,36
6519,47,59,277,286,12,9
6520,38,49,273,281,11,8
6521,52,67,102,113,15,11
6522,38,50,167,176,12,9
6523,56,75,232,246,19,14
6524,52,67,117,129,15,12
6525,58,77,277,291,19,14
6526,75,96,2,18,21,16
6527,85,107,275,292,22,17
6528,81,109,282,302,28,20
6529,93,107,286,297,14,11
6530,91,107,292,304,16,12
6531,58,78,213,227,20,14
6532,61,83,277,294,22,17
6533,59,73,275,285,14,10
6534,53,63,281,289,10,8
6535,71,91,2,17,20,15
6536,36,51,222,234,15,12
6537,52,63,193,202,11,9
6538,51,65,277,287,14,10
6539,54,65,283,291,11,8
6540,49,62,120,129,13,9
6541,56,71,281,292,15,11
6542,55,71,275,287,16,12
6543,111,135,297,315,24,18
6544,95,122,285,306,27,21
6545,100,123,277,295,23,18
6546,51,66,277,289,15,12
6547,54,66,274,283,12,9
6548,59,78,246,260,19,14
6549,58,77,236,251,19,15
6550,71,95,11,29,24,18
6551,34,46,197,205,12,8
6552,42,52,146,154,10,8
6553,71,93,22,39,22,17
6554,66,87,278,294,21,16
6555,73,91,21,34,18,13
6556,43,54,276,284,11,8
6557,53,79,232,251,26,19
6558,49,64,273,285,15,12
6559,49,66,275,288,17,13
6560,50,66,232,244,16,12
6561,65,82,48,61,17,13
6562,42,55,277,287,13,10
6563,41,53,155,164,12,9
6564,98,124,293,313,26,20
6565,84,110,279,299,26,20
6566,49,64,275,286,15,11
6567,54,72,234,248,18,14
6568,68,91,24,41,23,17
6569,41,53,155,163,12,8
6570,37,45,266,272,8,6
6571,32,41,282,288,9,6
6572,48,63,275,286,15,11
6573,50,66,274,286,16,12
6574,40,49,277,283,9,6
6575,32,41,275,282,9,7
6576,32,39,269,274,7,5
6577,50,69,277,291,19,14
6578,96,128,291,315,32,24
6579,56,77,236,252,21,16
6580,72,88,36,48,16,12
6581,67,87,28,42,20,14
6582,119,159,320,350,40,30
6583,103,134,294,317,31,23
6584,52,70,267,280,18,13
6585,47,65,240,253,18,13
6586,75,101,290,310,26,20
6587,51,64,275,285,13,10
6588,56,70,284,294,14,10
6589,66,85,273,288,19,15
6590,80,102,278,295,22,17
6591,66,82,43,55,16,12
6592,68,82,33,44,14,11
6593,43,53,280,288,10,8
6594,44,52,277,283,8,6
6595,105,133,308,330,28,22
6596,103,130,293,313,27,20
6597,50,66,238,250,16,12
6598,51,67,231,243,16,12
6599,73,93,23,37,20,14
6600,72,91,14,29,19,15
6601,80,100,7,22,20,15
6602,63,79,58,69,16,11
6603,48,63,234,245,15,11
6604,85,110,254,273,25,19
6605,85,107,243,259,22,16
6606,39,48,181,188,9,7
6607,95,126,293,315,31,22
6608,61,82,276,292,21,16
6609,44,54,278,286,10,8
6610,49,64,234,245,15,11
6611,56,73,131,145,17,14
6612,66,85,276,291,19,15
6613,54,68,281,292,14,11
6614,83,103,293,309,20,16
6615,80,100,286,301,20,15
6616,60,78,240,254,18,14
6617,73,93,22,37,20,15
6618,74,95,11,26,21,15
6619,62,78,63,75,16,12
6620,64,80,54,67,16,13
6621,51,68,237,250,17,13
6622,44,56,279,288,12,9
6623,61,80,259,273,19,14
6624,71,88,18,31,17,13
6625,43,54,156,164,11,8
6626,43,55,149,158,12,9
6627,69,90,252,268,21,16
6628,53,68,264,275,15,11
6629,40,48,175,181,8,6
6630,73,95,23,40,22,17
6631,68,89,243,259,21,16
6632,74,99,280,299,25,19
6633,43,52,156,163,9,7
6634,42,50,176,182,8,6
6635,42,51,171,177,9,6
6636,43,50,164,169,7,5
6637,149,200,286,324,51,38
6638,90,120,291,314,30,23
6639,44,54,278,286,10,8
6640,107,142,316,342,35,26
6641,104,137,301,326,33,25
6642,62,81,280,294,19,14
6643,63,85,199,216,22,17
6644,47,63,208,220,16,12
6645,61,80,248,262,19,14
6646,57,79,233,250,22,17
6647,85,112,291,311,27,20
6648,72,95,274,291,23,17
6649,32,41,271,278,9,7
6650,53,65,121,130,12,9
6651,53,65,115,124,12,9
6652,67,86,38,53,19,15
6653,71,84,49,59,13,10
6654,61,83,223,239,22,16
6655,60,79,281,296,19,15
6656,61,79,280,294,18,14
6657,71,94,23,40,23,17
6658,50,66,235,248,16,13
6659,40,51,160,168,11,8
6660,50,67,235,248,17,13
6661,96,127,244,267,31,23
6662,49,61,279,289,12,10
6663,68,87,39,53,19,14
6664,55,71,107,119,16,12
6665,55,68,98,108,13,10
6666,69,90,285,301,21,16
6667,54,72,236,250,18,14
6668,70,90,282,297,20,15
6669,59,77,278,291,18,13
6670,73,94,279,295,21,16
6671,132,173,333,363,41,30
6672,49,66,252,264,17,12
6673,69,88,37,51,19,14
6674,50,66,120,132,16,12
6675,71,93,291,307,22,16
6676,70,90,278,293,20,15
6677,102,127,296,315,25,19
6678,62,78,243,254,16,11
6679,78,104,286,305,26,19
6680,49,65,230,243,16,13
6681,125,166,331,362,41,31
6682,51,68,268,280,17,12
6683,51,64,279,289,13,10
6684,46,58,138,147,12,9
6685,183,234,310,349,51,39
6686,41,51,275,282,10,7
6687,58,75,244,256,17,12
6688,52,66,107,118,14,11
6689,63,83,279,295,20,16
6690,195,239,242,276,44,34
6691,47,60,279,289,13,10
6692,51,63,125,134,12,9
6693,68,88,28,42,20,14
6694,66,82,49,62,16,13
6695,65,82,36,48,17,12
6696,45,58,144,154,13,10
6697,65,88,280,297,23,17
6698,200,239,290,318,39,28
6699,42,57,276,288,15,12
6700,44,54,164,171,10,7
6701,41,55,157,167,14,10
6702,167,234,258,308,67,50
6703,51,70,283,297,19,14
6704,50,71,271,287,21,16
6705,86,115,292,313,29,21
6706,47,65,270,283,18,13
6707,44,56,145,154,12,9
6708,49,66,268,281,17,13
6709,54,68,238,248,14,10
6710,45,56,236,244,11,8
6711,36,45,233,240,9,7
6712,112,148,315,341,36,26
6713,66,87,44,60,21,16
6714,50,67,237,250,17,13
6715,72,90,287,300,18,13
6716,71,92,276,292,21,16
6717,58,72,84,95,14,11
6718,59,73,80,90,14,10
6719,201,239,326,355,38,29
6720,215,239,295,313,24,18
6721,49,66,233,246,17,13
6722,49,65,113,125,16,12
6723,178,232,320,360,54,40
6724,76,95,28,42,19,14
6725,144,180,289,316,36,27
6726,102,122,326,341,20,15
6727,138,171,264,289,33,25
6728,139,168,254,275,29,21
6729,103,123,89,103,20,14
6730,132,160,58,79,28,21
6731,129,160,41,63,31,22
6732,131,162,24,47,31,23
6733,98,122,61,80,24,19
6734,82,102,306,322,20,16
6735,88,104,314,326,16,12
6736,99,112,71,81,13,10
6737,101,120,84,98,19,14
6738,105,127,122,138,22,16
6739,105,124,128,143,19,15
6740,114,136,194,210,22,16
6741,117,146,274,297,29,23
6742,131,161,306,328,30,22
6743,166,208,306,336,42,30
6744,162,205,294,326,43,32
6745,178,217,247,276,39,29
6746,171,211,236,266,40,30
6747,169,212,218,250,43,32
6748,90,117,338,358,27,20
6749,120,150,22,45,30,23
6750,146,179,11,35,33,24
6751,149,178,1,23,29,22
6752,98,120,65,81,22,16
6753,95,118,55,72,23,17
6754,98,117,48,62,19,14
6755,70,84,83,94,14,11
6756,72,88,78,90,16,12
6757,65,93,79,99,28,20
6758,61,83,97,114,22,17
6759,81,107,299,319,26,20
6760,75,98,307,324,23,17
6761,76,100,314,332,24,18
6762,56,77,11,26,21,15
6763,55,77,3,20,22,17
6764,156,173,30,44,17,14
6765,151,169,36,49,18,13
6766,85,112,267,287,27,20
6767,158,197,2,31,39,29
6768,75,105,265,288,30,23
6769,82,113,306,330,31,24
6770,85,117,326,350,32,24
6771,36,47,47,56,11,9
6772,37,50,39,49,13,10
6773,122,149,199,220,27,21
6774,56,76,12,28,20,16
6775,40,54,56,66,14,10
6776,24,37,87,97,13,10
6777,119,146,214,235,27,21
6778,115,144,195,217,29,22
6779,142,164,50,66,22,16
6780,145,163,41,54,18,13
6781,144,164,20,35,20,15
6782,137,160,94,111,23,17
6783,144,171,317,337,27,20
6784,151,183,328,352,32,24
6785,140,162,86,103,22,17
6786,136,161,70,89,25,19
6787,138,156,60,73,18,13
6788,151,178,337,357,27,20
6789,121,137,338,350,16,12
6790,117,134,112,125,17,13
6791,107,129,66,83,22,17
6792,122,143,21,37,21,16
6793,115,142,3,23,27,20
6794,121,140,336,350,19,14
6795,104,117,125,135,13,10
6796,196,238,124,155,42,31
6797,211,239,78,99,28,21
6798,157,195,221,249,38,28
6799,85,115,263,284,30,21
6800,143,164,33,49,21,16
6801,142,164,18,35,22,17
6802,129,154,68,86,25,18
6803,116,135,112,126,19,14
6804,116,132,90,102,16,12
6805,140,165,165,183,25,18
6806,142,164,145,162,22,17
6807,146,167,90,106,21,16
6808,152,179,7,27,27,20
6809,213,238,28,46,25,18
6810,148,179,221,245,31,24
6811,92,109,239,252,17,13
6812,85,115,284,306,30,22
6813,74,98,7,26,24,19
6814,55,71,109,121,16,12
6815,50,63,193,202,13,9
6816,54,68,212,222,14,10
6817,91,112,58,74,21,16
6818,81,102,72,88,21,16
6819,115,137,30,46,22,16
6820,114,127,46,56,13,10
6821,129,157,19,40,28,21
6822,132,156,72,89,24,17
6823,126,150,49,67,24,18
6824,153,181,323,343,28,20
6825,151,174,302,320,23,18
6826,113,132,301,314,19,13
6827,138,167,322,344,29,22
6828,103,120,112,125,17,13
6829,101,117,94,106,16,12
6830,99,112,130,140,13,10
6831,112,129,67,80,17,13
6832,80,99,194,208,19,14
6833,51,63,208,217,12,9
6834,71,88,278,290,17,12
6835,110,133,278,295,23,17
6836,90,114,293,312,24,19
6837,80,100,241,256,20,15
6838,81,98,229,242,17,13
6839,147,173,301,321,26,20
6840,147,172,269,288,25,19
6841,129,148,334,348,19,14
6842,129,148,239,254,19,15
6843,124,139,214,225,15,11
6844,132,147,79,91,15,12
6845,129,146,257,269,17,12
6846,142,164,48,64,22,16
6847,164,197,-1,24,33,25
6848,140,159,24,38,19,14
6849,122,132,105,113,10,8
6850,90,104,199,210,14,11
6851,92,105,192,202,13,10
6852,88,107,260,275,19,15
6853,190,239,27,64,49,37
6854,115,132,48,60,17,12
6855,116,132,309,321,16,12
6856,107,122,301,311,15,10
6857,117,156,335,365,39,30
6858,112,145,310,335,33,25
6859,65,93,333,353,28,20
6860,59,80,10,26,21,16
6861,85,110,302,320,25,18
6862,95,127,334,358,32,24
6863,47,63,280,292,16,12
6864,49,65,270,281,16,11
6865,54,68,45,55,14,10
6866,55,69,27,37,14,10
6867,155,196,300,331,41,31
6868,125,155,330,352,30,22
6869,134,165,311,334,31,23
6870,138,173,259,285,35,26
6871,112,136,180,198,24,18
6872,118,139,154,170,21,16
6873,108,131,125,142,23,17
6874,101,116,80,91,15,11
6875,95,112,66,78,17,12
6876,93,108,54,66,15,12
6877,91,108,34,47,17,13
6878,122,144,251,267,22,16
6879,105,127,343,359,22,16
6880,105,126,332,347,21,15
6881,124,153,281,303,29,22
6882,108,127,148,163,19,15
6883,146,173,24,45,27,21
6884,149,176,7,27,27,20
6885,54,68,279,289,14,10
6886,132,171,326,355,39,29
6887,78,97,286,300,19,14
6888,93,112,60,75,19,15
6889,93,110,51,63,17,12
6890,78,98,196,210,20,14
6891,83,102,165,180,19,15
6892,93,112,70,84,19,14
6893,94,115,57,73,21,16
6894,122,150,0,21,28,21
6895,84,107,293,311,23,18
6896,85,102,280,293,17,13
6897,83,102,267,281,19,14
6898,62,74,174,183,12,9
6899,73,90,98,111,17,13
6900,93,117,38,56,24,18
6901,129,160,283,306,31,23
6902,139,171,189,212,32,23
6903,98,117,81,95,19,14
6904,114,138,280,298,24,18
6905,107,129,328,344,22,16
6906,107,132,340,359,25,19
6907,117,138,185,201,21,16
6908,119,142,209,226,23,17
6909,64,83,0,14,19,14
6910,58,78,295,310,20,15
6911,61,78,309,323,17,14
6912,102,132,324,346,30,22
6913,46,62,294,306,16,12
6914,78,103,326,344,25,18
6915,144,177,216,240,33,24
6916,138,166,308,329,28,21
6917,107,128,238,254,21,16
6918,112,141,217,239,29,22
6919,96,116,193,208,20,15
6920,102,125,183,201,23,18
6921,102,124,161,178,22,17
6922,78,99,165,181,21,16
6923,95,129,163,189,34,26
6924,80,111,113,137,31,24
6925,90,112,340,357,22,17
6926,49,63,282,292,14,10
6927,48,63,273,284,15,11
6928,62,81,10,24,19,14
6929,100,130,298,321,30,23
6930,73,101,330,351,28,21
6931,87,105,313,327,18,14
6932,90,109,68,83,19,15
6933,125,157,323,347,32,24
6934,69,85,97,109,16,12
6935,72,88,116,127,16,11
6936,145,159,95,106,14,11
6937,163,182,62,76,19,14
6938,164,181,53,66,17,13
6939,139,156,77,90,17,13
6940,149,160,72,80,11,8
6941,36,49,170,181,13,11
6942,99,122,39,56,23,17
6943,85,107,244,260,22,16
6944,85,106,275,291,21,16
6945,86,110,259,278,24,19
6946,86,110,296,313,24,17
6947,86,109,284,301,23,17
6948,82,102,67,82,20,15
6949,117,144,270,290,27,20
6950,72,85,70,80,13,10
6951,138,151,36,46,13,10
6952,134,149,46,57,15,11
6953,88,117,283,305,29,22
6954,46,61,36,48,15,12
6955,78,105,330,351,27,21
6956,73,99,304,324,26,20
6957,48,64,100,112,16,12
6958,44,59,111,122,15,11
6959,41,56,126,137,15,11
6960,102,124,73,89,22,16
6961,105,123,104,118,18,14
6962,100,118,93,106,18,13
6963,128,161,263,287,33,24
6964,139,168,322,344,29,22
6965,142,181,333,362,39,29
6966,117,145,329,350,28,21
6967,113,138,312,331,25,19
6968,153,183,288,311,30,23
6969,176,212,328,355,36,27
6970,132,156,258,276,24,18
6971,134,151,278,290,17,12
6972,129,148,296,309,19,13
6973,107,130,105,122,23,17
6974,108,129,62,78,21,16
6975,107,127,49,64,20,15
6976,146,171,325,344,25,19
6977,92,119,299,319,27,20
6978,74,98,270,288,24,18
6979,66,82,216,228,16,12
6980,54,68,173,183,14,10
6981,55,68,168,177,13,9
6982,47,59,140,150,12,10
6983,51,63,150,159,12,9
6984,92,113,26,42,21,16
6985,93,110,184,197,17,13
6986,92,107,231,242,15,11
6987,80,96,280,292,16,12
6988,94,113,332,347,19,15
6989,68,82,246,256,14,10
6990,76,105,317,339,29,22
6991,54,81,9,29,27,20
6992,45,63,28,42,18,14
6993,88,110,328,345,22,17
6994,71,91,306,322,20,16
6995,71,93,291,307,22,16
6996,48,68,292,307,20,15
6997,46,68,284,300,22,16
6998,117,133,55,66,16,11
6999,117,134,45,58,17,13
7000,115,134,19,34,19,15
7001,114,128,72,82,14,10
7002,114,129,81,93,15,12
7003,113,131,65,79,18,14
7004,96,108,174,183,12,9
7005,97,108,183,192,11,9
7006,74,95,313,328,21,15
7007,99,132,337,362,33,25
7008,62,82,11,25,20,14
7009,48,67,297,312,19,15
7010,142,180,299,327,38,28
7011,124,160,277,304,36,27
7012,117,146,164,186,29,22
7013,96,121,62,80,25,18
7014,97,122,41,59,25,18
7015,92,111,10,24,19,14
7016,89,105,27,39,16,12
7017,99,121,85,101,22,16
7018,113,139,320,340,26,20
7019,118,148,335,357,30,22
7020,111,139,203,224,28,21
7021,147,170,34,51,23,17
7022,149,176,68,88,27,20
7023,149,175,2,22,26,20
7024,144,170,18,38,26,20
7025,144,160,82,94,16,12
7026,132,146,63,75,14,12
7027,120,135,71,82,15,11
7028,117,137,36,52,20,16
7029,122,146,2,20,24,18
7030,117,135,17,31,18,14
7031,116,132,288,300,16,12
7032,108,124,277,289,16,12
7033,93,105,186,195,12,9
7034,109,127,77,90,18,13
7035,84,111,322,342,27,20
7036,99,123,339,357,24,18
7037,54,69,273,284,15,11
7038,51,68,292,305,17,13
7039,41,54,91,101,13,10
7040,113,137,48,66,24,18
7041,110,138,32,52,28,20
7042,62,78,76,88,16,12
7043,66,82,224,236,16,12
7044,69,86,253,266,17,13
7045,119,147,245,266,28,21
7046,110,137,292,313,27,21
7047,110,143,269,294,33,25
7048,78,98,179,194,20,15
7049,98,124,142,161,26,19
7050,171,217,46,80,46,34
7051,129,170,148,179,41,31
7052,146,178,115,139,32,24
7053,144,186,71,103,42,32
7054,147,173,97,117,26,20
7055,175,220,111,145,45,34
7056,195,238,85,117,43,32
7057,198,237,56,85,39,29
7058,66,80,75,86,14,11
7059,77,93,282,294,16,12
7060,76,94,268,282,18,14
7061,85,117,73,97,32,24
7062,102,137,281,306,35,25
7063,95,124,256,278,29,22
7064,105,139,307,332,34,25
7065,103,132,338,360,29,22
7066,80,104,338,356,24,18
7067,78,103,324,343,25,19
7068,83,107,302,319,24,17
7069,81,106,264,283,25,19
7070,54,81,226,246,27,20
7071,117,141,49,67,24,18
7072,127,154,32,51,27,19
7073,107,123,89,100,16,11
7074,137,170,331,356,33,25
7075,144,172,316,336,28,20
7076,126,144,298,311,18,13
7077,105,121,299,311,16,12
7078,119,141,335,352,22,17
7079,118,137,322,336,19,14
7080,80,111,239,261,31,22
7081,74,102,305,326,28,21
7082,50,66,297,309,16,12
7083,85,107,262,279,22,17
7084,76,94,248,261,18,13
7085,71,85,209,219,14,10
7086,171,215,28,61,44,33
7087,107,135,41,62,28,21
7088,90,110,62,77,20,15
7089,121,148,3,23,27,20
7090,86,108,240,256,22,16
7091,77,92,281,293,15,12
7092,75,91,273,285,16,12
7093,67,83,255,267,16,12
7094,74,96,98,115,22,17
7095,125,152,6,27,27,21
7096,129,152,22,40,23,18
7097,126,148,59,75,22,16
7098,125,152,40,60,27,20
7099,116,134,45,59,18,14
7100,97,120,112,129,23,17
7101,95,113,136,150,18,14
7102,93,110,153,167,17,14
7103,134,159,273,291,25,18
7104,148,174,308,328,26,20
7105,152,183,320,343,31,23
7106,131,148,333,346,17,13
7107,110,125,281,293,15,12
7108,109,127,297,311,18,14
7109,100,115,281,292,15,11
7110,82,104,117,133,22,16
7111,56,67,178,186,11,8
7112,83,102,248,263,19,15
7113,62,71,183,190,9,7
7114,77,110,56,81,33,25
7115,100,128,318,338,28,20
7116,99,126,338,358,27,20
7117,85,109,321,339,24,18
7118,82,105,337,354,23,17
7119,77,108,308,331,31,23
7120,22,34,96,105,12,9
7121,149,178,85,107,29,22
7122,120,147,197,217,27,20
7123,156,193,298,327,37,29
7124,127,147,10,25,20,15
7125,78,103,45,64,25,19
7126,50,68,17,31,18,14
7127,51,71,26,41,20,15
7128,29,46,74,86,17,12
7129,98,120,44,60,22,16
7130,80,96,24,36,16,12
7131,68,77,6,13,9,7
7132,116,127,109,117,11,8
7133,116,128,101,110,12,9
7134,48,68,288,304,20,16
7135,47,59,284,293,12,9
7136,48,64,72,84,16,12
7137,83,104,297,313,21,16
7138,115,153,315,344,38,29
7139,88,108,316,331,20,15
7140,93,114,339,355,21,16
7141,70,90,308,323,20,15
7142,71,90,324,339,19,15
7143,80,102,330,347,22,17
7144,46,58,32,41,12,9
7145,40,51,92,101,11,9
7146,120,146,24,44,26,20
7147,130,156,43,62,26,19
7148,130,148,64,77,18,13
7149,158,188,334,357,30,23
7150,154,184,324,347,30,23
7151,146,174,316,337,28,21
7152,138,164,336,355,26,19
7153,142,159,284,297,17,13
7154,111,124,276,286,13,10
7155,109,127,112,126,18,14
7156,115,137,88,105,22,17
7157,116,134,56,69,18,13
7158,171,188,18,31,17,13
7159,151,164,27,36,13,9
7160,141,152,32,41,11,9
7161,152,164,39,48,12,9
7162,124,157,280,305,33,25
7163,121,152,264,287,31,23
7164,68,80,75,83,12,8
7165,69,80,68,76,11,8
7166,87,124,27,55,37,28
7167,98,132,143,169,34,26
7168,82,111,336,358,29,22
7169,36,54,51,64,18,13
7170,42,56,41,51,14,10
7171,30,42,72,81,12,9
7172,28,39,67,75,11,8
7173,26,41,84,96,15,12
7174,61,73,246,256,12,10
7175,139,166,182,203,27,21
7176,140,162,161,177,22,16
7177,139,154,149,161,15,12
7178,137,153,135,148,16,13
7179,125,149,35,53,24,18
7180,154,185,322,344,31,22
7181,118,135,338,351,17,13
7182,134,152,323,337,18,14
7183,165,198,336,361,33,25
7184,124,146,277,293,22,16
7185,91,105,183,193,14,10
7186,98,112,123,133,14,10
7187,122,144,13,30,22,17
7188,112,134,50,67,22,17
7189,90,101,154,162,11,8
7190,188,236,252,288,48,36
7191,203,238,304,331,35,27
7192,107,137,228,250,30,22
7193,110,136,209,228,26,19
7194,110,134,192,210,24,18
7195,96,122,169,188,26,19
7196,117,137,280,295,20,15
7197,90,107,163,176,17,13
7198,116,138,267,283,22,16
7199,202,239,242,271,37,29
7200,204,239,295,322,35,27
7201,176,226,324,362,50,38
7202,62,81,99,113,19,14
7203,112,146,228,254,34,26
7204,112,140,261,283,28,22
7205,109,136,214,235,27,21
7206,94,117,180,198,23,18
7207,107,129,157,173,22,16
7208,171,225,274,314,54,40
7209,170,232,234,281,62,47
7210,184,238,138,178,54,40
7211,55,70,122,133,15,11
7212,56,72,110,123,16,13
7213,147,167,160,175,20,15
7214,166,191,125,145,25,20
7215,176,207,10,33,31,23
7216,116,129,278,288,13,10
7217,117,129,258,267,12,9
7218,108,136,47,67,28,20
7219,70,89,249,264,19,15
7220,93,126,129,154,33,25
7221,82,127,259,293,45,34
7222,60,83,308,325,23,17
7223,211,239,81,102,28,21
7224,148,176,87,108,28,21
7225,143,170,128,148,27,20
7226,151,173,63,79,22,16
7227,134,159,50,68,25,18
7228,134,154,39,55,20,16
7229,151,199,251,287,48,36
7230,171,217,218,252,46,34
7231,206,239,191,216,33,25
7232,86,110,29,48,24,19
7233,205,237,246,270,32,24
7234,76,90,169,180,14,11
7235,86,102,295,307,16,12
7236,85,103,283,297,18,14
7237,99,117,31,45,18,14
7238,93,110,51,64,17,13
7239,108,131,14,31,23,17
7240,115,136,3,19,21,16
7241,130,164,203,228,34,25
7242,192,237,295,329,45,34
7243,142,180,300,329,38,29
7244,142,183,318,349,41,31
7245,161,204,274,306,43,32
7246,144,181,251,279,37,28
7247,110,139,213,235,29,22
7248,114,142,180,201,28,21
7249,115,145,193,216,30,23
7250,78,92,67,77,14,10
7251,78,95,54,67,17,13
7252,140,165,19,38,25,19
7253,120,141,65,80,21,15
7254,113,132,103,117,19,14
7255,111,151,275,305,40,30
7256,206,238,288,312,32,24
7257,45,58,191,201,13,10
7258,101,139,182,211,38,29
7259,58,77,214,228,19,14
7260,60,76,207,218,16,11
7261,129,156,225,244,27,19
7262,130,151,242,258,21,16
7263,139,160,291,307,21,16
7264,151,178,301,322,27,21
7265,196,238,310,342,42,32
7266,150,182,335,359,32,24
7267,120,146,71,90,26,19
7268,118,144,55,74,26,19
7269,103,122,121,135,19,14
7270,102,120,112,125,18,13
7271,100,117,96,109,17,13
7272,120,137,295,307,17,12
7273,117,142,331,349,25,18
7274,134,156,318,334,22,16
7275,54,71,210,223,17,13
7276,53,69,202,214,16,12
7277,43,66,36,53,23,17
7278,36,51,58,70,15,12
7279,169,217,324,360,48,36
7280,203,239,232,259,36,27
7281,183,234,250,288,51,38
7282,204,237,284,309,33,25
7283,189,222,296,321,33,25
7284,165,206,86,117,41,31
7285,75,98,27,44,23,17
7286,93,114,340,356,21,16
7287,95,116,43,59,21,16
7288,204,238,138,163,34,25
7289,174,214,49,79,40,30
7290,208,238,57,80,30,23
7291,111,125,23,34,14,11
7292,178,220,331,363,42,32
7293,54,77,92,110,23,18
7294,121,148,16,37,27,21
7295,122,146,63,82,24,19
7296,153,183,276,298,30,22
7297,149,177,299,320,28,21
7298,128,151,331,349,23,18
7299,129,154,273,292,25,19
7300,101,122,110,126,21,16
7301,169,230,310,356,61,46
7302,152,199,258,293,47,35
7303,159,199,235,265,40,30
7304,78,102,221,239,24,18
7305,75,99,205,224,24,19
7306,105,144,317,347,39,30
7307,77,108,299,323,31,24
7308,132,175,250,282,43,32
7309,195,234,268,298,39,30
7310,193,234,294,324,41,30
7311,110,144,216,241,34,25
7312,152,192,283,313,40,30
7313,98,121,154,171,23,17
7314,91,117,198,217,26,19
7315,102,125,169,186,23,17
7316,175,235,315,360,60,45
7317,80,119,143,171,39,28
7318,72,106,42,68,34,26
7319,78,107,25,47,29,22
7320,88,123,7,34,35,27
7321,39,59,25,40,20,15
7322,137,158,134,149,21,15
7323,142,165,65,82,23,17
7324,132,149,44,57,17,13
7325,117,134,319,332,17,13
7326,117,135,207,221,18,14
7327,115,143,277,297,28,20
7328,100,117,80,93,17,13
7329,98,115,60,73,17,13
7330,92,109,47,60,17,13
7331,99,115,39,51,16,12
7332,85,105,281,296,20,15
7333,91,112,335,350,21,15
7334,90,112,321,337,22,16
7335,111,137,7,26,26,19
7336,85,103,45,59,18,14
7337,82,102,68,83,20,15
7338,90,110,265,280,20,15
7339,89,109,249,264,20,15
7340,92,108,331,343,16,12
7341,78,90,284,294,12,10
7342,141,165,90,108,24,18
7343,144,167,66,83,23,17
7344,142,169,50,71,27,21
7345,145,166,24,40,21,16
7346,146,163,4,16,17,12
7347,127,144,62,74,17,12
7348,124,145,46,61,21,15
7349,114,133,319,333,19,14
7350,100,122,56,72,22,16
7351,100,125,38,57,25,19
7352,80,99,47,61,19,14
7353,65,80,77,88,15,11
7354,112,139,132,152,27,20
7355,119,147,86,107,28,21
7356,129,160,23,47,31,24
7357,112,137,255,274,25,19
7358,74,90,268,279,16,11
7359,133,173,263,293,40,30
7360,179,227,35,71,48,36
7361,90,105,233,245,15,12
7362,116,143,282,302,27,20
7363,116,143,297,318,27,21
7364,121,150,311,333,29,22
7365,123,154,326,349,31,23
7366,83,106,249,266,23,17
7367,82,101,276,291,19,15
7368,58,71,27,37,13,10
7369,58,71,20,30,13,10
7370,132,155,37,54,23,17
7371,133,162,20,42,29,22
7372,142,167,316,335,25,19
7373,145,166,331,346,21,15
7374,127,148,318,333,21,15
7375,123,144,334,349,21,15
7376,100,115,92,103,15,11
7377,94,115,112,128,21,16
7378,100,118,131,145,18,14
7379,96,134,334,362,38,28
7380,34,53,64,77,19,13
7381,66,92,13,33,26,20
7382,90,123,304,328,33,24
7383,98,133,335,361,35,26
7384,60,78,296,309,18,13
7385,58,73,28,39,15,11
7386,85,107,301,318,22,17
7387,75,98,336,353,23,17
7388,67,89,310,326,22,16
7389,53,73,272,287,20,15
7390,51,69,284,297,18,13
7391,41,56,274,286,15,12
7392,142,190,216,252,48,36
7393,137,181,195,228,44,33
7394,142,166,94,111,24,17
7395,145,171,72,92,26,20
7396,146,171,40,58,25,18
7397,143,165,15,31,22,16
7398,146,177,324,347,31,23
7399,85,110,88,107,25,19
7400,108,132,27,44,24,17
7401,188,237,326,363,49,37
7402,186,237,151,189,51,38
7403,150,195,173,207,45,34
7404,148,188,6,36,40,30
7405,91,121,81,104,30,23
7406,45,62,130,143,17,13
7407,45,61,117,129,16,12
7408,115,141,107,127,26,20
7409,92,124,256,281,32,25
7410,134,176,331,362,42,31
7411,103,134,333,357,31,24
7412,80,100,299,314,20,15
7413,79,100,313,328,21,15
7414,162,207,25,58,45,33
7415,166,217,244,282,51,38
7416,60,85,96,115,25,19
7417,54,74,115,131,20,16
7418,51,68,131,143,17,12
7419,34,50,157,169,16,12
7420,132,169,335,363,37,28
7421,177,221,221,254,44,33
7422,111,134,152,169,23,17
7423,98,112,60,71,14,11
7424,86,102,23,35,16,12
7425,166,208,281,313,42,32
7426,149,183,266,291,34,25
7427,98,120,325,341,22,16
7428,134,161,256,276,27,20
7429,193,238,123,156,45,33
7430,214,237,111,128,23,17
7431,197,233,88,115,36,27
7432,188,232,49,82,44,33
7433,133,177,62,95,44,33
7434,178,232,326,366,54,40
7435,115,146,-1,23,31,24
7436,80,107,40,60,27,20
7437,44,64,117,132,20,15
7438,93,119,59,79,26,20
7439,73,85,76,86,12,10
7440,71,88,59,72,17,13
7441,90,118,255,275,28,20
7442,91,113,274,290,22,16
7443,72,94,337,353,22,16
7444,117,137,213,229,20,16
7445,112,142,195,217,30,22
7446,120,146,147,167,26,20
7447,118,140,128,145,22,17
7448,164,208,121,154,44,33
7449,88,106,288,301,18,13
7450,89,105,255,267,16,12
7451,93,105,303,312,12,9
7452,177,216,320,349,39,29
7453,151,182,278,301,31,23
7454,127,153,12,32,26,20
7455,156,182,316,336,26,20
7456,127,149,339,356,22,17
7457,137,162,327,346,25,19
7458,155,203,224,260,48,36
7459,173,214,38,69,41,31
7460,90,115,337,355,25,18
7461,106,131,286,305,25,19
7462,68,88,268,283,20,15
7463,68,85,107,120,17,13
7464,82,103,70,86,21,16
7465,110,139,304,326,29,22
7466,125,161,273,300,36,27
7467,139,172,173,198,33,25
7468,132,170,272,300,38,28
7469,198,235,34,62,37,28
7470,196,239,21,53,43,32
7471,56,78,204,220,22,16
7472,94,125,232,255,31,23
7473,80,107,249,268,27,19
7474,91,122,237,260,31,23
7475,93,112,338,352,19,14
7476,95,117,313,329,22,16
7477,67,79,175,184,12,9
7478,69,80,160,168,11,8
7479,71,81,154,162,10,8
7480,132,167,2,28,35,26
7481,126,156,52,75,30,23
7482,130,156,83,102,26,19
7483,125,150,26,45,25,19
7484,150,181,309,332,31,23
7485,153,184,328,351,31,23
7486,154,181,295,315,27,20
7487,139,164,251,269,25,18
7488,134,158,308,326,24,18
7489,128,148,268,283,20,15
7490,147,188,320,351,41,31
7491,83,105,259,275,22,16
7492,80,98,225,238,18,13
7493,100,124,50,68,24,18
7494,99,121,38,55,22,17
7495,85,106,21,36,21,15
7496,158,193,282,308,35,26
7497,147,183,326,353,36,27
7498,105,129,138,156,24,18
7499,117,139,174,190,22,16
7500,110,128,108,122,18,14
7501,98,116,37,50,18,13
7502,141,171,257,280,30,23
7503,132,161,289,311,29,22
7504,114,146,338,362,32,24
7505,82,113,327,350,31,23
7506,80,104,0,18,24,18
7507,79,104,108,127,25,19
7508,108,140,266,290,32,24
7509,163,212,287,324,49,37
7510,108,134,2,21,26,19
7511,82,100,104,118,18,14
7512,80,106,75,94,26,19
7513,86,112,313,332,26,19
7514,73,96,297,314,23,17
7515,49,67,175,189,18,14
7516,46,61,167,179,15,12
7517,32,49,88,100,17,12
7518,54,78,10,28,24,18
7519,54,74,279,295,20,16
7520,58,75,191,204,17,13
7521,166,199,64,88,33,24
7522,164,200,82,110,36,28
7523,147,177,78,101,30,23
7524,109,135,147,167,26,20
7525,108,134,165,185,26,20
7526,98,121,179,196,23,17
7527,71,88,79,92,17,13
7528,97,116,65,79,19,14
7529,98,119,50,66,21,16
7530,77,98,260,276,21,16
7531,85,107,290,307,22,17
7532,81,106,280,298,25,18
7533,87,105,122,135,18,13
7534,82,105,137,154,23,17
7535,74,93,73,87,19,14
7536,85,114,43,65,29,22
7537,112,138,84,104,26,20
7538,113,139,67,86,26,19
7539,132,171,198,228,39,30
7540,130,170,164,194,40,30
7541,146,171,280,299,25,19
7542,146,171,194,212,25,18
7543,140,164,109,126,24,17
7544,117,151,303,329,34,26
7545,152,195,153,185,43,32
7546,176,225,176,213,49,37
7547,154,199,194,227,45,33
7548,129,158,72,94,29,22
7549,115,135,43,58,20,15
7550,122,143,335,350,21,15
7551,175,225,284,321,50,37
7552,85,115,276,298,30,22
7553,183,204,8,24,21,16
7554,144,162,21,35,18,14
7555,140,159,36,50,19,14
7556,159,203,6,39,44,33
7557,78,95,289,302,17,13
7558,80,104,272,290,24,18
7559,88,107,266,280,19,14
7560,84,101,223,236,17,13
7561,85,98,295,305,13,10
7562,84,96,285,294,12,9
7563,137,178,292,323,41,31
7564,87,112,1,20,25,19
7565,155,178,58,76,23,18
7566,152,178,71,90,26,19
7567,136,152,104,116,16,12
7568,140,160,91,106,20,15
7569,84,113,170,192,29,22
7570,90,122,256,280,32,24
7571,81,107,116,136,26,20
7572,83,112,288,310,29,22
7573,51,75,288,306,24,18
7574,83,110,311,331,27,20
7575,85,111,335,354,26,19
7576,38,52,201,212,14,11
7577,42,63,235,251,21,16
7578,83,102,325,340,19,15
7579,82,100,313,327,18,14
7580,173,218,255,288,45,33
7581,185,236,119,158,51,39
7582,149,190,38,69,41,31
7583,67,86,68,83,19,15
7584,86,113,307,327,27,20
7585,84,112,291,311,28,20
7586,60,83,88,105,23,17
7587,64,85,48,63,21,15
7588,62,91,56,78,29,22
7589,34,55,56,71,21,15
7590,122,149,148,169,27,21
7591,106,134,169,190,28,21
7592,110,131,113,129,21,16
7593,105,133,320,341,28,21
7594,117,149,293,317,32,24
7595,90,110,9,24,20,15
7596,92,115,50,67,23,17
7597,90,121,211,234,31,23
7598,90,119,184,206,29,22
7599,83,115,149,172,32,23
7600,73,100,124,145,27,21
7601,69,97,65,86,28,21
7602,73,98,14,32,25,18
7603,51,70,3,17,19,14
7604,32,50,69,82,18,13
7605,64,95,51,73,31,22
7606,97,129,80,104,32,24
7607,71,104,94,119,33,25
7608,82,105,219,236,23,17
7609,88,111,292,309,23,17
7610,88,109,275,291,21,16
7611,73,100,63,83,27,20
7612,76,107,281,304,31,23
7613,56,77,282,297,21,15
7614,56,79,255,272,23,17
7615,47,63,115,128,16,13
7616,183,205,39,55,22,16
7617,168,187,20,34,19,14
7618,158,172,21,32,14,11
7619,142,156,41,53,14,12
7620,143,155,34,43,12,9
7621,90,129,327,356,39,29
7622,38,55,66,78,17,12
7623,39,56,48,61,17,13
7624,40,53,43,53,13,10
7625,39,61,19,35,22,16
7626,134,165,72,95,31,23
7627,165,201,41,68,36,27
7628,142,176,15,40,34,25
7629,122,151,31,53,29,22
7630,138,164,57,76,26,19
7631,119,149,51,73,30,22
7632,76,108,299,323,32,24
7633,50,73,20,37,23,17
7634,51,73,3,20,22,17
7635,36,56,228,243,20,15
7636,176,223,321,356,47,35
7637,83,107,75,93,24,18
7638,151,181,14,36,30,22
7639,126,148,33,50,22,17
7640,125,146,50,65,21,15
7641,126,145,100,115,19,15
7642,112,134,308,325,22,17
7643,130,168,310,339,38,29
7644,71,89,256,270,18,14
7645,85,109,263,281,24,18
7646,88,109,276,292,21,16
7647,95,113,61,75,18,14
7648,92,110,52,66,18,14
7649,85,106,19,35,21,16
7650,77,100,74,91,23,17
7651,203,239,281,308,36,27
7652,89,118,287,309,29,22
7653,53,73,277,292,20,15
7654,121,158,218,246,37,28
7655,112,139,136,157,27,21
7656,98,118,247,263,20,16
7657,179,234,237,278,55,41
7658,89,119,327,349,30,22
7659,91,114,107,124,23,17
7660,61,80,279,293,19,14
7661,62,79,293,306,17,13
7662,61,81,6,20,20,14
7663,114,144,313,336,30,23
7664,112,150,276,305,38,29
7665,82,115,319,344,33,25
7666,92,124,8,32,32,24
7667,125,150,2,21,25,19
7668,110,132,20,36,22,16
7669,136,173,130,157,37,27
7670,164,198,320,345,34,25
7671,164,198,338,363,34,25
7672,147,178,295,318,31,23
7673,152,178,316,336,26,20
7674,111,132,69,85,21,16
7675,113,130,58,70,17,12
7676,120,139,43,58,19,15
7677,102,126,84,102,24,18
7678,112,139,69,89,27,20
7679,107,134,53,74,27,21
7680,173,219,50,84,46,34
7681,95,124,339,361,29,22
7682,92,119,230,250,27,20
7683,186,237,289,328,51,39
7684,190,239,219,256,49,37
7685,212,238,259,278,26,19
7686,193,239,330,364,46,34
7687,83,115,312,336,32,24
7688,52,76,98,116,24,18
7689,83,117,227,253,34,26
7690,108,146,10,38,38,28
7691,93,126,23,48,33,25
7692,83,110,8,28,27,20
7693,34,53,70,84,19,14
7694,72,99,298,318,27,20
7695,117,149,61,85,32,24
7696,76,97,190,205,21,15
7697,82,112,42,65,30,23
7698,98,128,337,360,30,23
7699,105,140,317,343,35,26
7700,87,120,290,314,33,24
7701,102,133,301,325,31,24
7702,200,239,334,362,39,28
7703,54,75,117,133,21,16
7704,53,73,102,117,20,15
7705,189,235,29,64,46,35
7706,120,144,326,344,24,18
7707,102,124,42,58,22,16
7708,105,127,26,43,22,17
7709,73,84,64,73,11,9
7710,71,90,51,65,19,14
7711,71,90,76,90,19,14
7712,183,221,131,159,38,28
7713,178,223,209,243,45,34
7714,183,227,245,278,44,33
7715,175,217,279,310,42,31
7716,161,196,330,356,35,26
7717,154,190,309,336,36,27
7718,122,153,275,299,31,24
7719,126,155,310,332,29,22
7720,124,151,293,313,27,20
7721,109,130,136,152,21,16
7722,114,137,199,216,23,17
7723,97,118,84,100,21,16
7724,97,119,66,83,22,17
7725,205,237,39,63,32,24
7726,158,184,291,310,26,19
7727,157,197,210,239,40,29
7728,186,232,271,305,46,34
7729,119,146,254,274,27,20
7730,95,122,336,356,27,20
7731,96,120,72,90,24,18
7732,105,131,137,157,26,20
7733,102,127,120,138,25,18
7734,95,131,293,320,36,27
7735,94,130,249,276,36,27
7736,101,135,79,105,34,26
7737,97,130,50,75,33,25
7738,80,115,28,53,35,25
7739,84,120,14,41,36,27
7740,41,58,51,63,17,12
7741,48,67,36,50,19,14
7742,58,76,8,21,18,13
7743,178,221,192,224,43,32
7744,143,176,307,332,33,25
7745,105,125,336,351,20,15
7746,212,239,156,176,27,20
7747,146,172,336,355,26,19
7748,104,124,27,42,20,15
7749,103,122,310,324,19,14
7750,108,135,336,357,27,21
7751,85,105,229,244,20,15
7752,81,115,239,264,34,25
7753,71,90,316,330,19,14
7754,66,88,305,322,22,17
7755,129,156,13,33,27,20
7756,130,160,113,135,30,22
7757,132,166,71,96,34,25
7758,134,159,159,178,25,19
7759,142,169,199,219,27,20
7760,129,152,184,201,23,17
7761,154,185,244,266,31,22
7762,166,196,309,332,30,23
7763,149,179,292,315,30,23
7764,152,179,329,349,27,20
7765,145,171,257,277,26,20
7766,127,147,324,339,20,15
7767,102,120,112,125,18,13
7768,118,140,38,55,22,17
7769,136,156,283,298,20,15
7770,134,154,37,52,20,15
7771,179,199,15,30,20,15
7772,182,201,1,15,19,14
7773,46,65,16,30,19,14
7774,27,41,84,94,14,10
7775,33,48,64,75,15,11
7776,39,51,38,47,12,9
7777,38,50,29,38,12,9
7778,85,115,192,214,30,22
7779,55,72,273,286,17,13
7780,91,120,317,339,29,22
7781,75,98,326,343,23,17
7782,87,110,307,325,23,18
7783,48,71,46,64,23,18
7784,46,71,24,42,25,18
7785,112,141,10,32,29,22
7786,144,173,298,320,29,22
7787,107,122,126,137,15,11
7788,102,119,115,128,17,13
7789,97,118,106,122,21,16
7790,127,152,64,83,25,19
7791,124,151,44,65,27,21
7792,125,146,272,288,21,16
7793,139,172,325,350,33,25
7794,94,110,133,144,16,11
7795,142,181,327,356,39,29
7796,81,98,71,83,17,12
7797,63,83,255,270,20,15
7798,182,234,272,311,52,39
7799,152,203,6,44,51,38
7800,207,239,46,71,32,25
7801,160,198,29,58,38,29
7802,156,195,50,78,39,28
7803,155,191,110,137,36,27
7804,168,208,154,184,40,30
7805,165,205,177,207,40,30
7806,144,166,158,174,22,16
7807,133,149,223,235,16,12
7808,137,154,297,310,17,13
7809,177,218,323,354,41,31
7810,132,151,314,328,19,14
7811,141,161,134,150,20,16
7812,128,144,236,248,16,12
7813,146,181,276,303,35,27
7814,136,170,293,318,34,25
7815,89,118,270,291,29,21
7816,70,88,255,268,18,13
7817,191,237,40,74,46,34
7818,183,225,65,96,42,31
7819,195,237,117,148,42,31
7820,203,237,175,201,34,26
7821,200,236,208,235,36,27
7822,191,223,193,217,32,24
7823,152,198,1,36,46,35
7824,157,191,83,108,34,25
7825,102,130,69,89,28,20
7826,127,152,118,138,25,20
7827,121,153,135,159,32,24
7828,105,125,255,271,20,16
7829,101,127,240,260,26,20
7830,90,115,256,275,25,19
7831,71,92,338,354,21,16
7832,154,191,119,147,37,28
7833,98,118,33,48,20,15
7834,88,107,64,78,19,14
7835,86,106,115,130,20,15
7836,83,104,178,194,21,16
7837,80,107,282,302,27,20
7838,88,124,319,346,36,27
7839,35,56,62,78,21,16
7840,27,44,80,92,17,12
7841,104,133,314,336,29,22
7842,120,151,254,277,31,23
7843,186,233,240,276,47,36
7844,180,222,219,251,42,32
7845,181,219,182,210,38,28
7846,93,124,300,323,31,23
7847,78,112,137,162,34,25
7848,66,98,172,196,32,24
7849,79,110,192,216,31,24
7850,68,99,209,232,31,23
7851,33,58,108,128,25,20
7852,53,76,20,37,23,17
7853,54,71,10,23,17,13
7854,144,171,330,350,27,20
7855,144,162,320,334,18,14
7856,149,167,287,301,18,14
7857,144,168,251,269,24,18
7858,138,160,196,212,22,16
7859,127,142,232,244,15,12
7860,127,149,241,258,22,17
7861,125,145,250,265,20,15
7862,183,226,228,260,43,32
7863,114,136,147,164,22,17
7864,112,136,15,33,24,18
7865,124,144,5,20,20,15
7866,127,155,338,359,28,21
7867,36,54,183,197,18,14
7868,37,59,158,175,22,17
7869,97,127,309,332,30,23
7870,98,124,290,310,26,20
7871,79,99,206,221,20,15
7872,93,108,63,75,15,12
7873,80,101,220,236,21,16
7874,120,149,316,339,29,23
7875,117,151,337,363,34,26
7876,137,173,130,156,36,26
7877,105,129,130,149,24,19
7878,105,130,108,127,25,19
7879,107,127,43,58,20,15
7880,88,107,36,50,19,14
7881,125,160,258,284,35,26
7882,112,140,233,253,28,20
7883,115,139,214,232,24,18
7884,163,207,248,281,44,33
7885,170,208,122,151,38,29
7886,196,238,164,195,42,31
7887,109,134,332,350,25,18
7888,107,138,312,335,31,23
7889,133,163,274,297,30,23
7890,104,137,151,176,33,25
7891,90,112,67,84,22,17
7892,160,201,151,182,41,31
7893,117,151,259,285,34,26
7894,97,120,100,117,23,17
7895,101,124,82,99,23,17
7896,89,109,17,32,20,15
7897,102,132,338,360,30,22
7898,54,78,205,224,24,19
7899,139,164,201,220,25,19
7900,139,162,177,195,23,18
7901,144,167,155,172,23,17
7902,144,164,117,132,20,15
7903,110,129,195,209,19,14
7904,85,106,102,118,21,16
7905,86,102,91,103,16,12
7906,81,105,194,211,24,17
7907,78,110,186,209,32,23
7908,85,122,257,285,37,28
7909,95,122,291,312,27,21
7910,68,93,304,323,25,19
7911,76,105,0,22,29,22
7912,44,67,9,26,23,17
7913,40,63,29,46,23,17
7914,32,46,61,73,14,12
7915,30,54,69,87,24,18
7916,152,193,6,37,41,31
7917,150,189,46,75,39,29
7918,174,219,62,96,45,34
7919,161,208,90,125,47,35
7920,134,181,102,137,47,35
7921,170,226,142,184,56,42
7922,194,237,173,205,43,32
7923,176,223,210,246,47,36
7924,205,239,15,40,34,25
7925,168,220,245,284,52,39
7926,41,56,133,144,15,11
7927,51,71,125,139,20,14
7928,38,58,122,137,20,15
7929,98,120,28,45,22,17
7930,83,103,209,224,20,15
7931,85,110,226,244,25,18
7932,47,66,171,185,19,14
7933,108,129,7,22,21,15
7934,144,173,320,342,29,22
7935,164,198,337,362,34,25
7936,98,117,85,100,19,15
7937,95,116,116,131,21,15
7938,99,116,109,122,17,13
7939,76,98,183,200,22,17
7940,54,72,75,88,18,13
7941,69,83,244,254,14,10
7942,71,82,239,248,11,9
7943,211,237,172,192,26,20
7944,192,238,292,327,46,35
7945,183,224,275,306,41,31
7946,173,215,232,264,42,32
7947,166,212,202,237,46,35
7948,134,176,331,363,42,32
7949,98,120,71,88,22,17
7950,101,122,118,134,21,16
7951,100,127,96,116,27,20
7952,96,113,51,63,17,12
7953,146,184,212,241,38,29
7954,134,159,67,85,25,18
7955,127,149,22,39,22,17
7956,124,149,57,76,25,19
7957,127,146,277,291,19,14
7958,124,155,293,316,31,23
7959,141,171,328,351,30,23
7960,143,161,323,337,18,14
7961,136,161,311,330,25,19
7962,102,120,122,136,18,14
7963,89,103,155,166,14,11
7964,165,211,197,232,46,35
7965,205,237,0,25,32,25
7966,198,236,271,300,38,29
7967,215,239,302,320,24,18
7968,85,101,108,121,16,13
7969,80,105,82,100,25,18
7970,98,137,287,316,39,29
7971,94,129,263,289,35,26
7972,68,98,272,295,30,23
7973,84,117,184,209,33,25
7974,44,66,225,241,22,16
7975,48,66,220,234,18,14
7976,115,137,256,272,22,16
7977,112,139,226,246,27,20
7978,119,144,159,178,25,19
7979,116,147,175,199,31,24
7980,207,239,80,104,32,24
7981,111,131,42,57,20,15
7982,107,136,5,27,29,22
7983,139,170,104,127,31,23
7984,132,171,126,155,39,29
7985,96,116,33,48,20,15
7986,94,116,11,28,22,17
7987,88,110,278,294,22,16
7988,89,109,65,80,20,15
7989,89,109,51,66,20,15
7990,137,173,18,45,36,27
7991,138,169,59,83,31,24
7992,120,146,67,88,26,21
7993,134,166,38,62,32,24
7994,93,124,249,273,31,24
7995,76,102,63,83,26,20
7996,53,76,30,47,23,17
7997,36,52,52,64,16,12
7998,98,135,333,361,37,28
7999,88,125,309,336,37,27
8000,124,171,117,152,47,35
8001,83,103,323,339,20,16
8002,173,202,56,78,29,22
8003,149,165,63,75,16,12
8004,176,204,39,60,28,21
8005,46,66,275,289,20,14
8006,177,220,173,205,43,32
8007,195,238,272,304,43,32
8008,144,180,237,263,36,26
8009,140,162,335,352,22,17
8010,102,125,315,332,23,17
8011,95,121,328,348,26,20
8012,110,144,143,168,34,25
8013,104,124,70,85,20,15
8014,111,137,184,203,26,19
8015,108,140,164,187,32,23
8016,145,177,269,293,32,24
8017,145,171,247,266,26,19
8018,139,166,222,241,27,19
8019,137,164,121,141,27,20
8020,149,171,79,96,22,17
8021,144,168,38,56,24,18
8022,140,163,59,76,23,17
8023,144,164,12,27,20,15
8024,132,156,4,23,24,19
8025,119,146,331,351,27,20
8026,130,159,313,335,29,22
8027,117,144,297,318,27,21
8028,112,129,318,331,17,13
8029,152,188,221,248,36,27
8030,136,171,193,220,35,27
8031,115,147,291,315,32,24
8032,172,220,237,273,48,36
8033,63,86,209,226,23,17
8034,45,60,205,216,15,11
8035,155,190,5,31,35,26
8036,151,176,39,58,25,19
8037,149,174,54,73,25,19
8038,130,153,79,96,23,17
8039,116,152,6,33,36,27
8040,86,113,302,323,27,21
8041,151,183,88,112,32,24
8042,141,173,123,147,32,24
8043,151,177,109,128,26,19
8044,99,126,289,309,27,20
8045,36,46,186,193,10,7
8046,37,46,184,190,9,6
8047,60,76,281,293,16,12
8048,51,64,274,284,13,10
8049,167,203,322,348,36,26
8050,120,143,12,29,23,17
8051,115,134,19,33,19,14
8052,107,124,95,107,17,12
8053,100,120,119,134,20,15
8054,151,166,320,332,15,12
8055,124,134,343,350,10,7
8056,162,188,338,358,26,20
8057,150,171,340,356,21,16
8058,146,168,330,347,22,17
8059,142,161,337,352,19,15
8060,134,157,324,341,23,17
8061,123,135,330,339,12,9
8062,107,120,276,286,13,10
8063,108,118,273,280,10,7
8064,110,120,270,278,10,8
8065,115,128,294,304,13,10
8066,171,215,102,135,44,33
8067,96,118,329,346,22,17
8068,95,117,305,322,22,17
8069,88,108,291,306,20,15
8070,89,110,242,257,21,15
8071,85,105,222,237,20,15
8072,93,111,172,186,18,14
8073,90,110,162,177,20,15
8074,91,112,155,170,21,15
8075,93,112,149,164,19,15
8076,90,108,142,155,18,13
8077,88,106,83,96,18,13
8078,101,124,43,60,23,17
8079,101,126,51,70,25,19
8080,104,127,39,57,23,18
8081,220,237,29,41,17,12
8082,77,90,268,278,13,10
8083,68,92,281,299,24,18
8084,39,54,190,201,15,11
8085,49,66,118,131,17,13
8086,35,47,263,272,12,9
8087,155,184,277,299,29,22
8088,175,198,53,71,23,18
8089,203,235,93,117,32,24
8090,212,239,67,88,27,21
8091,112,143,315,338,31,23
8092,113,139,310,329,26,19
8093,89,112,240,257,23,17
8094,101,122,336,352,21,16
8095,88,105,221,235,17,14
8096,197,237,210,240,40,30
8097,207,237,201,224,30,23
8098,206,237,175,199,31,24
8099,161,202,158,189,41,31
8100,194,237,77,108,43,31
8101,129,164,37,64,35,27
8102,87,107,155,170,20,15
8103,79,105,82,102,26,20
8104,78,98,108,123,20,15
8105,80,98,120,133,18,13
8106,54,63,193,200,9,7
8107,59,68,179,185,9,6
8108,56,66,180,187,10,7
8109,56,63,187,193,7,6
8110,49,55,233,237,6,4
8111,44,50,254,259,6,5
8112,152,182,36,58,30,22
8113,86,103,257,270,17,13
8114,176,215,174,203,39,29
8115,158,180,178,194,22,16
8116,205,238,113,138,33,25
8117,197,237,31,61,40,30
8118,94,125,275,299,31,24
8119,78,106,300,321,28,21
8120,83,110,317,338,27,21
8121,58,76,297,311,18,14
8122,53,66,290,300,13,10
8123,50,65,284,295,15,11
8124,95,127,300,324,32,24
8125,95,122,307,328,27,21
8126,99,132,21,46,33,25
8127,110,137,15,35,27,20
8128,56,79,12,29,23,17
8129,72,104,321,345,32,24
8130,93,129,315,342,36,27
8131,83,108,312,331,25,19
8132,80,108,301,321,28,20
8133,89,119,293,315,30,22
8134,28,45,78,90,17,12
8135,32,46,74,85,14,11
8136,215,234,173,188,19,15
8137,98,115,81,94,17,13
8138,93,115,50,66,22,16
8139,137,167,244,266,30,22
8140,135,165,255,278,30,23
8141,141,172,270,294,31,24
8142,122,149,280,300,27,20
8143,127,157,291,313,30,22
8144,140,167,48,69,27,21
8145,153,178,27,46,25,19
8146,149,173,19,37,24,18
8147,149,178,186,208,29,22
8148,142,168,216,235,26,19
8149,145,166,290,306,21,16
8150,152,178,296,316,26,20
8151,152,183,323,346,31,23
8152,161,207,195,230,46,35
8153,177,230,234,273,53,39
8154,92,124,234,258,32,24
8155,89,115,231,250,26,19
8156,204,237,37,62,33,25
8157,168,206,0,28,38,28
8158,193,234,32,62,41,30
8159,203,234,20,43,31,23
8160,209,237,273,295,28,22
8161,107,122,70,81,15,11
8162,112,126,332,342,14,10
8163,117,127,327,335,10,8
8164,159,196,332,361,37,29
8165,99,116,16,29,17,13
8166,100,115,11,23,15,12
8167,99,116,4,17,17,13
8168,151,191,109,139,40,30
8169,166,203,80,109,37,29
8170,198,237,247,277,39,30
8171,206,238,280,304,32,24
8172,225,239,36,47,14,11
8173,192,231,16,45,39,29
8174,195,235,1,31,40,30
8175,119,137,11,25,18,14
8176,122,137,36,47,15,11
8177,120,135,42,54,15,12
8178,103,117,300,310,14,10
8179,84,106,316,333,22,17
8180,84,104,309,323,20,14
8181,61,84,314,331,23,17
8182,46,61,280,291,15,11
8183,48,62,275,286,14,11
8184,137,162,29,48,25,19
8185,132,159,35,56,27,21
8186,130,151,51,67,21,16
8187,122,154,53,77,32,24
8188,121,145,83,101,24,18
8189,106,119,88,97,13,9
8190,142,173,277,300,31,23
8191,121,137,246,258,16,12
8192,156,192,320,347,36,27
8193,149,179,332,354,30,22
8194,149,183,307,332,34,25
8195,150,175,303,322,25,19
8196,126,136,300,308,10,8
8197,129,148,324,339,19,15
8198,178,227,279,316,49,37
8199,65,99,253,278,34,25
8200,185,233,86,122,48,36
8201,197,237,66,96,40,30
8202,186,225,28,57,39,29
8203,164,208,35,68,44,33
8204,151,188,29,56,37,27
8205,152,188,18,45,36,27
8206,138,170,299,323,32,24
8207,129,157,321,342,28,21
8208,119,144,316,335,25,19
8209,117,144,303,324,27,21
8210,118,137,340,353,19,13
8211,89,110,327,342,21,15
8212,112,137,283,302,25,19
8213,105,129,135,154,24,19
8214,108,126,129,142,18,13
8215,99,107,133,140,8,7
8216,102,122,95,109,20,14
8217,102,119,86,98,17,12
8218,93,112,58,72,19,14
8219,85,105,7,22,20,15
8220,85,109,328,345,24,17
8221,78,105,245,265,27,20
8222,91,117,238,257,26,19
8223,80,100,220,236,20,16
8224,63,86,13,30,23,17
8225,115,141,327,346,26,19
8226,112,139,316,336,27,20
8227,137,159,268,285,22,17
8228,146,159,266,276,13,10
8229,132,157,253,272,25,19
8230,95,116,337,353,21,16
8231,98,115,87,100,17,13
8232,93,109,73,85,16,12
8233,101,119,66,79,18,13
8234,122,149,143,163,27,20
8235,120,143,165,182,23,17
8236,116,141,234,253,25,19
8237,111,137,239,259,26,20
8238,76,91,278,289,15,11
8239,150,188,309,338,38,29
8240,140,175,307,333,35,26
8241,85,112,265,286,27,21
8242,105,124,56,71,19,15
8243,205,237,208,231,32,23
8244,207,239,99,123,32,24
8245,77,88,75,83,11,8
8246,173,212,58,86,39,28
8247,179,220,27,57,41,30
8248,75,90,266,278,15,12
8249,65,82,248,261,17,13
8250,200,236,128,155,36,27
8251,183,231,111,147,48,36
8252,88,105,210,223,17,13
8253,137,173,113,140,36,27
8254,120,152,77,101,32,24
8255,125,152,69,89,27,20
8256,128,159,62,85,31,23
8257,76,114,331,359,38,28
8258,99,136,111,138,37,27
8259,75,103,100,122,28,22
8260,80,107,93,113,27,20
8261,81,109,71,91,28,20
8262,93,121,61,83,28,22
8263,82,101,61,76,19,15
8264,63,85,73,89,22,16
8265,62,82,81,96,20,15
8266,66,91,14,33,25,19
8267,82,108,305,324,26,19
8268,65,90,192,211,25,19
8269,51,65,31,42,14,11
8270,49,61,26,35,12,9
8271,58,73,30,40,15,10
8272,58,72,22,32,14,10
8273,49,63,281,292,14,11
8274,127,140,218,227,13,9
8275,135,163,10,30,28,20
8276,148,175,-1,20,27,21
8277,174,233,285,329,59,44
8278,193,236,304,336,43,32
8279,176,205,318,340,29,22
8280,194,237,331,363,43,32
8281,90,113,271,289,23,18
8282,77,98,238,254,21,16
8283,59,74,151,163,15,12
8284,112,131,35,49,19,14
8285,109,129,27,42,20,15
8286,99,112,26,36,13,10
8287,107,131,13,31,24,18
8288,114,135,8,24,21,16
8289,119,141,-1,16,22,17
8290,112,144,272,296,32,24
8291,117,137,269,284,20,15
8292,145,177,238,262,32,24
8293,161,197,245,271,36,26
8294,167,200,226,250,33,24
8295,201,237,163,190,36,27
8296,172,209,159,187,37,28
8297,164,205,144,175,41,31
8298,174,215,100,131,41,31
8299,173,214,89,120,41,31
8300,121,142,55,70,21,15
8301,136,159,283,300,23,17
8302,116,134,316,329,18,13
8303,117,133,329,340,16,11
8304,148,179,336,359,31,23
8305,144,178,323,349,34,26
8306,143,180,297,325,37,28
8307,130,165,245,271,35,26
8308,117,145,252,273,28,21
8309,119,148,227,249,29,22
8310,107,132,150,168,25,18
8311,102,122,131,145,20,14
8312,102,124,101,117,22,16
8313,102,123,78,94,21,16
8314,96,115,87,101,19,14
8315,99,115,65,77,16,12
8316,93,112,47,62,19,15
8317,85,107,19,35,22,16
8318,68,83,239,250,15,11
8319,66,83,228,242,17,14
8320,71,86,60,71,15,11
8321,73,85,66,75,12,9
8322,70,84,72,82,14,10
8323,69,86,77,90,17,13
8324,68,88,83,98,20,15
8325,86,105,278,292,19,14
8326,85,107,268,285,22,17
8327,77,97,103,118,20,15
8328,67,80,112,122,13,10
8329,168,200,324,348,32,24
8330,159,181,317,333,22,16
8331,124,141,326,338,17,12
8332,124,150,186,205,26,19
8333,110,127,109,122,17,13
8334,107,125,100,113,18,13
8335,129,158,51,73,29,22
8336,112,127,291,302,15,11
8337,107,116,292,298,9,6
8338,146,177,288,311,31,23
8339,146,169,41,59,23,18
8340,144,166,31,47,22,16
8341,125,147,38,55,22,17
8342,112,124,116,125,12,9
8343,110,124,106,117,14,11
8344,103,133,48,70,30,22
8345,121,148,1,22,27,21
8346,77,94,285,298,17,13
8347,71,85,267,277,14,10
8348,68,82,262,272,14,10
8349,207,237,91,113,30,22
8350,208,237,72,93,29,21
8351,117,132,39,51,15,12
8352,117,135,11,24,18,13
8353,109,126,60,73,17,13
8354,110,125,69,81,15,12
8355,97,110,173,183,13,10
8356,100,111,166,175,11,9
8357,95,107,217,226,12,9
8358,125,159,307,332,34,25
8359,129,163,273,298,34,25
8360,117,127,317,325,10,8
8361,88,120,334,358,32,24
8362,78,110,309,332,32,23
8363,54,73,282,296,19,14
8364,54,70,277,289,16,12
8365,46,56,278,286,10,8
8366,148,168,56,71,20,15
8367,149,174,3,23,25,20
8368,144,170,311,330,26,19
8369,123,144,61,77,21,16
8370,96,124,202,223,28,21
8371,94,116,216,233,22,17
8372,101,120,324,338,19,14
8373,103,119,331,343,16,12
8374,91,117,40,59,26,19
8375,96,118,32,48,22,16
8376,95,113,153,167,18,14
8377,56,70,45,55,14,10
8378,146,195,180,217,49,37
8379,194,233,154,184,39,30
8380,200,227,145,165,27,20
8381,220,234,138,149,14,11
8382,151,198,142,177,47,35
8383,164,200,98,125,36,27
8384,171,213,89,121,42,32
8385,160,205,53,87,45,34
8386,161,201,46,76,40,30
8387,156,210,11,51,54,40
8388,78,100,28,44,22,16
8389,92,110,10,24,18,14
8390,90,107,5,17,17,12
8391,194,231,13,41,37,28
8392,194,228,7,32,34,25
8393,122,136,259,269,14,10
8394,127,136,232,238,9,6
8395,127,137,217,224,10,7
8396,180,224,287,320,44,33
8397,193,237,260,293,44,33
8398,177,215,266,295,38,29
8399,185,232,242,278,47,36
8400,173,206,236,261,33,25
8401,185,221,211,238,36,27
8402,150,187,225,253,37,28
8403,149,181,220,244,32,24
8404,111,138,276,296,27,20
8405,115,142,173,192,27,19
8406,104,125,133,149,21,16
8407,107,128,126,142,21,16
8408,95,117,79,95,22,16
8409,173,232,267,311,59,44
8410,200,234,328,353,34,25
8411,210,232,236,252,22,16
8412,188,230,227,258,42,31
8413,156,219,150,197,63,47
8414,159,205,99,134,46,35
8415,174,209,85,111,35,26
8416,206,232,96,116,26,20
8417,210,235,81,100,25,19
8418,136,178,5,36,42,31
8419,37,50,220,230,13,10
8420,36,48,214,223,12,9
8421,56,76,89,103,20,14
8422,24,34,244,252,10,8
8423,25,34,242,249,9,7
8424,129,160,140,163,31,23
8425,125,152,123,143,27,20
8426,120,144,62,80,24,18
8427,99,117,96,109,18,13
8428,101,118,89,102,17,13
8429,91,106,144,156,15,12
8430,158,188,328,350,30,22
8431,151,178,338,358,27,20
8432,139,161,335,352,22,17
8433,132,151,324,338,19,14
8434,132,153,311,327,21,16
8435,124,140,272,284,16,12
8436,123,137,331,341,14,10
8437,151,177,133,152,26,19
8438,150,173,126,143,23,17
8439,143,169,78,98,26,20
8440,145,167,68,84,22,16
8441,148,169,49,65,21,16
8442,146,173,0,20,27,20
8443,137,155,59,73,18,14
8444,128,150,108,125,22,17
8445,119,133,98,108,14,10
8446,119,137,61,74,18,13
8447,119,137,52,65,18,13
8448,117,138,41,57,21,16
8449,103,123,40,55,20,15
8450,102,119,48,61,17,13
8451,82,99,300,313,17,13
8452,78,96,278,292,18,14
8453,69,85,256,267,16,11
8454,66,76,82,90,10,8
8455,65,76,78,87,11,9
8456,68,78,69,76,10,7
8457,71,82,65,73,11,8
8458,127,176,217,253,49,36
8459,95,126,253,276,31,23
8460,93,125,240,264,32,24
8461,79,107,229,251,28,22
8462,75,104,177,199,29,22
8463,81,115,168,193,34,25
8464,78,107,132,154,29,22
8465,95,130,128,154,35,26
8466,83,120,114,142,37,28
8467,107,144,15,42,37,27
8468,76,102,6,26,26,20
8469,41,59,49,62,18,13
8470,167,213,90,125,46,35
8471,179,208,44,66,29,22
8472,203,234,38,61,31,23
8473,214,235,26,42,21,16
8474,111,139,339,360,28,21
8475,101,128,324,344,27,20
8476,146,188,6,38,42,32
8477,90,106,236,248,16,12
8478,93,102,245,252,9,7
8479,86,107,211,227,21,16
8480,142,199,325,368,57,43
8481,85,130,329,363,45,34
8482,78,109,273,296,31,23
8483,56,76,1,15,20,14
8484,188,237,72,109,49,37
8485,187,232,61,95,45,34
8486,161,208,19,54,47,35
8487,51,61,213,221,10,8
8488,49,57,245,251,8,6
8489,124,135,270,278,11,8
8490,171,194,52,69,23,17
8491,170,195,13,32,25,19
8492,150,167,66,78,17,12
8493,151,167,74,86,16,12
8494,151,166,83,95,15,12
8495,146,160,91,101,14,10
8496,137,149,102,111,12,9
8497,118,124,181,186,6,5
8498,181,221,329,359,40,30
8499,151,182,322,344,31,22
8500,162,186,338,355,24,17
8501,124,141,332,345,17,13
8502,132,152,314,328,20,14
8503,110,135,29,48,25,19
8504,117,144,45,66,27,21
8505,119,137,271,284,18,13
8506,110,124,285,295,14,10
8507,107,121,295,305,14,10
8508,90,110,294,308,20,14
8509,82,100,267,280,18,13
8510,83,103,257,273,20,16
8511,80,98,231,245,18,14
8512,88,105,154,166,17,12
8513,83,101,328,342,18,14
8514,67,81,251,262,14,11
8515,201,236,278,304,35,26
8516,172,222,33,71,50,38
8517,30,45,192,203,15,11
8518,120,139,312,326,19,14
8519,117,134,334,347,17,13
8520,137,166,33,54,29,21
8521,64,87,297,314,23,17
8522,50,71,288,304,21,16
8523,103,131,326,347,28,21
8524,102,126,311,328,24,17
8525,96,121,288,306,25,18
8526,93,117,275,293,24,18
8527,84,115,251,275,31,24
8528,96,117,73,89,21,16
8529,96,115,51,65,19,14
8530,98,125,37,57,27,20
8531,211,237,16,35,26,19
8532,88,100,222,231,12,9
8533,87,100,215,225,13,10
8534,99,123,274,292,24,18
8535,71,94,245,262,23,17
8536,125,155,306,329,30,23
8537,128,159,250,273,31,23
8538,117,136,223,236,19,13
8539,120,140,215,230,20,15
8540,136,174,332,361,38,29
8541,156,204,295,331,48,36
8542,182,236,108,148,54,40
8543,166,210,188,221,44,33
8544,200,237,290,317,37,27
8545,108,137,156,178,29,22
8546,210,235,58,76,25,18
8547,93,115,336,353,22,17
8548,144,170,261,280,26,19
8549,140,171,248,271,31,23
8550,146,183,209,237,37,28
8551,130,159,174,196,29,22
8552,137,171,160,186,34,26
8553,139,167,142,162,28,20
8554,133,159,121,140,26,19
8555,134,165,94,118,31,24
8556,129,158,66,88,29,22
8557,112,133,35,51,21,16
8558,120,142,16,33,22,17
8559,97,115,125,138,18,13
8560,157,188,334,358,31,24
8561,140,164,313,331,24,18
8562,139,163,326,344,24,18
8563,122,145,322,340,23,18
8564,122,140,276,290,18,14
8565,93,100,200,206,7,6
8566,89,95,197,201,6,4
8567,89,97,191,197,8,6
8568,85,124,146,176,39,30
8569,79,109,101,124,30,23
8570,77,110,46,71,33,25
8571,29,44,75,86,15,11
8572,162,215,319,359,53,40
8573,80,98,289,303,18,14
8574,81,101,280,295,20,15
8575,68,97,271,293,29,22
8576,68,83,254,266,15,12
8577,78,107,245,267,29,22
8578,88,112,60,78,24,18
8579,66,93,286,306,27,20
8580,83,108,284,303,25,19
8581,81,104,264,281,23,17
8582,95,122,270,290,27,20
8583,98,130,241,266,32,25
8584,52,69,184,197,17,13
8585,93,122,61,82,29,21
8586,41,52,260,267,11,7
8587,146,169,61,78,23,17
8588,139,159,55,69,20,14
8589,141,164,11,29,23,18
8590,128,151,27,44,23,17
8591,133,161,236,257,28,21
8592,90,114,169,186,24,17
8593,69,85,196,208,16,12
8594,66,78,204,213,12,9
8595,126,154,108,129,28,21
8596,126,156,60,82,30,22
8597,142,166,39,58,24,19
8598,124,159,29,55,35,26
8599,147,175,277,298,28,21
8600,156,186,318,341,30,23
8601,159,192,335,360,33,25
8602,136,158,326,343,22,17
8603,127,140,320,329,13,9
8604,146,183,299,327,37,28
8605,128,146,293,307,18,14
8606,98,117,116,130,19,14
8607,99,120,129,144,21,15
8608,132,158,39,58,26,19
8609,129,153,22,40,24,18
8610,122,150,8,28,28,20
8611,108,134,45,64,26,19
8612,110,137,59,79,27,20
8613,94,107,111,121,13,10
8614,149,177,327,349,28,22
8615,134,174,306,336,40,30
8616,137,166,132,153,29,21
8617,146,183,243,270,37,27
8618,66,80,71,82,14,11
8619,168,218,249,286,50,37
8620,186,234,236,272,48,36
8621,85,113,18,39,28,21
8622,155,176,71,86,21,15
8623,155,176,62,78,21,16
8624,155,174,53,67,19,14
8625,122,132,185,193,10,8
8626,189,232,122,154,43,32
8627,184,227,77,109,43,32
8628,212,238,46,66,26,20
8629,129,155,10,29,26,19
8630,68,88,283,298,20,15
8631,70,88,299,313,18,14
8632,57,71,301,311,14,10
8633,58,73,311,323,15,12
8634,77,100,306,323,23,17
8635,49,68,279,293,19,14
8636,46,61,259,270,15,11
8637,39,51,260,269,12,9
8638,119,145,30,50,26,20
8639,120,147,21,42,27,21
8640,66,87,67,83,21,16
8641,79,97,299,312,18,13
8642,156,190,54,80,34,26
8643,158,195,37,65,37,28
8644,133,162,1,22,29,21
8645,86,102,302,314,16,12
8646,198,236,315,343,38,28
8647,211,236,294,313,25,19
8648,135,166,333,356,31,23
8649,95,127,327,350,32,23
8650,95,117,88,105,22,17
8651,102,117,83,95,15,12
8652,105,120,77,88,15,11
8653,166,187,59,75,21,16
8654,162,183,47,63,21,16
8655,119,128,158,165,9,7
8656,82,110,275,296,28,21
8657,81,109,142,163,28,21
8658,90,115,129,148,25,19
8659,52,67,284,295,15,11
8660,52,68,295,307,16,12
8661,100,125,325,344,25,19
8662,83,112,288,309,29,21
8663,85,109,203,220,24,17
8664,75,94,253,268,19,15
8665,87,109,150,166,22,16
8666,87,108,138,154,21,16
8667,143,173,321,344,30,23
8668,136,163,310,330,27,20
8669,123,154,302,326,31,24
8670,115,142,278,298,27,20
8671,117,145,326,347,28,21
8672,120,147,338,358,27,20
8673,115,137,195,211,22,16
8674,98,120,95,111,22,16
8675,103,119,89,100,16,11
8676,89,104,8,19,15,11
8677,128,141,151,160,13,9
8678,80,112,80,105,32,25
8679,37,55,49,62,18,13
8680,38,54,44,56,16,12
8681,175,212,309,337,37,28
8682,161,196,283,309,35,26
8683,129,153,276,294,24,18
8684,130,160,259,281,30,22
8685,105,128,105,123,23,18
8686,142,164,325,341,22,16
8687,135,154,336,350,19,14
8688,121,138,325,337,17,12
8689,105,118,297,307,13,10
8690,77,95,261,274,18,13
8691,74,89,96,107,15,11
8692,79,98,136,151,19,15
8693,76,89,145,155,13,10
8694,114,148,26,51,34,25
8695,91,116,340,359,25,19
8696,143,170,5,25,27,20
8697,161,183,325,342,22,17
8698,154,171,323,336,17,13
8699,146,162,328,341,16,13
8700,147,174,337,357,27,20
8701,125,148,41,58,23,17
8702,107,118,139,148,11,9
8703,104,114,154,161,10,7
8704,128,166,305,333,38,28
8705,187,228,242,273,41,31
8706,193,235,232,264,42,32
8707,95,120,63,82,25,19
8708,98,122,55,73,24,18
8709,85,110,277,297,25,20
8710,83,101,289,302,18,13
8711,85,100,298,309,15,11
8712,90,113,282,299,23,17
8713,90,105,292,303,15,11
8714,95,115,323,338,20,15
8715,146,171,26,44,25,18
8716,107,115,142,148,8,6
8717,93,127,311,337,34,26
8718,142,171,330,352,29,22
8719,132,157,320,339,25,19
8720,130,159,307,328,29,21
8721,110,148,328,356,38,28
8722,105,137,289,313,32,24
8723,93,115,282,299,22,17
8724,94,120,274,293,26,19
8725,83,107,228,245,24,17
8726,107,131,30,48,24,18
8727,107,129,22,39,22,17
8728,110,129,14,28,19,14
8729,95,116,46,62,21,16
8730,98,117,57,72,19,15
8731,96,117,62,78,21,16
8732,67,88,98,114,21,16
8733,73,91,270,284,18,14
8734,34,52,263,277,18,14
8735,17,36,162,176,19,14
8736,19,46,110,130,27,20
8737,98,124,149,169,26,20
8738,169,212,2,34,43,32
8739,105,114,296,302,9,6
8740,102,110,306,312,8,6
8741,107,120,99,108,13,9
8742,63,81,240,253,18,13
8743,56,76,231,246,20,15
8744,56,72,280,292,16,12
8745,54,70,273,285,16,12
8746,159,195,324,351,36,27
8747,141,168,314,335,27,21
8748,129,151,334,350,22,16
8749,112,132,334,349,20,15
8750,143,180,292,319,37,27
8751,150,174,230,248,24,18
8752,141,156,234,245,15,11
8753,118,140,235,251,22,16
8754,136,159,221,238,23,17
8755,147,174,207,227,27,20
8756,144,181,190,217,37,27
8757,142,174,152,176,32,24
8758,122,148,16,35,26,19
8759,107,127,52,66,20,14
8760,110,129,68,83,19,15
8761,107,129,106,122,22,16
8762,101,123,121,138,22,17
8763,90,102,203,212,12,9
8764,139,176,299,327,37,28
8765,88,107,321,336,19,15
8766,87,108,291,307,21,16
8767,78,93,286,297,15,11
8768,83,103,209,224,20,15
8769,100,123,327,345,23,18
8770,83,101,279,292,18,13
8771,109,134,57,77,25,20
8772,95,105,232,240,10,8
8773,93,105,240,249,12,9
8774,120,142,335,352,22,17
8775,120,138,328,342,18,14
8776,127,154,339,360,27,21
8777,211,237,295,314,26,19
8778,137,182,252,286,45,34
8779,199,238,193,222,39,29
8780,219,238,154,168,19,14
8781,101,130,135,157,29,22
8782,88,103,28,40,15,12
8783,90,104,22,32,14,10
8784,89,103,13,23,14,10
8785,134,160,9,28,26,19
8786,127,150,43,61,23,18
8787,130,146,54,66,16,12
8788,129,144,63,75,15,12
8789,120,134,92,103,14,11
8790,110,127,119,132,17,13
8791,106,121,129,140,15,11
8792,110,138,299,319,28,20
8793,97,119,305,321,22,16
8794,89,103,228,238,14,10
8795,137,174,178,206,37,28
8796,166,205,39,68,39,29
8797,89,106,333,346,17,13
8798,93,114,320,336,21,16
8799,90,107,308,321,17,13
8800,94,107,275,285,13,10
8801,61,77,201,213,16,12
8802,133,163,7,29,30,22
8803,124,154,9,31,30,22
8804,56,68,174,184,12,10
8805,54,66,23,31,12,8
8806,54,66,17,26,12,9
8807,54,68,150,160,14,10
8808,99,122,251,269,23,18
8809,88,99,215,224,11,9
8810,118,139,173,189,21,16
8811,127,139,60,69,12,9
8812,124,141,307,319,17,12
8813,175,221,315,350,46,35
8814,185,217,327,351,32,24
8815,112,140,10,30,28,20
8816,115,137,8,24,22,16
8817,97,116,78,93,19,15
8818,97,116,70,85,19,15
8819,55,66,181,190,11,9
8820,217,236,330,344,19,14
8821,134,171,205,232,37,27
8822,136,174,250,279,38,29
8823,135,169,272,298,34,26
8824,156,195,270,299,39,29
8825,145,185,280,310,40,30
8826,156,191,304,331,35,27
8827,131,166,299,326,35,27
8828,149,181,317,341,32,24
8829,151,190,326,355,39,29
8830,99,124,298,317,25,19
8831,95,129,158,183,34,25
8832,83,113,163,186,30,23
8833,110,134,200,219,24,19
8834,110,129,213,228,19,15
8835,105,128,220,237,23,17
8836,71,88,160,173,17,13
8837,117,146,202,224,29,22
8838,58,75,184,196,17,12
8839,49,61,155,163,12,8
8840,48,62,148,159,14,11
8841,56,66,20,28,10,8
8842,51,66,25,35,15,10
8843,115,141,5,24,26,19
8844,99,121,98,115,22,17
8845,95,115,147,162,20,15
8846,90,110,211,226,20,15
8847,90,114,185,203,24,18
8848,104,120,177,189,16,12
8849,124,136,184,194,12,10
8850,107,134,172,192,27,20
8851,132,165,8,33,33,25
8852,71,81,182,189,10,7
8853,66,78,148,157,12,9
8854,68,75,144,149,7,5
8855,144,167,35,52,23,17
8856,141,164,28,46,23,18
8857,148,166,29,42,18,13
8858,124,151,53,73,27,20
8859,123,141,72,85,18,13
8860,93,102,240,247,9,7
8861,100,109,242,248,9,6
8862,96,104,178,183,8,5
8863,98,107,173,180,9,7
8864,153,201,177,213,48,36
8865,161,202,167,198,41,31
8866,83,104,274,289,21,15
8867,88,108,255,271,20,16
8868,131,153,38,55,22,17
8869,145,168,21,38,23,17
8870,126,149,25,42,23,17
8871,160,186,264,283,26,19
8872,151,181,324,346,30,22
8873,145,173,6,27,28,21
8874,119,135,92,104,16,12
8875,112,141,292,313,29,21
8876,88,108,289,305,20,16
8877,123,159,284,310,36,26
8878,129,160,257,281,31,24
8879,127,155,247,268,28,21
8880,122,152,239,262,30,23
8881,121,149,229,250,28,21
8882,112,142,255,277,30,22
8883,93,111,327,341,18,14
8884,85,111,301,320,26,19
8885,95,112,280,292,17,12
8886,90,102,279,288,12,9
8887,88,115,257,277,27,20
8888,87,104,217,230,17,13
8889,206,235,16,37,29,21
8890,46,71,33,52,25,19
8891,26,42,56,68,16,12
8892,29,39,67,75,10,8
8893,74,95,296,312,21,16
8894,73,99,286,305,26,19
8895,131,155,3,21,24,18
8896,97,131,264,289,34,25
8897,80,110,171,194,30,23
8898,96,125,101,123,29,22
8899,66,90,295,314,24,19
8900,67,94,314,335,27,21
8901,68,85,328,341,17,13
8902,63,84,333,349,21,16
8903,49,66,277,291,17,14
8904,159,189,294,317,30,23
8905,152,186,275,300,34,25
8906,145,176,174,197,31,23
8907,143,171,83,104,28,21
8908,135,160,33,51,25,18
8909,140,161,28,43,21,15
8910,117,137,58,74,20,16
8911,94,132,283,312,38,29
8912,45,68,13,31,23,18
8913,104,139,327,353,35,26
8914,104,137,314,339,33,25
8915,94,126,309,333,32,24
8916,99,134,295,322,35,27
8917,116,139,4,22,23,18
8918,209,236,52,72,27,20
8919,112,127,45,55,15,10
8920,112,129,56,68,17,12
8921,98,116,67,80,18,13
8922,67,82,39,50,15,11
8923,112,137,218,237,25,19
8924,128,159,128,151,31,23
8925,142,169,166,187,27,21
8926,140,166,173,193,26,20
8927,133,159,196,216,26,20
8928,142,188,300,335,46,35
8929,122,142,66,81,20,15
8930,86,110,172,190,24,18
8931,78,98,186,200,20,14
8932,78,102,291,309,24,18
8933,74,94,286,301,20,15
8934,55,67,284,293,12,9
8935,41,54,277,286,13,9
8936,40,56,160,172,16,12
8937,152,176,166,185,24,19
8938,152,181,158,179,29,21
8939,135,154,142,156,19,14
8940,144,171,28,49,27,21
8941,148,173,9,27,25,18
8942,125,144,63,77,19,14
8943,103,115,149,158,12,9
8944,109,135,277,297,26,20
8945,90,105,264,276,15,12
8946,92,112,328,344,20,16
8947,105,146,208,238,41,30
8948,119,148,189,211,29,22
8949,117,142,179,198,25,19
8950,127,157,41,63,30,22
8951,77,89,283,292,12,9
8952,88,120,121,144,32,23
8953,80,107,197,218,27,21
8954,93,113,210,226,20,16
8955,93,110,218,231,17,13
8956,88,116,227,249,28,22
8957,94,121,237,257,27,20
8958,81,110,325,347,29,22
8959,114,143,298,320,29,22
8960,129,158,250,272,29,22
8961,117,147,214,236,30,22
8962,109,145,199,226,36,27
8963,88,107,330,344,19,14
8964,85,100,307,319,15,12
8965,73,86,271,281,13,10
8966,72,84,265,274,12,9
8967,72,85,259,268,13,9
8968,160,215,286,328,55,42
8969,173,212,324,354,39,30
8970,142,171,334,356,29,22
8971,129,161,326,351,32,25
8972,144,164,319,334,20,15
8973,104,126,30,46,22,16
8974,99,128,6,27,29,21
8975,80,96,36,48,16,12
8976,197,235,155,183,38,28
8977,220,237,107,119,17,12
8978,204,235,7,30,31,23
8979,93,107,212,223,14,11
8980,95,107,188,197,12,9
8981,95,107,180,190,12,10
8982,100,114,119,130,14,11
8983,120,156,182,209,36,27
8984,128,159,157,181,31,24
8985,127,161,250,275,34,25
8986,132,171,274,304,39,30
8987,107,133,14,33,26,19
8988,95,118,28,45,23,17
8989,78,112,300,325,34,25
8990,80,107,18,38,27,20
8991,88,109,14,29,21,15
8992,60,89,11,32,29,21
8993,50,66,10,22,16,12
8994,48,70,20,37,22,17
8995,111,129,77,91,18,14
8996,111,127,72,84,16,12
8997,98,108,158,165,10,7
8998,98,107,173,180,9,7
8999,100,126,316,336,26,20
9000,93,117,313,330,24,17
9001,51,73,14,30,22,16
9002,45,74,-1,21,29,22
9003,141,161,58,73,20,15
9004,125,144,49,63,19,14
9005,139,159,3,18,20,15
9006,146,164,18,32,18,14
9007,147,161,26,36,14,10
9008,132,146,37,48,14,11
9009,141,161,42,57,20,15
9010,114,138,315,333,24,18
9011,127,161,320,346,34,26
9012,81,113,278,302,32,24
9013,88,115,291,310,27,19
9014,78,98,269,283,20,14
9015,78,94,260,272,16,12
9016,74,91,254,266,17,12
9017,93,118,49,68,25,19
9018,115,139,15,33,24,18
9019,120,140,8,24,20,16
9020,115,141,-1,18,26,19
9021,111,130,0,14,19,14
9022,83,100,5,18,17,13
9023,77,100,100,117,23,17
9024,81,100,63,77,19,14
9025,76,98,45,62,22,17
9026,71,96,-1,18,25,19
9027,52,71,12,27,19,15
9028,45,58,7,17,13,10
9029,144,176,48,72,32,24
9030,150,172,4,21,22,17
9031,122,149,57,77,27,20
9032,149,182,312,337,33,25
9033,88,117,47,69,29,22
9034,49,66,49,62,17,13
9035,80,112,287,311,32,24
9036,48,62,57,68,14,11
9037,161,208,76,111,47,35
9038,131,160,104,126,29,22
9039,124,159,92,118,35,26
9040,127,168,122,154,41,32
9041,63,91,276,297,28,21
9042,55,68,288,297,13,9
9043,55,66,282,290,11,8
9044,37,54,222,234,17,12
9045,39,49,218,225,10,7
9046,27,41,206,217,14,11
9047,138,186,25,61,48,36
9048,151,187,10,37,36,27
9049,91,123,9,33,32,24
9050,76,104,20,41,28,21
9051,85,123,299,328,38,29
9052,80,117,281,308,37,27
9053,74,108,242,267,34,25
9054,73,99,235,255,26,20
9055,48,67,292,306,19,14
9056,107,142,201,227,35,26
9057,158,198,41,71,40,30
9058,157,192,21,47,35,26
9059,143,168,6,24,25,18
9060,117,144,47,67,27,20
9061,117,145,35,56,28,21
9062,132,154,39,55,22,16
9063,127,145,50,64,18,14
9064,123,141,55,69,18,14
9065,81,95,69,79,14,10
9066,80,95,55,66,15,11
9067,63,80,75,88,17,13
9068,62,77,222,233,15,11
9069,62,71,207,213,9,6
9070,96,119,56,73,23,17
9071,105,130,33,52,25,19
9072,104,122,23,36,18,13
9073,111,133,12,28,22,16
9074,95,117,305,322,22,17
9075,95,117,294,310,22,16
9076,77,103,281,300,26,19
9077,85,115,261,283,30,22
9078,156,194,207,235,38,28
9079,173,197,221,239,24,18
9080,198,234,172,200,36,28
9081,195,235,222,251,40,29
9082,100,129,313,336,29,23
9083,83,110,329,349,27,20
9084,176,230,29,70,54,41
9085,139,168,232,254,29,22
9086,130,161,147,171,31,24
9087,134,166,73,98,32,25
9088,126,149,55,73,23,18
9089,120,150,43,65,30,22
9090,139,167,309,330,28,21
9091,129,153,338,356,24,18
9092,125,144,323,336,19,13
9093,123,139,296,308,16,12
9094,100,117,100,113,17,13
9095,102,127,48,67,25,19
9096,99,131,29,53,32,24
9097,117,161,328,361,44,33
9098,73,95,259,276,22,17
9099,157,199,314,345,42,31
9100,122,139,8,21,17,13
9101,119,132,23,33,13,10
9102,129,148,51,66,19,15
9103,112,126,50,61,14,11
9104,117,136,328,342,19,14
9105,104,115,295,304,11,9
9106,177,222,104,138,45,34
9107,176,216,85,115,40,30
9108,91,116,333,352,25,19
9109,136,173,29,57,37,28
9110,102,123,30,46,21,16
9111,160,210,253,290,50,37
9112,205,234,262,284,29,22
9113,203,234,305,329,31,24
9114,108,136,308,329,28,21
9115,109,139,319,341,30,22
9116,110,132,337,354,22,17
9117,89,115,291,310,26,19
9118,90,112,282,299,22,17
9119,93,114,279,295,21,16
9120,86,112,258,277,26,19
9121,36,61,238,257,25,19
9122,171,206,284,311,35,27
9123,177,217,104,134,40,30
9124,186,234,84,120,48,36
9125,97,135,326,355,38,29
9126,108,144,308,335,36,27
9127,107,140,297,322,33,25
9128,80,106,293,312,26,19
9129,74,100,272,292,26,20
9130,53,70,188,201,17,13
9131,46,64,179,193,18,14
9132,41,54,174,184,13,10
9133,112,128,64,76,16,12
9134,99,109,173,181,10,8
9135,101,107,170,174,6,4
9136,100,109,165,171,9,6
9137,101,110,160,167,9,7
9138,101,108,157,162,7,5
9139,136,175,8,37,39,29
9140,78,89,273,282,11,9
9141,153,188,293,320,35,27
9142,144,166,304,320,22,16
9143,120,144,29,48,24,19
9144,127,149,11,28,22,17
9145,116,142,0,19,26,19
9146,104,115,293,301,11,8
9147,104,115,300,308,11,8
9148,108,129,105,121,21,16
9149,146,189,138,169,43,31
9150,146,178,2,27,32,25
9151,183,230,181,216,47,35
9152,159,195,186,212,36,26
9153,147,169,183,199,22,16
9154,149,168,204,218,19,14
9155,154,205,204,242,51,38
9156,132,164,275,299,32,24
9157,124,158,300,325,34,25
9158,111,138,319,339,27,20
9159,106,129,304,321,23,17
9160,105,132,287,308,27,21
9161,90,108,276,290,18,14
9162,92,103,268,276,11,8
9163,169,195,7,26,26,19
9164,100,128,25,45,28,20
9165,78,89,119,127,11,8
9166,51,68,188,201,17,13
9167,136,189,225,265,53,40
9168,174,216,54,85,42,31
9169,181,227,40,75,46,35
9170,112,137,298,316,25,18
9171,115,139,311,329,24,18
9172,116,144,328,349,28,21
9173,120,145,336,355,25,19
9174,91,108,273,286,17,13
9175,87,105,235,248,18,13
9176,88,107,225,239,19,14
9177,161,209,9,44,48,35
9178,163,209,186,220,46,34
9179,217,238,162,178,21,16
9180,219,236,149,162,17,13
9181,210,232,135,151,22,16
9182,203,228,117,136,25,19
9183,210,237,84,104,27,20
9184,126,161,271,297,35,26
9185,117,146,316,337,29,21
9186,117,143,332,351,26,19
9187,187,228,318,349,41,31
9188,198,232,307,332,34,25
9189,115,141,177,196,26,19
9190,120,138,215,229,18,14
9191,97,112,69,80,15,11
9192,129,160,275,298,31,23
9193,120,172,234,273,52,39
9194,90,107,296,309,17,13
9195,87,105,288,302,18,14
9196,107,127,69,84,20,15
9197,107,129,62,78,22,16
9198,112,128,59,71,16,12
9199,106,124,28,42,18,14
9200,102,124,32,49,22,17
9201,103,120,46,58,17,12
9202,98,111,55,65,13,10
9203,141,184,272,305,43,33
9204,151,191,293,323,40,30
9205,139,178,332,361,39,29
9206,78,95,264,277,17,13
9207,71,83,261,270,12,9
9208,82,100,171,185,18,14
9209,83,102,163,177,19,14
9210,79,100,138,154,21,16
9211,58,66,204,209,8,5
9212,58,69,218,227,11,9
9213,98,137,94,123,39,29
9214,32,46,210,221,14,11
9215,31,44,203,213,13,10
9216,98,130,307,331,32,24
9217,144,187,216,248,43,32
9218,135,187,197,235,52,38
9219,146,193,217,252,47,35
9220,98,129,333,357,31,24
9221,63,85,229,245,22,16
9222,212,237,81,100,25,19
9223,149,172,138,156,23,18
9224,137,153,150,162,16,12
9225,136,148,147,156,12,9
9226,122,141,271,285,19,14
9227,217,239,163,179,22,16
9228,109,138,320,342,29,22
9229,109,134,311,330,25,19
9230,59,85,260,279,26,19
9231,68,90,299,316,22,17
9232,68,90,320,337,22,17
9233,59,76,291,304,17,13
9234,49,63,282,292,14,10
9235,24,35,203,211,11,8
9236,120,129,77,85,9,8
9237,97,120,243,260,23,17
9238,145,189,287,320,44,33
9239,193,232,269,298,39,29
9240,99,123,18,36,24,18
9241,86,105,300,315,19,15
9242,189,234,317,352,45,35
9243,154,195,238,269,41,31
9244,142,161,244,258,19,14
9245,126,168,253,285,42,32
9246,132,172,268,299,40,31
9247,100,120,269,285,20,16
9248,116,142,243,262,26,19
9249,118,156,230,258,38,28
9250,120,154,219,245,34,26
9251,120,147,208,228,27,20
9252,111,140,198,220,29,22
9253,110,134,177,195,24,18
9254,99,117,250,263,18,13
9255,70,93,289,307,23,18
9256,50,69,274,288,19,14
9257,146,171,241,260,25,19
9258,146,171,234,252,25,18
9259,133,158,187,205,25,18
9260,121,152,113,136,31,23
9261,132,153,101,117,21,16
9262,130,150,94,108,20,14
9263,110,129,89,103,19,14
9264,130,158,56,77,28,21
9265,126,144,53,67,18,14
9266,123,143,35,50,20,15
9267,127,149,27,44,22,17
9268,124,150,14,33,26,19
9269,142,168,333,353,26,20
9270,133,154,327,343,21,16
9271,97,111,124,135,14,11
9272,98,112,120,130,14,10
9273,93,108,142,153,15,11
9274,71,95,301,318,24,17
9275,80,102,318,335,22,17
9276,83,101,332,345,18,13
9277,54,70,23,35,16,12
9278,45,58,266,276,13,10
9279,96,129,314,339,33,25
9280,98,127,331,352,29,21
9281,84,98,333,344,14,11
9282,100,140,314,345,40,31
9283,127,174,328,364,47,36
9284,53,76,12,30,23,18
9285,206,239,82,107,33,25
9286,103,127,62,80,24,18
9287,117,133,47,60,16,13
9288,119,129,333,341,10,8
9289,114,124,326,333,10,7
9290,85,117,331,356,32,25
9291,90,133,311,343,43,32
9292,76,113,302,330,37,28
9293,66,98,279,303,32,24
9294,51,72,9,25,21,16
9295,51,72,2,18,21,16
9296,106,142,227,253,36,26
9297,98,134,218,245,36,27
9298,40,63,10,27,23,17
9299,44,61,28,41,17,13
9300,40,58,32,45,18,13
9301,40,57,39,51,17,12
9302,27,47,59,74,20,15
9303,144,171,10,30,27,20
9304,129,153,47,65,24,18
9305,115,132,106,120,17,14
9306,107,124,119,132,17,13
9307,178,215,304,331,37,27
9308,184,222,320,349,38,29
9309,217,239,301,318,22,17
9310,144,172,315,336,28,21
9311,139,164,305,324,25,19
9312,118,131,298,308,13,10
9313,107,120,297,307,13,10
9314,102,112,290,297,10,7
9315,105,117,281,289,12,8
9316,95,111,128,140,16,12
9317,117,151,332,357,34,25
9318,95,112,262,275,17,13
9319,90,101,198,207,11,9
9320,132,169,305,334,37,29
9321,143,173,323,346,30,23
9322,154,197,323,355,43,32
9323,141,176,330,357,35,27
9324,90,109,289,303,19,14
9325,88,108,79,94,20,15
9326,84,111,67,87,27,20
9327,87,105,59,72,18,13
9328,69,87,263,277,18,14
9329,106,124,57,71,18,14
9330,100,124,71,88,24,17
9331,97,115,104,118,18,14
9332,98,120,112,128,22,16
9333,105,137,84,108,32,24
9334,162,194,328,352,32,24
9335,144,162,337,350,18,13
9336,139,186,300,336,47,36
9337,127,151,280,299,24,19
9338,96,104,148,154,8,6
9339,137,156,10,25,19,15
9340,129,149,5,20,20,15
9341,124,143,19,33,19,14
9342,168,206,142,170,38,28
9343,92,114,284,301,22,17
9344,53,72,60,75,19,15
9345,66,90,22,40,24,18
9346,162,209,89,124,47,35
9347,134,181,97,133,47,36
9348,138,184,56,91,46,35
9349,152,205,179,219,53,40
9350,183,232,96,133,49,37
9351,107,127,72,86,20,14
9352,115,133,29,42,18,13
9353,90,115,268,286,25,18
9354,90,111,281,297,21,16
9355,84,107,42,59,23,17
9356,64,81,253,266,17,13
9357,123,154,176,199,31,23
9358,87,106,286,300,19,14
9359,88,105,276,289,17,13
9360,102,135,45,69,33,24
9361,101,132,317,340,31,23
9362,87,112,289,308,25,19
9363,70,93,308,326,23,18
9364,49,67,277,291,18,14
9365,160,199,214,243,39,29
9366,124,148,100,118,24,18
9367,127,151,154,173,24,19
9368,126,152,61,81,26,20
9369,165,201,296,323,36,27
9370,107,131,143,161,24,18
9371,110,134,173,191,24,18
9372,147,186,331,360,39,29
9373,145,182,303,331,37,28
9374,141,175,281,306,34,25
9375,98,115,64,77,17,13
9376,98,119,87,103,21,16
9377,146,178,21,45,32,24
9378,212,239,74,94,27,20
9379,181,225,41,73,44,32
9380,107,133,306,325,26,19
9381,198,238,18,48,40,30
9382,90,114,317,335,24,18
9383,66,88,324,341,22,17
9384,173,219,27,62,46,35
9385,41,61,135,150,20,15
9386,149,163,32,42,14,10
9387,107,129,41,57,22,16
9388,109,132,108,125,23,17
9389,147,185,78,106,38,28
9390,144,177,162,187,33,25
9391,189,239,76,113,50,37
9392,170,213,149,182,43,33
9393,145,180,1,27,35,26
9394,144,179,24,50,35,26
9395,181,236,164,205,55,41
9396,132,161,298,320,29,22
9397,112,141,277,298,29,21
9398,127,170,216,248,43,32
9399,117,154,253,281,37,28
9400,94,132,319,347,38,28
9401,192,238,283,318,46,35
9402,191,238,207,242,47,35
9403,49,64,202,213,15,11
9404,51,66,210,222,15,12
9405,48,64,235,248,16,13
9406,83,111,308,329,28,21
9407,80,107,284,304,27,20
9408,52,68,292,304,16,12
9409,53,68,281,293,15,12
9410,83,104,181,197,21,16
9411,93,115,168,185,22,17
9412,95,117,155,172,22,17
9413,159,205,120,154,46,34
9414,159,197,77,106,38,29
9415,108,135,211,231,27,20
9416,116,144,141,162,28,21
9417,120,149,87,108,29,21
9418,185,228,0,33,43,33
9419,110,134,54,72,24,18
9420,107,131,68,86,24,18
9421,104,126,20,36,22,16
9422,83,112,263,285,29,22
9423,93,124,8,32,31,24
9424,59,76,212,225,17,13
9425,58,78,55,69,20,14
9426,115,139,89,107,24,18
9427,130,152,294,311,22,17
9428,111,129,294,308,18,14
9429,97,112,135,147,15,12
9430,95,111,128,139,16,11
9431,129,156,16,36,27,20
9432,107,132,51,70,25,19
9433,103,124,110,126,21,16
9434,130,151,238,254,21,16
9435,111,129,203,216,18,13
9436,168,204,335,361,36,26
9437,134,162,97,119,28,22
9438,120,146,55,75,26,20
9439,100,118,110,124,18,14
9440,152,178,337,356,26,19
9441,122,144,323,340,22,17
9442,132,156,60,77,24,17
9443,132,155,48,66,23,18
9444,131,154,39,56,23,17
9445,81,115,282,308,34,26
9446,39,58,42,56,19,14
9447,137,174,114,142,37,28
9448,119,143,59,77,24,18
9449,103,126,252,269,23,17
9450,86,107,270,286,21,16
9451,73,88,338,349,15,11
9452,163,202,154,184,39,30
9453,206,239,39,64,33,25
9454,90,107,222,235,17,13
9455,88,109,256,271,21,15
9456,139,164,25,43,25,18
9457,145,173,308,329,28,21
9458,149,172,292,310,23,18
9459,114,130,316,328,16,12
9460,204,239,228,255,35,27
9461,90,111,322,338,21,16
9462,128,154,97,116,26,19
9463,122,147,113,132,25,19
9464,104,120,108,121,16,13
9465,108,128,62,77,20,15
9466,111,131,73,88,20,15
9467,143,173,323,345,30,22
9468,199,235,55,82,36,27
9469,166,214,86,122,48,36
9470,120,147,280,301,27,21
9471,113,143,332,354,30,22
9472,90,111,337,353,21,16
9473,88,109,263,279,21,16
9474,149,178,203,225,29,22
9475,146,171,234,253,25,19
9476,153,183,333,356,30,23
9477,123,145,330,347,22,17
9478,107,130,38,55,23,17
9479,92,127,314,340,35,26
9480,88,113,238,257,25,19
9481,94,127,187,212,33,25
9482,57,76,287,301,19,14
9483,45,63,275,289,18,14
9484,93,131,326,355,38,29
9485,70,98,267,288,28,21
9486,61,83,245,261,22,16
9487,39,60,178,193,21,15
9488,99,123,29,47,24,18
9489,123,154,322,344,31,22
9490,91,117,337,356,26,19
9491,112,143,301,324,31,23
9492,59,78,289,303,19,14
9493,60,78,307,321,18,14
9494,36,51,164,174,15,10
9495,56,75,19,34,19,15
9496,125,150,0,19,25,19
9497,115,132,44,56,17,12
9498,111,129,65,78,18,13
9499,114,132,55,69,18,14
9500,88,112,76,94,24,18
9501,194,238,101,134,44,33
9502,190,237,287,322,47,35
9503,112,139,20,40,27,20
9504,111,139,2,23,28,21
9505,177,219,2,34,42,32
9506,159,198,149,178,39,29
9507,116,138,39,55,22,16
9508,115,141,1,20,26,19
9509,112,132,199,213,20,14
9510,149,178,269,291,29,22
9511,108,124,94,106,16,12
9512,105,123,104,117,18,13
9513,98,123,109,128,25,19
9514,100,121,97,113,21,16
9515,95,115,77,91,20,14
9516,136,169,318,343,33,25
9517,121,148,308,328,27,20
9518,145,181,293,320,36,27
9519,144,176,273,297,32,24
9520,137,167,256,278,30,22
9521,137,167,240,263,30,23
9522,68,96,328,348,28,20
9523,61,88,302,322,27,20
9524,54,76,15,32,22,17
9525,52,76,3,21,24,18
9526,88,109,273,288,21,15
9527,76,92,97,108,16,11
9528,83,101,50,64,18,14
9529,76,93,111,124,17,13
9530,85,105,336,350,20,14
9531,107,132,86,105,25,19
9532,90,110,57,72,20,15
9533,115,142,285,305,27,20
9534,146,179,304,328,33,24
9535,132,180,305,340,48,35
9536,39,53,189,199,14,10
9537,115,134,42,56,19,14
9538,117,143,0,20,26,20
9539,49,62,56,65,13,9
9540,68,87,234,248,19,14
9541,68,88,219,234,20,15
9542,157,197,225,255,40,30
9543,110,136,327,347,26,20
9544,110,137,294,314,27,20
9545,168,213,152,186,45,34
9546,180,220,77,107,40,30
9547,162,200,37,65,38,28
9548,88,106,216,230,18,14
9549,89,103,185,196,14,11
9550,125,154,59,81,29,22
9551,95,129,145,171,34,26
9552,87,117,120,143,30,23
9553,107,141,0,25,34,25
9554,67,88,243,259,21,16
9555,61,82,208,224,21,16
9556,78,102,260,278,24,18
9557,79,102,315,333,23,18
9558,98,125,28,48,27,20
9559,80,98,168,181,18,13
9560,128,149,52,68,21,16
9561,142,167,-1,18,25,19
9562,150,175,320,339,25,19
9563,144,166,134,151,22,17
9564,116,136,118,133,20,15
9565,59,80,315,330,21,15
9566,140,181,135,165,41,30
9567,127,144,48,61,17,13
9568,134,150,61,73,16,12
9569,122,134,257,267,12,10
9570,112,122,260,267,10,7
9571,168,195,49,69,27,20
9572,175,201,15,35,26,20
9573,115,141,173,192,26,19
9574,117,144,2,23,27,21
9575,77,95,265,278,18,13
9576,105,141,247,274,36,27
9577,111,147,326,353,36,27
9578,88,123,294,321,35,27
9579,57,85,223,243,28,20
9580,112,137,306,324,25,18
9581,107,128,283,299,21,16
9582,101,125,225,243,24,18
9583,116,142,147,167,26,20
9584,120,144,-1,17,24,18
9585,164,188,6,23,24,17
9586,143,159,4,15,16,11
9587,73,86,62,72,13,10
9588,79,98,71,84,19,13
9589,64,78,233,243,14,10
9590,95,115,55,69,20,14
9591,68,84,255,267,16,12
9592,70,85,245,256,15,11
9593,91,110,169,183,19,14
9594,95,113,154,168,18,14
9595,71,88,207,219,17,12
9596,102,141,63,92,39,29
9597,66,94,154,175,28,21
9598,35,56,60,75,21,15
9599,49,71,16,32,22,16
9600,58,89,35,59,31,24
9601,87,123,189,216,36,27
9602,24,41,86,98,17,12
9603,120,146,0,20,26,20
9604,131,168,151,179,37,28
9605,134,170,120,146,36,26
9606,80,102,178,194,22,16
9607,106,141,320,346,35,26
9608,104,131,281,301,27,20
9609,98,124,300,320,26,20
9610,80,101,98,114,21,16
9611,66,87,263,279,21,16
9612,94,121,97,117,27,20
9613,97,121,130,148,24,18
9614,118,149,228,252,31,24
9615,115,142,278,299,27,21
9616,68,94,331,350,26,19
9617,104,127,260,278,23,18
9618,98,125,74,95,27,21
9619,102,128,30,50,26,20
9620,100,127,13,33,27,20
9621,80,112,232,256,32,24
9622,85,117,207,231,32,24
9623,73,102,129,151,29,22
9624,73,105,50,73,32,23
9625,82,110,313,333,28,20
9626,61,83,309,326,22,17
9627,72,96,291,309,24,18
9628,45,61,278,290,16,12
9629,146,186,229,259,40,30
9630,145,183,205,234,38,29
9631,182,234,103,143,52,40
9632,174,222,20,57,48,37
9633,133,158,38,57,25,19
9634,111,134,2,19,23,17
9635,135,161,108,128,26,20
9636,132,157,156,175,25,19
9637,143,166,286,303,23,17
9638,98,118,94,109,20,15
9639,139,166,93,113,27,20
9640,134,157,74,92,23,18
9641,89,122,174,199,33,25
9642,92,122,240,262,30,22
9643,73,100,324,345,27,21
9644,55,78,276,293,23,17
9645,110,139,5,28,29,23
9646,26,39,86,96,13,10
9647,27,39,97,105,12,8
9648,79,99,95,110,20,15
9649,101,124,69,86,23,17
9650,88,106,12,25,18,13
9651,181,231,269,307,50,38
9652,167,205,243,272,38,29
9653,145,181,301,328,36,27
9654,115,143,290,311,28,21
9655,134,166,324,348,32,24
9656,117,144,220,240,27,20
9657,96,122,36,55,26,19
9658,127,157,1,23,30,22
9659,88,108,332,347,20,15
9660,43,56,194,204,13,10
9661,39,51,120,130,12,10
9662,54,68,47,57,14,10
9663,53,71,28,41,18,13
9664,93,125,326,350,32,24
9665,53,68,271,282,15,11
9666,60,79,302,317,19,15
9667,59,80,289,305,21,16
9668,39,57,277,290,18,13
9669,157,189,185,209,32,24
9670,120,143,210,227,23,17
9671,112,135,263,281,23,18
9672,95,107,220,230,12,10
9673,144,170,132,151,26,19
9674,148,175,103,123,27,20
9675,149,176,255,276,27,21
9676,142,174,39,63,32,24
9677,146,175,3,24,29,21
9678,90,106,261,273,16,12
9679,89,107,249,263,18,14
9680,101,120,319,333,19,14
9681,133,166,32,57,33,25
9682,116,147,3,26,31,23
9683,69,85,210,222,16,12
9684,59,74,195,207,15,12
9685,57,71,156,166,14,10
9686,101,120,320,335,19,15
9687,93,120,304,324,27,20
9688,120,152,0,24,32,24
9689,98,122,33,50,24,17
9690,110,140,15,38,30,23
9691,71,92,94,109,21,15
9692,68,92,320,338,24,18
9693,61,82,299,315,21,16
9694,90,118,318,339,28,21
9695,56,76,271,287,20,16
9696,77,98,313,329,21,16
9697,59,81,295,311,22,16
9698,96,134,280,308,38,28
9699,84,112,40,60,28,20
9700,195,236,291,322,41,31
9701,80,105,6,24,25,18
9702,70,88,237,251,18,14
9703,151,186,19,45,35,26
9704,157,195,1,29,38,28
9705,52,63,157,166,11,9
9706,51,62,143,151,11,8
9707,58,79,299,315,21,16
9708,51,71,277,292,20,15
9709,75,96,318,334,21,16
9710,168,209,253,284,41,31
9711,118,147,267,289,29,22
9712,142,176,235,260,34,25
9713,148,184,220,247,36,27
9714,140,178,182,210,38,28
9715,110,141,290,314,31,24
9716,95,116,100,116,21,16
9717,105,130,133,152,25,19
9718,98,120,34,51,22,17
9719,85,102,21,33,17,12
9720,166,212,172,206,46,34
9721,208,237,129,151,29,22
9722,189,237,219,255,48,36
9723,161,199,294,322,38,28
9724,195,237,109,141,42,32
9725,104,130,144,164,26,20
9726,102,128,120,140,26,20
9727,120,150,269,291,30,22
9728,117,148,324,347,31,23
9729,159,200,258,289,41,31
9730,87,115,59,80,28,21
9731,48,64,209,221,16,12
9732,193,239,309,344,46,35
9733,102,122,332,348,20,16
9734,92,117,309,328,25,19
9735,80,95,254,266,15,12
9736,115,139,11,29,24,18
9737,108,126,1,14,18,13
9738,69,80,154,162,11,8
9739,64,74,164,171,10,7
9740,69,80,148,156,11,8
9741,81,99,51,64,18,13
9742,85,99,302,313,14,11
9743,80,92,270,279,12,9
9744,104,129,59,78,25,19
9745,150,184,69,95,34,26
9746,100,120,16,31,20,15
9747,100,120,4,19,20,15
9748,142,181,320,349,39,29
9749,149,184,301,327,35,26
9750,85,109,318,336,24,18
9751,157,172,32,43,15,11
9752,148,164,23,35,16,12
9753,154,193,32,62,39,30
9754,183,230,203,238,47,35
9755,171,224,171,211,53,40
9756,87,107,239,254,20,15
9757,116,141,305,324,25,19
9758,90,107,271,283,17,12
9759,90,105,224,235,15,11
9760,90,105,213,224,15,11
9761,136,169,291,316,33,25
9762,120,143,329,346,23,17
9763,112,137,277,296,25,19
9764,120,142,164,181,22,17
9765,111,134,184,201,23,17
9766,105,124,114,129,19,15
9767,101,121,102,117,20,15
9768,98,119,84,100,21,16
9769,98,119,71,87,21,16
9770,92,112,85,100,20,15
9771,92,114,64,81,22,17
9772,90,110,228,243,20,15
9773,99,124,8,27,25,19
9774,169,211,8,39,42,31
9775,139,175,311,337,36,26
9776,122,154,293,318,32,25
9777,100,122,152,168,22,16
9778,107,123,128,140,16,12
9779,87,107,230,245,20,15
9780,135,173,317,345,38,28
9781,95,123,278,299,28,21
9782,97,120,302,319,23,17
9783,76,95,273,287,19,14
9784,98,119,63,79,21,16
9785,98,122,45,63,24,18
9786,116,142,10,30,26,20
9787,66,80,65,75,14,10
9788,70,83,74,84,13,10
9789,103,124,67,83,21,16
9790,48,62,209,220,14,11
9791,149,180,196,220,31,24
9792,131,154,24,42,23,18
9793,137,156,45,59,19,14
9794,89,112,73,91,23,18
9795,79,98,112,126,19,14
9796,79,98,96,110,19,14
9797,154,192,56,85,38,29
9798,158,197,101,130,39,29
9799,151,184,81,105,33,24
9800,93,129,304,331,36,27
9801,55,77,249,265,22,16
9802,36,55,180,195,19,15
9803,77,100,297,314,23,17
9804,56,76,264,278,20,14
9805,62,83,1,16,21,15
9806,119,147,2,23,28,21
9807,118,154,286,312,36,26
9808,124,159,325,350,35,25
9809,120,158,242,270,38,28
9810,101,127,221,241,26,20
9811,60,86,311,331,26,20
9812,58,78,12,27,20,15
9813,39,62,58,75,23,17
9814,27,43,75,87,16,12
9815,126,162,192,220,36,28
9816,193,237,1,33,44,32
9817,127,157,2,25,30,23
9818,96,130,127,153,34,26
9819,39,59,219,234,20,15
9820,23,47,144,162,24,18
9821,95,125,156,179,30,23
9822,63,83,7,23,20,16
9823,148,188,130,160,40,30
9824,92,110,189,203,18,14
9825,71,88,287,300,17,13
9826,76,91,187,198,15,11
9827,76,91,198,209,15,11
9828,88,109,178,193,21,15
9829,154,202,9,44,48,35
9830,152,199,76,111,47,35
9831,97,137,1,31,40,30
9832,166,212,129,164,46,35
9833,195,237,259,291,42,32
9834,58,78,93,108,20,15
9835,59,76,75,88,17,13
9836,154,195,121,152,41,31
9837,86,110,66,84,24,18
9838,85,107,7,24,22,17
9839,90,115,311,329,25,18
9840,85,110,297,316,25,19
9841,84,110,279,298,26,19
9842,171,222,263,301,51,38
9843,127,156,316,337,29,21
9844,132,154,334,351,22,17
9845,102,118,339,350,16,11
9846,159,198,35,65,39,30
9847,112,137,33,51,25,18
9848,113,138,19,37,25,18
9849,68,84,62,73,16,11
9850,120,144,329,347,24,18
9851,87,116,319,341,29,22
9852,71,83,73,82,12,9
9853,164,210,34,69,46,35
9854,65,81,152,164,16,12
9855,123,149,2,22,26,20
9856,84,118,178,204,34,26
9857,78,109,259,282,31,23
9858,92,120,79,100,28,21
9859,102,138,322,348,36,26
9860,66,85,326,341,19,15
9861,49,68,273,287,19,14
9862,137,178,236,267,41,31
9863,105,133,83,104,28,21
9864,94,117,48,65,23,17
9865,94,117,33,50,23,17
9866,76,98,313,330,22,17
9867,78,104,327,347,26,20
9868,121,153,7,31,32,24
9869,55,69,170,181,14,11
9870,135,166,169,193,31,24
9871,102,130,229,250,28,21
9872,66,82,51,63,16,12
9873,72,93,291,307,21,16
9874,71,93,277,293,22,16
9875,42,53,169,177,11,8
9876,57,73,197,209,16,12
9877,101,128,326,347,27,21
9878,156,210,150,190,54,40
9879,88,111,61,79,23,18
9880,80,101,203,218,21,15
9881,88,112,229,247,24,18
9882,83,107,295,313,24,18
9883,82,107,256,275,25,19
9884,82,104,275,292,22,17
9885,61,79,254,268,18,14
9886,80,113,218,243,33,25
9887,90,120,198,221,30,23
9888,102,129,53,74,27,21
9889,76,102,19,39,26,20
9890,76,102,2,22,26,20
9891,78,103,220,239,25,19
9892,87,110,280,298,23,18
9893,84,106,266,282,22,16
9894,159,188,318,340,29,22
9895,68,90,291,308,22,17
9896,75,97,332,348,22,16
9897,117,142,0,18,25,18
9898,83,104,94,109,21,15
9899,127,159,280,304,32,24
9900,85,105,203,219,20,16
9901,84,105,214,230,21,16
9902,83,104,230,245,21,15
9903,78,101,255,272,23,17
9904,83,105,147,163,22,16
9905,87,105,65,78,18,13
9906,97,115,57,71,18,14
9907,91,109,45,59,18,14
9908,56,70,164,174,14,10
9909,73,104,1,24,31,23
9910,28,45,80,92,17,12
9911,120,149,74,95,29,21
9912,123,144,107,123,21,16
9913,60,80,311,327,20,16
9914,49,69,289,305,20,16
9915,47,62,267,278,15,11
9916,36,49,99,109,13,10
9917,85,110,308,326,25,18
9918,54,76,302,318,22,16
9919,59,78,288,303,19,15
9920,76,97,322,338,21,16
9921,44,61,276,288,17,12
9922,99,137,238,267,38,29
9923,41,55,87,98,14,11
9924,32,47,195,206,15,11
9925,102,129,256,276,27,20
9926,107,133,1,20,26,19
9927,120,146,2,22,26,20
9928,83,107,295,313,24,18
9929,83,105,268,284,22,16
9930,84,107,115,132,23,17
9931,81,102,104,120,21,16
9932,159,191,40,65,32,25
9933,142,166,15,33,24,18
9934,142,165,1,18,23,17
9935,115,133,259,273,18,14
9936,103,117,242,253,14,11
9937,144,167,53,70,23,17
9938,134,168,110,136,34,26
9939,127,161,133,159,34,26
9940,77,99,184,200,22,16
9941,88,117,276,298,29,22
9942,69,95,288,307,26,19
9943,54,72,285,298,18,13
9944,50,71,272,288,21,16
9945,68,87,319,333,19,14
9946,80,113,226,250,33,24
9947,65,90,299,318,25,19
9948,102,129,315,335,27,20
9949,99,132,37,62,33,25
9950,51,69,278,291,18,13
9951,46,66,289,305,20,16
9952,42,56,70,81,14,11
9953,68,85,108,121,17,13
9954,68,82,253,263,14,10
9955,80,94,287,298,14,11
9956,83,117,295,321,34,26
9957,57,80,3,20,23,17
9958,27,44,77,91,17,14
9959,122,145,2,19,23,17
9960,121,145,24,42,24,18
9961,114,135,47,63,21,16
9962,110,129,63,77,19,14
9963,110,130,74,89,20,15
9964,107,120,132,141,13,9
9965,145,172,260,280,27,20
9966,136,159,147,164,23,17
9967,114,132,233,247,18,14
9968,139,167,25,45,28,20
9969,93,105,256,265,12,9
9970,90,104,237,247,14,10
9971,93,105,231,239,12,8
9972,95,105,226,233,10,7
9973,95,104,217,224,9,7
9974,146,170,3,21,24,18
9975,144,166,22,38,22,16
9976,135,154,36,51,19,15
9977,123,142,59,72,19,13
9978,123,144,45,61,21,16
9979,129,161,35,58,32,23
9980,168,212,72,104,44,32
9981,97,112,63,75,15,12
9982,95,117,45,62,22,17
9983,66,83,62,75,17,13
9984,67,81,80,91,14,11
9985,178,230,292,331,52,39
9986,191,237,253,287,46,34
9987,181,232,218,256,51,38
9988,128,161,318,342,33,24
9989,94,124,115,138,30,23
9990,95,123,97,118,28,21
9991,100,128,71,92,28,21
9992,94,110,24,36,16,12
9993,88,105,7,19,17,12
9994,188,237,110,146,49,36
9995,114,150,295,322,36,27
9996,109,134,157,176,25,19
9997,82,104,280,297,22,17
9998,85,111,239,258,26,19
9999,83,103,263,278,20,15
10000,86,103,69,82,17,13
10001,84,108,49,67,24,18
10002,83,105,129,145,22,16
10003,119,146,13,33,27,20
10004,85,105,101,115,20,14
10005,114,140,22,42,26,20
10006,80,103,70,88,23,18
10007,81,102,278,293,21,15
10008,96,123,315,335,27,20
10009,120,147,329,350,27,21
10010,68,85,273,286,17,13
10011,83,106,117,134,23,17
10012,179,218,42,72,39,30
10013,188,226,21,49,38,28
10014,84,104,59,74,20,15
10015,68,88,238,253,20,15
10016,77,88,81,89,11,8
10017,139,171,121,145,32,24
10018,95,120,284,303,25,19
10019,123,149,163,182,26,19
10020,126,152,142,162,26,20
10021,112,139,295,316,27,21
10022,118,149,312,335,31,23
10023,125,156,264,287,31,23
10024,86,127,297,328,41,31
10025,104,139,13,40,35,27
10026,40,60,52,67,20,15
10027,49,67,34,48,18,14
10028,49,68,21,36,19,15
10029,142,181,296,325,39,29
10030,132,164,246,270,32,24
10031,116,148,267,291,32,24
10032,91,112,335,351,21,16
10033,100,116,38,49,16,11
10034,91,112,47,63,21,16
10035,89,109,13,28,20,15
10036,89,109,26,41,20,15
10037,120,156,85,112,36,27
10038,114,142,63,84,28,21
10039,71,83,243,253,12,10
10040,66,80,234,246,14,12
10041,54,68,175,186,14,11
10042,67,82,220,231,15,11
10043,79,110,38,61,31,23
10044,124,154,56,78,30,22
10045,89,112,275,292,23,17
10046,86,109,292,309,23,17
10047,114,138,52,70,24,18
10048,109,132,72,89,23,17
10049,97,110,169,179,13,10
10050,87,119,290,314,32,24
10051,66,87,304,319,21,15
10052,68,88,319,333,20,14
10053,51,68,288,300,17,12
10054,95,123,322,344,28,22
10055,40,57,259,272,17,13
10056,32,46,251,262,14,11
10057,37,54,86,98,17,12
10058,67,83,247,259,16,12
10059,145,175,242,264,30,22
10060,148,176,282,303,28,21
10061,143,172,144,166,29,22
10062,144,168,124,142,24,18
10063,152,181,-1,21,29,22
10064,141,164,17,34,23,17
10065,138,162,17,36,24,19
10066,151,178,303,323,27,20
10067,109,125,249,261,16,12
10068,110,135,314,333,25,19
10069,109,131,305,321,22,16
10070,110,131,4,20,21,16
10071,80,90,283,291,10,8
10072,105,137,288,313,32,25
10073,102,137,302,328,35,26
10074,101,131,321,344,30,23
10075,46,64,16,30,18,14
10076,144,178,302,327,34,25
10077,145,178,286,311,33,25
10078,142,172,270,292,30,22
10079,134,167,256,281,33,25
10080,133,165,239,263,32,24
10081,128,157,326,348,29,22
10082,110,133,304,322,23,18
10083,104,127,317,334,23,17
10084,102,125,326,344,23,18
10085,106,126,119,134,20,15
10086,100,118,104,117,18,13
10087,102,115,94,104,13,10
10088,93,108,39,51,15,12
10089,95,109,33,43,14,10
10090,126,160,143,168,34,25
10091,90,112,331,348,22,17
10092,85,103,321,335,18,14
10093,85,98,54,64,13,10
10094,67,78,229,237,11,8
10095,66,76,223,231,10,8
10096,88,108,64,80,20,16
10097,88,109,56,71,21,15
10098,93,122,249,271,29,22
10099,85,117,235,259,32,24
10100,83,115,110,134,32,24
10101,78,101,31,49,23,18
10102,45,56,27,36,11,9
10103,33,44,73,82,11,9
10104,28,40,90,99,12,9
10105,190,230,215,245,40,30
10106,164,207,178,210,43,32
10107,163,198,164,190,35,26
10108,148,185,251,279,37,28
10109,135,173,297,326,38,29
10110,132,156,327,345,24,18
10111,121,140,334,349,19,15
10112,114,138,316,334,24,18
10113,93,109,32,44,16,12
10114,94,109,24,36,15,12
10115,150,185,325,351,35,26
10116,134,158,320,338,24,18
10117,142,176,285,310,34,25
10118,144,168,273,291,24,18
10119,132,146,284,295,14,11
10120,139,163,261,279,24,18
10121,137,165,249,270,28,21
10122,106,125,115,129,19,14
10123,88,113,46,65,25,19
10124,114,129,138,150,15,12
10125,110,127,149,161,17,12
10126,117,145,260,280,28,20
10127,108,119,272,280,11,8
10128,127,154,282,303,27,21
10129,109,132,87,104,23,17
10130,96,127,114,137,31,23
10131,39,54,42,53,15,11
10132,39,54,50,62,15,12
10133,98,124,43,62,26,19
10134,109,128,30,44,19,14
10135,108,127,24,38,19,14
10136,99,120,18,34,21,16
10137,83,104,100,115,21,15
10138,78,103,80,98,25,18
10139,107,129,295,312,22,17
10140,105,127,333,349,22,16
10141,102,120,324,337,18,13
10142,84,102,280,294,18,14
10143,86,101,274,285,15,11
10144,75,93,256,269,18,13
10145,54,65,205,214,11,9
10146,100,137,19,46,37,27
10147,71,101,323,345,30,22
10148,167,203,322,349,36,27
10149,169,206,301,328,37,27
10150,155,196,281,312,41,31
10151,188,222,150,175,34,25
10152,151,198,68,103,47,35
10153,90,120,151,173,30,22
10154,89,120,170,193,31,23
10155,98,120,63,79,22,16
10156,61,70,198,204,9,6
10157,59,68,206,212,9,6
10158,163,207,177,210,44,33
10159,171,222,150,188,51,38
10160,167,212,88,122,45,34
10161,195,237,67,98,42,31
10162,152,198,13,48,46,35
10163,117,158,74,105,41,31
10164,115,154,94,124,39,30
10165,59,76,71,84,17,13
10166,141,168,278,298,27,20
10167,95,113,71,85,18,14
10168,95,115,52,68,20,16
10169,93,112,91,105,19,14
10170,102,119,85,97,17,12
10171,98,119,120,135,21,15
10172,108,127,112,126,19,14
10173,120,135,263,274,15,11
10174,128,151,54,71,23,17
10175,114,137,12,29,23,17
10176,112,132,75,90,20,15
10177,112,126,88,99,14,11
10178,127,149,230,247,22,17
10179,127,149,261,277,22,16
10180,129,151,285,301,22,16
10181,130,148,316,330,18,14
10182,132,150,326,340,18,14
10183,160,190,324,347,30,23
10184,154,176,313,329,22,16
10185,153,179,298,318,26,20
10186,148,173,281,300,25,19
10187,115,127,293,302,12,9
10188,92,102,167,174,10,7
10189,137,166,182,203,29,21
10190,128,151,168,186,23,18
10191,115,144,9,31,29,22
10192,85,108,290,307,23,17
10193,132,164,337,361,32,24
10194,79,94,98,109,15,11
10195,90,110,51,66,20,15
10196,93,112,61,76,19,15
10197,93,110,72,85,17,13
10198,70,88,267,281,18,14
10199,146,168,82,99,22,17
10200,141,163,54,71,22,17
10201,96,118,134,150,22,16
10202,90,105,36,47,15,11
10203,87,102,28,39,15,11
10204,90,109,161,175,19,14
10205,90,110,171,186,20,15
10206,86,102,182,193,16,11
10207,88,104,196,208,16,12
10208,88,110,275,291,22,16
10209,87,102,250,261,15,11
10210,85,100,224,235,15,11
10211,81,96,300,312,15,12
10212,95,115,1,16,20,15
10213,119,136,336,349,17,13
10214,115,130,327,339,15,12
10215,105,121,93,105,16,12
10216,107,124,80,93,17,13
10217,97,109,172,181,12,9
10218,95,104,184,191,9,7
10219,146,183,98,125,37,27
10220,139,173,181,207,34,26
10221,127,148,182,198,21,16
10222,125,155,195,217,30,22
10223,99,125,265,285,26,20
10224,88,110,279,296,22,17
10225,59,71,155,164,12,9
10226,67,85,263,276,18,13
10227,94,114,74,89,20,15
10228,94,112,33,46,18,13
10229,129,154,267,286,25,19
10230,120,147,284,304,27,20
10231,123,148,297,316,25,19
10232,100,120,337,353,20,16
10233,101,120,324,338,19,14
10234,125,150,324,342,25,18
10235,132,161,220,242,29,22
10236,135,161,8,27,26,19
10237,132,154,39,55,22,16
10238,156,178,336,352,22,16
10239,138,169,275,299,31,24
10240,122,154,304,328,32,24
10241,151,175,325,343,24,18
10242,138,164,334,354,26,20
10243,104,127,337,355,23,18
10244,95,110,79,89,15,10
10245,96,110,73,83,14,10
10246,100,114,68,78,14,10
10247,83,105,291,307,22,16
10248,86,102,279,291,16,12
10249,137,154,16,30,17,14
10250,58,69,180,189,11,9
10251,73,95,257,273,22,16
10252,84,107,312,330,23,18
10253,79,106,336,357,27,21
10254,73,96,324,341,23,17
10255,56,71,286,297,15,11
10256,56,69,280,290,13,10
10257,66,81,1,12,15,11
10258,96,110,65,76,14,11
10259,92,109,77,90,17,13
10260,77,96,65,80,19,15
10261,74,88,58,68,14,10
10262,61,73,70,79,12,9
10263,61,70,79,86,9,7
10264,64,79,225,236,15,11
10265,65,76,233,242,11,9
10266,58,66,197,203,8,6
10267,140,170,69,91,30,22
10268,95,105,234,241,10,7
10269,148,193,196,229,45,33
10270,116,141,173,192,25,19
10271,112,139,186,206,27,20
10272,114,140,214,234,26,20
10273,112,138,229,248,26,19
10274,105,126,153,169,21,16
10275,101,123,202,219,22,17
10276,121,144,304,322,23,18
10277,118,142,292,309,24,17
10278,211,239,74,94,28,20
10279,100,126,321,341,26,20
10280,98,122,305,323,24,18
10281,83,103,340,355,20,15
10282,85,104,273,287,19,14
10283,173,201,8,29,28,21
10284,157,174,94,107,17,13
10285,139,159,89,103,20,14
10286,118,127,162,169,9,7
10287,117,124,183,189,7,6
10288,121,129,283,289,8,6
10289,105,138,326,350,33,24
10290,100,133,307,331,33,24
10291,88,107,287,301,19,14
10292,87,108,334,350,21,16
10293,66,84,237,251,18,14
10294,40,58,177,191,18,14
10295,78,98,268,283,20,15
10296,66,84,231,245,18,14
10297,51,62,172,180,11,8
10298,102,130,5,25,28,20
10299,50,61,144,152,11,8
10300,149,175,259,278,26,19
10301,147,173,153,173,26,20
10302,148,168,100,115,20,15
10303,147,168,8,24,21,16
10304,130,154,45,63,24,18
10305,123,146,62,79,23,17
10306,115,133,324,338,18,14
10307,133,152,33,48,19,15
10308,131,151,22,38,20,16
10309,97,104,224,229,7,5
10310,134,164,280,303,30,23
10311,115,138,187,204,23,17
10312,117,143,173,193,26,20
10313,97,114,6,19,17,13
10314,135,158,200,217,23,17
10315,117,132,44,56,15,12
10316,111,125,54,64,14,10
10317,97,104,240,246,7,6
10318,96,105,222,229,9,7
10319,95,106,209,217,11,8
10320,112,128,336,347,16,11
10321,81,110,285,306,29,21
10322,102,137,52,78,35,26
10323,41,51,256,263,10,7
10324,44,56,280,289,12,9
10325,44,56,138,148,12,10
10326,178,230,120,159,52,39
10327,189,221,63,87,32,24
10328,209,234,60,78,25,18
10329,90,102,250,260,12,10
10330,87,94,47,53,7,6
10331,83,90,43,47,7,4
10332,131,152,41,57,21,16
10333,127,150,7,24,23,17
10334,171,202,320,343,31,23
10335,133,158,290,308,25,18
10336,117,137,300,314,20,14
10337,61,80,229,244,19,15
10338,44,60,200,212,16,12
10339,149,178,200,222,29,22
10340,142,168,153,173,26,20
10341,124,145,61,77,21,16
10342,95,102,242,248,7,6
10343,149,171,4,21,22,17
10344,73,100,266,287,27,21
10345,68,87,290,304,19,14
10346,90,115,300,318,25,18
10347,62,83,-1,15,21,16
10348,67,86,320,335,19,15
10349,66,88,304,321,22,17
10350,199,232,51,76,33,25
10351,202,234,39,63,32,24
10352,211,238,110,130,27,20
10353,116,136,44,59,20,15
10354,145,167,301,318,22,17
10355,122,156,295,321,34,26
10356,126,159,257,282,33,25
10357,132,165,99,123,33,24
10358,205,239,106,131,34,25
10359,79,103,246,264,24,18
10360,90,115,263,282,25,19
10361,83,108,278,297,25,19
10362,93,124,324,348,31,24
10363,75,107,308,332,32,24
10364,28,41,81,91,13,10
10365,119,141,73,89,22,16
10366,208,236,7,29,28,22
10367,115,129,46,58,14,12
10368,103,120,157,170,17,13
10369,97,110,191,201,13,10
10370,126,154,329,350,28,21
10371,113,135,205,221,22,16
10372,115,139,170,189,24,19
10373,158,188,304,326,30,22
10374,135,165,300,322,30,22
10375,134,163,275,297,29,22
10376,127,154,262,282,27,20
10377,115,135,288,303,20,15
10378,127,154,246,266,27,20
10379,107,128,113,129,21,16
10380,101,117,79,91,16,12
10381,108,132,259,277,24,18
10382,114,134,247,263,20,16
10383,115,139,235,253,24,18
10384,86,105,318,332,19,14
10385,85,98,335,345,13,10
10386,96,124,337,358,28,21
10387,83,105,307,324,22,17
10388,73,93,338,353,20,15
10389,57,73,291,303,16,12
10390,56,70,283,293,14,10
10391,89,110,280,296,21,16
10392,85,106,45,61,21,16
10393,58,71,154,164,13,10
10394,60,71,146,154,11,8
10395,64,82,264,277,18,13
10396,78,104,340,359,26,19
10397,80,94,82,92,14,10
10398,66,78,76,85,12,9
10399,64,78,81,91,14,10
10400,78,98,52,66,20,14
10401,139,173,17,42,34,25
10402,137,161,9,27,24,18
10403,183,230,94,129,47,35
10404,192,235,73,106,43,33
10405,100,109,213,220,9,7
10406,97,108,203,212,11,9
10407,102,116,147,157,14,10
10408,210,238,1,22,28,21
10409,217,237,30,45,20,15
10410,215,238,48,66,23,18
10411,134,168,159,185,34,26
10412,114,145,133,157,31,24
10413,94,111,1,14,17,13
10414,161,178,25,39,17,14
10415,160,178,15,29,18,14
10416,112,141,221,243,29,22
10417,105,125,84,99,20,15
10418,102,120,3,16,18,13
10419,121,144,41,59,23,18
10420,125,159,300,326,34,26
10421,84,103,277,291,19,14
10422,139,172,113,138,33,25
10423,117,138,112,127,21,15
10424,116,142,96,116,26,20
10425,89,109,260,275,20,15
10426,91,110,283,298,19,15
10427,105,129,33,52,24,19
10428,71,95,288,306,24,18
10429,58,77,295,310,19,15
10430,107,132,12,31,25,19
10431,56,68,24,33,12,9
10432,158,208,48,86,50,38
10433,76,105,215,237,29,22
10434,44,60,204,216,16,12
10435,67,86,307,322,19,15
10436,144,169,206,226,25,20
10437,141,173,183,207,32,24
10438,140,164,135,153,24,18
10439,148,172,51,70,24,19
10440,147,164,40,52,17,12
10441,134,149,35,45,15,10
10442,134,147,43,54,13,11
10443,132,147,54,65,15,11
10444,95,106,235,244,11,9
10445,95,105,228,236,10,8
10446,118,136,316,330,18,14
10447,116,129,114,124,13,10
10448,56,71,279,291,15,12
10449,98,117,300,314,19,14
10450,100,122,282,298,22,16
10451,47,59,210,219,12,9
10452,61,77,208,221,16,13
10453,198,234,294,321,36,27
10454,99,114,70,81,15,11
10455,77,92,74,85,15,11
10456,78,92,65,76,14,11
10457,44,58,201,211,14,10
10458,103,145,322,353,42,31
10459,39,58,174,189,19,15
10460,64,80,56,68,16,12
10461,64,83,41,56,19,15
10462,99,124,234,253,25,19
10463,58,80,227,243,22,16
10464,72,89,249,262,17,13
10465,57,69,204,213,12,9
10466,76,102,282,302,26,20
10467,64,86,35,52,22,17
10468,122,157,73,100,35,27
10469,129,166,332,361,37,29
10470,86,108,68,84,22,16
10471,89,105,57,69,16,12
10472,67,80,117,126,13,9
10473,68,80,109,119,12,10
10474,193,236,195,228,43,33
10475,60,90,178,200,30,22
10476,133,179,18,52,46,34
10477,40,56,176,188,16,12
10478,41,54,171,180,13,9
10479,28,39,88,96,11,8
10480,67,90,322,339,23,17
10481,45,55,280,287,10,7
10482,65,81,273,285,16,12
10483,62,76,80,90,14,10
10484,81,107,272,291,26,19
10485,152,193,121,152,41,31
10486,183,230,93,128,47,35
10487,193,238,107,140,45,33
10488,203,237,322,347,34,25
10489,73,98,285,303,25,18
10490,189,239,124,161,50,37
10491,93,105,221,230,12,9
10492,100,111,270,278,11,8
10493,104,112,289,295,8,6
10494,103,139,313,340,36,27
10495,73,96,275,292,23,17
10496,74,95,290,306,21,16
10497,109,153,4,37,44,33
10498,95,133,35,64,38,29
10499,58,78,9,24,20,15
10500,82,105,316,333,23,17
10501,62,83,285,301,21,16
10502,63,86,295,313,23,18
10503,83,107,279,298,24,19
10504,70,95,335,354,25,19
10505,65,83,314,327,18,13
10506,65,93,217,239,28,22
10507,76,96,201,216,20,15
10508,76,103,187,208,27,21
10509,68,102,144,169,34,25
10510,68,95,114,135,27,21
10511,62,90,98,119,28,21
10512,63,91,71,92,28,21
10513,76,99,64,81,23,17
10514,33,48,74,85,15,11
10515,75,99,32,50,24,18
10516,148,171,202,220,23,18
10517,137,164,183,204,27,21
10518,143,178,276,302,35,26
10519,155,180,101,120,25,19
10520,142,168,87,107,26,20
10521,142,171,68,89,29,21
10522,143,174,12,35,31,23
10523,142,166,34,53,24,19
10524,107,117,129,137,10,8
10525,97,107,241,248,10,7
10526,146,161,37,48,15,11
10527,51,66,234,245,15,11
10528,99,137,312,340,38,28
10529,85,115,276,298,30,22
10530,94,130,195,222,36,27
10531,85,122,141,168,37,27
10532,79,106,124,144,27,20
10533,64,87,22,39,23,17
10534,69,92,-1,17,23,18
10535,121,137,77,89,16,12
10536,112,134,20,37,22,17
10537,107,128,39,55,21,16
10538,110,121,124,132,11,8
10539,115,147,36,60,32,24
10540,71,88,282,295,17,13
10541,89,121,290,314,32,24
10542,59,80,278,293,21,15
10543,51,70,235,249,19,14
10544,59,85,197,216,26,19
10545,115,151,18,45,36,27
10546,60,78,295,308,18,13
10547,47,62,286,297,15,11
10548,47,63,275,286,16,11
10549,41,54,92,101,13,9
10550,99,140,332,363,41,31
10551,74,99,9,27,25,18
10552,62,85,276,294,23,18
10553,135,168,324,349,33,25
10554,113,139,319,339,26,20
10555,95,117,333,350,22,17
10556,92,107,278,290,15,12
10557,85,105,266,280,20,14
10558,79,95,278,290,16,12
10559,88,111,66,83,23,17
10560,59,73,169,179,14,10
10561,56,66,137,145,10,8
10562,72,91,255,269,19,14
10563,162,212,267,304,50,37
10564,67,85,48,62,18,14
10565,68,86,22,36,18,14
10566,70,84,40,51,14,11
10567,67,85,31,45,18,14
10568,86,104,63,76,18,13
10569,85,104,74,88,19,14
10570,64,73,81,88,9,7
10571,64,74,77,84,10,7
10572,64,75,71,79,11,8
10573,55,80,275,294,25,19
10574,188,236,289,325,48,36
10575,88,103,88,99,15,11
10576,88,107,264,278,19,14
10577,81,103,225,241,22,16
10578,79,102,199,216,23,17
10579,86,104,181,194,18,13
10580,88,106,287,301,18,14
10581,87,107,274,289,20,15
10582,86,122,163,190,36,27
10583,53,68,281,293,15,12
10584,110,127,81,94,17,13
10585,110,135,41,60,25,19
10586,119,138,11,25,19,14
10587,116,137,25,41,21,16
10588,118,131,331,341,13,10
10589,114,127,324,334,13,10
10590,110,121,320,328,11,8
10591,139,159,46,62,20,16
10592,140,162,33,50,22,17
10593,100,126,303,323,26,20
10594,87,107,315,330,20,15
10595,77,95,284,297,18,13
10596,69,83,279,289,14,10
10597,68,87,263,278,19,15
10598,82,109,108,128,27,20
10599,81,100,255,269,19,14
10600,76,93,261,274,17,13
10601,76,94,281,295,18,14
10602,87,106,297,311,19,14
10603,114,146,326,350,32,24
10604,147,167,135,150,20,15
10605,132,150,23,37,18,14
10606,127,151,59,76,24,17
10607,138,161,6,23,23,17
10608,95,105,217,225,10,8
10609,92,103,227,236,11,9
10610,113,128,120,131,15,11
10611,100,129,193,215,29,22
10612,93,121,177,198,28,21
10613,85,115,298,321,30,23
10614,54,71,278,291,17,13
10615,90,110,330,345,20,15
10616,68,93,333,351,25,18
10617,137,167,313,336,30,23
10618,143,178,297,323,35,26
10619,105,129,326,344,24,18
10620,171,208,242,270,37,28
10621,116,136,172,187,20,15
10622,102,127,138,157,25,19
10623,99,113,67,78,14,11
10624,134,157,265,282,23,17
10625,129,154,277,296,25,19
10626,131,156,289,309,25,20
10627,117,137,262,277,20,15
10628,185,234,257,294,49,37
10629,143,178,301,327,35,26
10630,143,178,283,309,35,26
10631,142,172,270,292,30,22
10632,134,168,255,281,34,26
10633,133,166,236,261,33,25
10634,107,130,327,344,23,17
10635,114,135,305,321,21,16
10636,103,124,107,123,21,16
10637,95,117,92,109,22,17
10638,99,116,81,94,17,13
10639,85,112,299,319,27,20
10640,63,85,302,318,22,16
10641,62,83,312,328,21,16
10642,72,95,337,355,23,18
10643,51,66,277,288,15,11
10644,153,203,45,83,50,38
10645,88,108,68,83,20,15
10646,53,73,22,37,20,15
10647,62,76,-1,10,14,11
10648,62,83,245,261,21,16
10649,116,142,57,77,26,20
10650,165,197,325,349,32,24
10651,145,171,309,329,26,20
10652,116,144,142,163,28,21
10653,107,131,3,21,24,18
10654,83,105,286,303,22,17
10655,78,98,314,329,20,15
10656,139,168,274,296,29,22
10657,132,175,249,282,43,33
10658,137,168,303,326,31,23
10659,117,148,155,179,31,24
10660,115,134,112,126,19,14
10661,110,134,129,147,24,18
10662,107,131,138,155,24,17
10663,104,122,150,164,18,14
10664,120,146,324,345,26,21
10665,146,195,327,364,49,37
10666,54,77,200,217,23,17
10667,56,68,174,184,12,10
10668,76,95,76,90,19,14
10669,100,117,8,21,17,13
10670,83,101,317,331,18,14
10671,80,95,306,317,15,11
10672,93,124,317,340,31,23
10673,90,126,296,323,36,27
10674,41,51,24,32,10,8
10675,166,214,145,181,48,36
10676,200,231,180,203,31,23
10677,186,212,195,215,26,20
10678,146,169,60,78,23,18
10679,126,149,157,175,23,18
10680,131,148,137,150,17,13
10681,147,172,136,154,25,18
10682,138,164,100,120,26,20
10683,144,165,70,86,21,16
10684,147,170,47,64,23,17
10685,137,152,46,58,15,12
10686,137,161,30,47,24,17
10687,136,154,18,32,18,14
10688,119,139,315,330,20,15
10689,109,134,260,279,25,19
10690,91,117,71,90,26,19
10691,98,126,36,57,28,21
10692,72,98,256,275,26,19
10693,77,101,270,288,24,18
10694,96,122,302,321,26,19
10695,98,130,320,344,32,24
10696,40,53,255,265,13,10
10697,63,76,78,87,13,9
10698,66,78,74,83,12,9
10699,87,124,322,351,37,29
10700,73,99,24,43,26,19
10701,68,93,39,57,25,18
10702,38,54,175,187,16,12
10703,68,85,316,330,17,14
10704,76,98,332,349,22,17
10705,83,105,323,340,22,17
10706,46,58,279,288,12,9
10707,160,208,101,137,48,36
10708,188,230,38,69,42,31
10709,200,232,17,41,32,24
10710,163,200,15,43,37,28
10711,164,193,49,71,29,22
10712,80,98,291,305,18,14
10713,68,84,265,277,16,12
10714,94,113,53,68,19,15
10715,109,132,302,320,23,18
10716,134,157,8,25,23,17
10717,178,225,54,89,47,35
10718,185,232,27,62,47,35
10719,156,185,127,149,29,22
10720,210,236,50,70,26,20
10721,85,100,75,86,15,11
10722,78,90,60,68,12,8
10723,71,85,68,78,14,10
10724,70,83,77,87,13,10
10725,151,183,60,84,32,24
10726,129,159,271,293,30,22
10727,135,159,287,305,24,18
10728,124,148,303,321,24,18
10729,120,137,293,305,17,12
10730,195,230,73,99,35,26
10731,103,134,294,317,31,23
10732,79,101,260,276,22,16
10733,99,119,185,200,20,15
10734,140,173,158,183,33,25
10735,128,161,280,305,33,25
10736,137,169,198,222,32,24
10737,159,208,162,199,49,37
10738,167,207,143,173,40,30
10739,164,205,112,142,41,30
10740,176,217,86,117,41,31
10741,137,173,30,58,36,28
10742,189,231,29,60,42,31
10743,78,94,103,115,16,12
10744,52,64,199,208,12,9
10745,112,141,18,39,29,21
10746,95,122,279,299,27,20
10747,133,165,317,341,32,24
10748,103,124,329,345,21,16
10749,126,144,334,348,18,14
10750,62,73,220,228,11,8
10751,67,80,70,80,13,10
10752,71,80,65,72,9,7
10753,63,78,239,251,15,12
10754,156,203,68,103,47,35
10755,192,235,266,299,43,33
10756,148,171,295,312,23,17
10757,145,170,80,99,25,19
10758,119,137,66,79,18,13
10759,115,134,321,335,19,14
10760,90,113,233,250,23,17
10761,95,120,255,274,25,19
10762,92,107,273,284,15,11
10763,99,119,59,74,20,15
10764,105,121,36,48,16,12
10765,103,123,18,33,20,15
10766,176,216,210,240,40,30
10767,149,195,160,195,46,35
10768,174,221,135,170,47,35
10769,184,229,3,37,45,34
10770,49,68,280,295,19,15
10771,198,238,256,286,40,30
10772,95,129,310,335,34,25
10773,53,67,50,61,14,11
10774,45,58,71,80,13,9
10775,46,58,65,75,12,10
10776,130,168,303,331,38,28
10777,186,222,131,159,36,28
10778,209,235,120,139,26,19
10779,90,106,243,254,16,11
10780,183,232,311,348,49,37
10781,76,101,17,36,25,19
10782,76,100,5,23,24,18
10783,58,77,19,34,19,15
10784,101,124,68,85,23,17
10785,120,152,129,154,32,25
10786,124,156,112,136,32,24
10787,105,126,41,57,21,16
10788,155,184,251,273,29,22
10789,149,181,299,323,32,24
10790,124,151,74,94,27,20
10791,124,152,25,46,28,21
10792,122,151,5,26,29,21
10793,154,183,325,347,29,22
10794,161,203,208,239,42,31
10795,151,197,170,205,46,35
10796,192,236,121,154,44,33
10797,173,208,103,129,35,26
10798,115,140,329,348,25,19
10799,188,232,52,85,44,33
10800,86,100,238,248,14,10
10801,88,102,232,242,14,10
10802,151,176,216,234,25,18
10803,147,172,200,218,25,18
10804,118,134,226,238,16,12
10805,153,178,160,179,25,19
10806,147,174,173,193,27,20
10807,143,172,184,206,29,22
10808,144,165,32,48,21,16
10809,144,161,46,58,17,12
10810,140,165,164,183,25,19
10811,142,171,132,154,29,22
10812,133,167,100,126,34,26
10813,139,165,54,74,26,20
10814,129,160,32,55,31,23
10815,146,171,211,229,25,18
10816,149,180,243,266,31,23
10817,151,176,273,291,25,18
10818,158,197,304,333,39,29
10819,107,131,112,130,24,18
10820,120,156,314,341,36,27
10821,166,190,251,269,24,18
10822,198,233,222,248,35,26
10823,175,200,234,253,25,19
10824,192,226,245,271,34,26
10825,186,225,263,292,39,29
10826,110,137,285,305,27,20
10827,129,154,331,349,25,18
10828,96,115,334,348,19,14
10829,110,124,324,335,14,11
10830,112,137,227,245,25,18
10831,89,111,64,80,22,16
10832,83,104,282,297,21,15
10833,76,108,121,146,32,25
10834,76,107,62,85,31,23
10835,117,157,243,274,40,31
10836,64,90,225,244,26,19
10837,144,173,168,190,29,22
10838,147,173,146,165,26,19
10839,146,178,265,289,32,24
10840,151,180,311,332,29,21
10841,150,181,4,28,31,24
10842,117,134,63,76,17,13
10843,106,123,53,66,17,13
10844,200,230,269,291,30,22
10845,203,237,297,322,34,25
10846,150,182,293,317,32,24
10847,147,176,274,296,29,22
10848,113,135,125,141,22,16
10849,195,235,51,81,40,30
10850,114,137,176,194,23,18
10851,179,222,13,45,43,32
10852,76,105,311,333,29,22
10853,72,90,249,263,18,14
10854,100,125,249,267,25,18
10855,131,175,131,164,44,33
10856,115,150,113,140,35,27
10857,93,126,32,57,33,25
10858,80,111,301,324,31,23
10859,153,181,305,326,28,21
10860,156,192,313,340,36,27
10861,136,159,268,285,23,17
10862,134,155,282,298,21,16
10863,116,133,174,187,17,13
10864,117,138,215,231,21,16
10865,124,151,198,218,27,20
10866,117,142,257,276,25,19
10867,139,166,291,311,27,20
10868,195,234,150,179,39,29
10869,139,166,240,261,27,21
10870,200,234,295,321,34,26
10871,130,163,153,177,33,24
10872,193,238,76,110,45,34
10873,137,164,11,31,27,20
10874,93,112,239,254,19,15
10875,98,136,225,253,38,28
10876,183,231,312,348,48,36
10877,90,122,178,201,32,23
10878,80,109,281,303,29,22
10879,39,58,156,170,19,14
10880,111,135,227,246,24,19
10881,115,134,272,286,19,14
10882,112,131,259,273,19,14
10883,141,183,201,232,42,31
10884,174,213,186,216,39,30
10885,195,232,118,146,37,28
10886,172,203,104,128,31,24
10887,167,191,91,109,24,18
10888,191,232,52,83,41,31
10889,188,217,25,47,29,22
10890,207,236,35,57,29,22
10891,90,103,239,249,13,10
10892,85,102,245,258,17,13
10893,122,157,1,27,35,26
10894,147,180,50,74,33,24
10895,142,166,32,50,24,18
10896,156,185,9,31,29,22
10897,157,189,24,48,32,24
10898,153,208,141,183,55,42
10899,177,218,98,128,41,30
10900,144,187,39,71,43,32
10901,171,220,2,39,49,37
10902,88,121,199,224,33,25
10903,97,127,274,297,30,23
10904,76,98,261,278,22,17
10905,76,105,10,33,29,23
10906,64,91,314,334,27,20
10907,68,95,329,349,27,20
10908,115,141,167,187,26,20
10909,194,237,187,219,43,32
10910,155,188,255,279,33,24
10911,178,218,256,286,40,30
10912,168,210,283,314,42,31
10913,93,131,95,124,38,29
10914,114,147,304,329,33,25
10915,63,94,236,260,31,24
10916,81,110,316,338,29,22
10917,85,113,300,321,28,21
10918,105,139,321,346,34,25
10919,83,98,322,333,15,11
10920,177,216,179,209,39,30
10921,170,200,168,191,30,23
10922,181,206,213,233,25,20
10923,205,233,210,232,28,22
10924,120,146,246,265,26,19
10925,114,135,163,179,21,16
10926,123,156,319,344,33,25
10927,208,231,7,25,23,18
10928,213,236,53,70,23,17
10929,108,141,104,128,33,24
10930,166,221,242,283,55,41
10931,160,203,296,328,43,32
10932,132,161,314,335,29,21
10933,117,146,298,320,29,22
10934,88,105,274,287,17,13
10935,83,100,286,298,17,12
10936,137,169,324,349,32,25
10937,116,146,201,224,30,23
10938,115,151,19,47,36,28
10939,112,134,333,350,22,17
10940,147,171,43,61,24,18
10941,139,163,28,46,24,18
10942,178,219,249,280,41,31
10943,198,231,231,256,33,25
10944,176,222,189,224,46,35
10945,167,193,210,229,26,19
10946,168,218,187,224,50,37
10947,137,168,112,135,31,23
10948,146,174,287,308,28,21
10949,153,183,310,332,30,22
10950,143,159,76,88,16,12
10951,146,173,4,25,27,21
10952,144,163,29,43,19,14
10953,146,164,47,61,18,14
10954,144,161,56,69,17,13
10955,143,161,38,51,18,13
10956,80,100,201,216,20,15
10957,83,104,188,204,21,16
10958,78,100,259,276,22,17
10959,110,146,222,248,36,26
10960,93,132,245,275,39,30
10961,94,112,236,249,18,13
10962,141,175,284,310,34,26
10963,130,156,320,339,26,19
10964,151,186,325,351,35,26
10965,107,126,116,130,19,14
10966,113,133,141,156,20,15
10967,113,134,159,175,21,16
10968,138,164,264,283,26,19
10969,137,165,246,268,28,22
10970,142,176,269,295,34,26
10971,96,122,108,128,26,20
10972,93,122,132,154,29,22
10973,98,120,24,41,22,17
10974,98,120,12,28,22,16
10975,186,231,222,256,45,34
10976,210,236,200,220,26,20
10977,144,183,62,92,39,30
10978,156,198,40,71,42,31
10979,148,185,15,43,37,28
10980,134,159,2,21,25,19
10981,152,191,2,31,39,29
10982,199,235,285,313,36,28
10983,172,203,306,329,31,23
10984,153,185,324,348,32,24
10985,100,122,95,112,22,17
10986,115,139,28,45,24,17
10987,200,237,89,116,37,27
10988,208,237,70,91,29,21
10989,169,208,297,325,39,28
10990,137,166,317,339,29,22
10991,186,236,297,335,50,38
10992,79,102,214,232,23,18
10993,97,129,263,288,32,25
10994,62,88,221,240,26,19
10995,107,153,56,90,46,34
10996,84,117,326,350,33,24
10997,159,178,12,27,19,15
10998,184,209,7,25,25,18
10999,137,168,261,283,31,22
11000,135,163,247,267,28,20
11001,115,142,161,182,27,21
11002,102,128,144,163,26,19
11003,105,132,129,149,27,20
11004,134,178,316,349,44,33
11005,145,180,223,250,35,27
11006,139,168,124,145,29,21
11007,132,160,33,54,28,21
11008,140,177,177,204,37,27
11009,168,212,140,173,44,33
11010,132,171,258,287,39,29
11011,184,230,2,36,46,34
11012,139,179,91,121,40,30
11013,89,121,302,326,32,24
11014,140,172,112,136,32,24
11015,151,182,299,322,31,23
11016,142,165,293,310,23,17
11017,95,112,281,293,17,12
11018,88,110,259,275,22,16
11019,90,107,244,256,17,12
11020,88,107,230,243,19,13
11021,105,122,27,40,17,13
11022,96,112,85,97,16,12
11023,79,105,55,74,26,19
11024,82,114,276,300,32,24
11025,74,100,303,322,26,19
11026,120,143,180,198,23,18
11027,110,131,171,187,21,16
11028,113,135,264,281,22,17
11029,112,132,253,268,20,15
11030,144,161,71,83,17,12
11031,144,164,93,109,20,16
11032,93,129,322,349,36,27
11033,198,234,180,208,36,28
11034,134,168,307,332,34,25
11035,102,124,323,340,22,17
11036,120,139,290,305,19,15
11037,139,164,284,303,25,19
11038,102,125,87,105,23,18
11039,164,210,96,131,46,35
11040,104,132,300,321,28,21
11041,90,106,256,268,16,12
11042,212,236,329,347,24,18
11043,127,165,190,219,38,29
11044,129,161,175,199,32,24
11045,130,160,134,156,30,22
11046,130,159,120,142,29,22
11047,128,168,320,350,40,30
11048,116,146,1,24,30,23
11049,99,127,17,38,28,21
11050,112,137,309,327,25,18
11051,142,174,162,186,32,24
11052,149,168,65,80,19,15
11053,146,164,76,89,18,13
11054,142,162,220,235,20,15
11055,154,179,223,242,25,19
11056,214,236,279,295,22,16
11057,147,169,52,68,22,16
11058,141,159,201,215,18,14
11059,71,90,298,312,19,14
11060,69,89,309,324,20,15
11061,161,208,109,145,47,36
11062,111,146,14,40,35,26
11063,83,114,260,283,31,23
11064,173,214,238,269,41,31
11065,190,225,115,142,35,27
11066,208,234,41,60,26,19
11067,116,137,144,159,21,15
11068,127,154,154,175,27,21
11069,110,129,168,183,19,15
11070,142,170,251,272,28,21
11071,164,209,291,325,45,34
11072,135,166,289,312,31,23
11073,136,168,325,349,32,24
11074,116,135,333,347,19,14
11075,95,115,86,101,20,15
11076,151,186,225,252,35,27
11077,133,162,187,209,29,22
11078,149,177,254,275,28,21
11079,194,230,278,304,36,26
11080,133,166,152,176,33,24
11081,123,153,6,28,30,22
11082,114,134,61,76,20,15
11083,119,137,52,65,18,13
11084,137,165,199,220,28,21
11085,152,192,224,254,40,30
11086,154,181,271,291,27,20
11087,161,189,280,301,28,21
11088,151,181,298,321,30,23
11089,159,189,328,351,30,23
11090,132,163,0,23,31,23
11091,122,141,96,110,19,14
11092,122,142,85,99,20,14
11093,133,156,169,186,23,17
11094,138,161,180,198,23,18
11095,100,115,134,146,15,12
11096,112,130,51,65,18,14
11097,78,111,280,304,33,24
11098,200,232,4,29,32,25
11099,91,118,318,338,27,20
11100,73,101,296,316,28,20
11101,110,144,119,144,34,25
11102,99,134,52,79,35,27
11103,83,111,124,145,28,21
11104,84,122,151,180,38,29
11105,71,102,326,349,31,23
11106,54,73,296,310,19,14
11107,95,121,181,201,26,20
11108,104,137,163,188,33,25
11109,95,127,105,130,32,25
11110,98,128,18,40,30,22
11111,105,137,211,235,32,24
11112,91,110,231,246,19,15
11113,94,126,238,262,32,24
11114,82,107,255,274,25,19
11115,83,112,267,288,29,21
11116,61,83,278,294,22,16
11117,83,103,233,249,20,16
11118,89,109,275,289,20,14
11119,88,109,287,302,21,15
11120,85,108,68,85,23,17
11121,86,107,54,69,21,15
11122,108,134,129,149,26,20
11123,100,120,83,98,20,15
11124,130,163,243,268,33,25
11125,149,181,319,343,32,24
11126,137,170,300,325,33,25
11127,117,146,319,340,29,21
11128,139,171,269,293,32,24
11129,139,171,282,307,32,25
11130,97,117,103,118,20,15
11131,61,79,283,296,18,13
11132,68,92,318,335,24,17
11133,58,76,308,321,18,13
11134,139,171,46,70,32,24
11135,141,167,34,54,26,20
11136,117,138,48,64,21,16
11137,117,142,60,79,25,19
11138,85,104,142,155,19,13
11139,98,119,159,175,21,16
11140,97,120,179,197,23,18
11141,98,120,231,248,22,17
11142,104,127,286,303,23,17
11143,101,127,304,324,26,20
11144,82,105,64,81,23,17
11145,83,125,258,289,42,31
11146,83,106,313,330,23,17
11147,82,102,326,341,20,15
11148,58,80,9,26,22,17
11149,90,128,312,341,38,29
11150,81,104,304,321,23,17
11151,93,122,20,42,29,22
11152,54,76,11,27,22,16
11153,55,77,0,17,22,17
11154,56,78,319,336,22,17
11155,102,122,229,244,20,15
11156,119,155,275,303,36,28
11157,156,199,198,230,43,32
11158,176,205,173,194,29,21
11159,162,186,165,183,24,18
11160,125,160,264,290,35,26
11161,112,136,295,313,24,18
11162,120,149,319,341,29,22
11163,111,123,329,338,12,9
11164,91,110,51,65,19,14
11165,83,105,298,315,22,17
11166,87,112,311,330,25,19
11167,53,74,288,304,21,16
11168,53,73,253,268,20,15
11169,53,73,302,317,20,15
11170,197,236,11,40,39,29
11171,68,93,309,327,25,18
11172,52,71,288,302,19,14
11173,195,237,51,82,42,31
11174,120,146,27,46,26,19
11175,117,146,38,59,29,21
11176,113,140,49,69,27,20
11177,117,137,62,77,20,15
11178,117,146,71,92,29,21
11179,77,100,271,289,23,18
11180,82,113,303,326,31,23
11181,96,128,325,349,32,24
11182,96,124,62,83,28,21
11183,78,107,74,97,29,23
11184,68,87,58,73,19,15
11185,112,129,278,290,17,12
11186,112,134,261,278,22,17
11187,88,105,282,294,17,12
11188,87,107,305,321,20,16
11189,134,155,102,117,21,15
11190,86,109,233,250,23,17
11191,85,105,209,223,20,14
11192,102,127,3,21,25,18
11193,134,159,42,61,25,19
11194,36,53,202,215,17,13
11195,61,85,296,315,24,19
11196,70,92,318,334,22,16
11197,139,165,266,285,26,19
11198,139,159,280,294,20,14
11199,144,171,284,305,27,21
11200,115,134,315,330,19,15
11201,100,117,110,123,17,13
11202,110,126,123,135,16,12
11203,100,120,85,100,20,15
11204,88,102,37,47,14,10
11205,110,129,253,268,19,15
11206,137,161,308,327,24,19
11207,188,236,1,36,48,35
11208,85,117,324,348,32,24
11209,94,118,203,221,24,18
11210,85,102,232,244,17,12
11211,85,106,243,259,21,16
11212,88,107,259,273,19,14
11213,90,109,270,284,19,14
11214,93,109,335,348,16,13
11215,96,115,276,291,19,15
11216,87,106,212,227,19,15
11217,91,113,152,169,22,17
11218,95,115,292,307,20,15
11219,95,113,312,326,18,14
11220,94,113,259,274,19,15
11221,89,112,273,290,23,17
11222,164,203,8,37,39,29
11223,144,168,25,43,24,18
11224,135,161,118,137,26,19
11225,126,156,131,154,30,23
11226,159,188,67,88,29,21
11227,120,148,58,80,28,22
11228,177,211,2,28,34,26
11229,134,169,300,326,35,26
11230,118,147,4,26,29,22
11231,107,128,225,240,21,15
11232,134,154,51,66,20,15
11233,82,98,258,270,16,12
11234,90,114,138,155,24,17
11235,69,89,321,336,20,15
11236,54,76,280,297,22,17
11237,61,76,291,302,15,11
11238,49,61,271,279,12,8
11239,162,199,138,166,37,28
11240,112,133,88,104,21,16
11241,202,237,45,72,35,27
11242,90,108,259,272,18,13
11243,92,109,273,286,17,13
11244,83,99,257,270,16,13
11245,78,105,248,269,27,21
11246,66,90,306,324,24,18
11247,68,91,318,335,23,17
11248,151,193,278,310,42,32
11249,177,222,303,336,45,33
11250,110,142,297,321,32,24
11251,104,127,297,314,23,17
11252,116,139,224,242,23,18
11253,154,183,233,255,29,22
11254,148,173,158,177,25,19
11255,147,168,75,90,21,15
11256,148,174,50,70,26,20
11257,117,132,96,108,15,12
11258,118,150,305,329,32,24
11259,148,183,264,290,35,26
11260,125,149,267,285,24,18
11261,124,162,322,351,38,29
11262,101,121,336,350,20,14
11263,89,108,243,257,19,14
11264,87,102,255,267,15,12
11265,144,166,2,19,22,17
11266,141,171,35,58,30,23
11267,126,142,4,16,16,12
11268,132,159,190,209,27,19
11269,134,164,165,188,30,23
11270,139,168,147,170,29,23
11271,136,164,70,91,28,21
11272,128,154,43,63,26,20
11273,126,143,74,87,17,13
11274,154,190,324,351,36,27
11275,36,56,267,283,20,16
11276,216,238,316,333,22,17
11277,197,220,316,333,23,17
11278,194,237,199,231,43,32
11279,181,238,235,278,57,43
11280,181,232,278,317,51,39
11281,57,72,115,126,15,11
11282,53,73,101,116,20,15
11283,97,129,205,230,32,25
11284,88,113,176,195,25,19
11285,99,125,149,169,26,20
11286,40,55,193,205,15,12
11287,85,106,327,342,21,15
